2 0.
3 0.036
5 0.008
7 0.02
9 0.107
11 0.064
13 0.091
15 0.14
17 0.172
19 0.235
21 0.308
23 0.391
25 0.451
27 0.568
29 0.667
31 0.819
33 0.895
35 1.088
37 1.235
39 1.484
41 1.744
43 1.915
45 2.196
47 2.484
49 2.58
51 2.984
53 3.26
55 3.708
57 4.003
59 4.44
61 4.868
63 5.443
65 5.564
67 6.164
69 6.731
71 7.547
73 8.288
75 9.131
77 9.908
79 10.82
81 10.828
83 11.728
85 12.732
87 13.883
89 14.46
91 15.911
93 16.908
95 18.188
97 18.195
99 19.623
101 20.747
103 22.135
105 23.376
107 24.84
109 26.195
111 28.171
113 28.519
115 30.72
117 32.488
119 34.639
121 36.024
123 38.247
125 40.192
127 42.175
129 42.984
131 45.235
133 47.567
135 50.163
137 51.323
139 54.079
141 56.795
143 59.995
145 61.364
147 64.96
149 67.076