2 0.004
3 0.004
5 0.004
7 0.016
9 0.008
11 0.004
13 0.008
15 0.007
17 0.008
19 0.008
21 0.008
23 0.008
25 0.012
27 0.019
29 0.012
31 0.016
33 0.011
35 0.016
37 0.016
39 0.032
41 0.016
43 0.019
45 0.02
47 0.044
49 0.019
51 0.028
53 0.02
55 0.02
57 0.024
59 0.02
61 0.024
63 0.024
65 0.032
67 0.027
69 0.027
71 0.035
73 0.027
75 0.027
77 0.032
79 0.027
81 0.052
83 0.032
85 0.048
87 0.032
89 0.035
91 0.032
93 0.035
95 0.044
97 0.035
99 0.06
101 0.036
103 0.06
105 0.039
107 0.059
109 0.044
111 0.043
113 0.047
115 0.044
117 0.06
119 0.044
121 0.044
123 0.059
125 0.044
127 0.059
129 0.059
131 0.051
133 0.056
135 0.068
137 0.052
139 0.064
141 0.072
143 0.059
145 0.056
147 0.064
149 0.076
151 0.068
153 0.056
155 0.08
157 0.088
159 0.091
161 0.08
163 0.064
165 0.064
167 0.072
169 0.076
171 0.079
173 0.076
175 0.08
177 0.071
179 0.071
181 0.076
183 0.076
185 0.079
187 0.071
189 0.079
191 0.076
193 0.083
195 0.079
197 0.084
199 0.087
201 0.1
203 0.1
205 0.099
207 0.1
209 0.1
211 0.103
213 0.108
215 0.088
217 0.107
219 0.091
221 0.096
223 0.1
225 0.099
227 0.095
229 0.1
231 0.103
233 0.1
235 0.1
237 0.103
239 0.107
241 0.103
243 0.108
245 0.107
247 0.107
249 0.108
251 0.112
253 0.111
255 0.115
257 0.119
259 0.111
261 0.115
263 0.115
265 0.128
267 0.115
269 0.128
271 0.12
273 0.119
275 0.12
277 0.123
279 0.119
281 0.123
283 0.128
285 0.128
287 0.128
289 0.124
291 0.128
293 0.128
295 0.128
297 0.132
299 0.128
301 0.131
303 0.143
305 0.14
307 0.14
309 0.14
311 0.136
313 0.147
315 0.147
317 0.152
319 0.152
321 0.155
323 0.147
325 0.147
327 0.147
329 0.16
331 0.152
333 0.152
335 0.152
337 0.156
339 0.148
341 0.152
343 0.147
345 0.152
347 0.148
349 0.156
351 0.151
353 0.152
355 0.159
357 0.176
359 0.171
361 0.168
363 0.171
365 0.167
367 0.176
369 0.171
371 0.184
373 0.172
375 0.164
377 0.18
379 0.167
381 0.167
383 0.171
385 0.171
387 0.167
389 0.176
391 0.172
393 0.171
395 0.188
397 0.18
399 0.176
401 0.188
403 0.179
405 0.188
407 0.184
409 0.208
411 0.187
413 0.191
415 0.192
417 0.212
419 0.215
421 0.2
423 0.188
425 0.187
427 0.2
429 0.2
431 0.195
433 0.2
435 0.195
437 0.192
439 0.195
441 0.207
443 0.207
445 0.212
447 0.215
449 0.203
451 0.207
453 0.207
455 0.215
457 0.224
459 0.223
461 0.227
463 0.227
465 0.239
467 0.243
469 0.232
471 0.224
473 0.224
475 0.224
477 0.212
479 0.219
481 0.219
483 0.219
485 0.227
487 0.224
489 0.231
491 0.239
493 0.231
495 0.232
497 0.232
499 0.224
501 0.231
503 0.236
505 0.239
507 0.239
509 0.259
511 0.26
513 0.256
515 0.252
517 0.251
519 0.268
521 0.251
523 0.243
525 0.243
527 0.256
529 0.256
531 0.243
533 0.263
535 0.256
537 0.248
539 0.264
541 0.252
543 0.264
545 0.26
547 0.256
549 0.268
551 0.283
553 0.267
555 0.268
557 0.283
559 0.264
561 0.304
563 0.272
565 0.276
567 0.276
569 0.263
571 0.28
573 0.263
575 0.287
577 0.268
579 0.287
581 0.276
583 0.283
585 0.271
587 0.292
589 0.28
591 0.295
593 0.296
595 0.284
597 0.307
599 0.287
601 0.316
603 0.32
605 0.323
607 0.3
609 0.316
611 0.304
613 0.311
615 0.311
617 0.307
619 0.324
621 0.307
623 0.319
625 0.312
627 0.311
629 0.336
631 0.328
633 0.328
635 0.34
637 0.352
639 0.336
641 0.352
643 0.372
645 0.343
647 0.34
649 0.331
651 0.343
653 0.347
655 0.34
657 0.352
659 0.347
661 0.348
663 0.344
665 0.348
667 0.352
669 0.364
671 0.34
673 0.348
675 0.36
677 0.347
679 0.359
681 0.34
683 0.367
685 0.367
687 0.379
689 0.352
691 0.347
693 0.352
695 0.392
697 0.391
699 0.371
701 0.372
703 0.379
705 0.371
707 0.372
709 0.379
711 0.379
713 0.372
715 0.412
717 0.379
719 0.395
721 0.403
723 0.412
725 0.415
727 0.384
729 0.391
731 0.407
733 0.392
735 0.396
737 0.4
739 0.407
741 0.388
743 0.4
745 0.4
747 0.4
749 0.395
751 0.436
753 0.431
755 0.427
757 0.436
759 0.419
761 0.403
763 0.419
765 0.416
767 0.436
769 0.427
771 0.419
773 0.411
775 0.42
777 0.436
779 0.427
781 0.427
783 0.46
785 0.448
787 0.451
789 0.475
791 0.432
793 0.451
795 0.44
797 0.451
799 0.427
801 0.447
803 0.439
805 0.451
807 0.431
809 0.451
811 0.459
813 0.456
815 0.475
817 0.479
819 0.487
821 0.475
823 0.475
825 0.451
827 0.48
829 0.472
831 0.471
833 0.472
835 0.48
837 0.479
839 0.479
841 0.48
843 0.504
845 0.496
847 0.463
849 0.52
851 0.512
853 0.491
855 0.487
857 0.472
859 0.492
861 0.487
863 0.5
865 0.5
867 0.492
869 0.5
871 0.5
873 0.528
875 0.532
877 0.54
879 0.536
881 0.512
883 0.515
885 0.528
887 0.516
889 0.512
891 0.519
893 0.512
895 0.524
897 0.52
899 0.548
901 0.536
903 0.543
905 0.551
907 0.535
909 0.524
911 0.536
913 0.532
915 0.531
917 0.536
919 0.543
921 0.54
923 0.536
925 0.54
927 0.567
929 0.572
931 0.571
933 0.576
935 0.548
937 0.543
939 0.552
941 0.563
943 0.552
945 0.56
947 0.556
949 0.56
951 0.543
953 0.56
955 0.576
957 0.572
959 0.588
961 0.596
963 0.596
965 0.579
967 0.588
969 0.575
971 0.579
973 0.575
975 0.572
977 0.576
979 0.579
981 0.576
983 0.576
985 0.588
987 0.616
989 0.615
991 0.647
993 0.632
995 0.599
997 0.592
999 0.596
1001 0.596
1003 0.603
1005 0.615
1007 0.608
1009 0.596
1011 0.595
1013 0.62
1015 0.644
1017 0.651
1019 0.628
1021 0.644
1023 0.656
1025 0.608
1027 0.615
1029 0.62
1031 0.627
1033 0.627
1035 0.639
1037 0.624
1039 0.632
1041 0.632
1043 0.639
1045 0.668
1047 0.647
1049 0.644
1051 0.699
1053 0.652
1055 0.656
1057 0.639
1059 0.66
1061 0.647
1063 0.668
1065 0.652
1067 0.672
1069 0.652
1071 0.672
1073 0.656
1075 0.699
1077 0.675
1079 0.692
1081 0.716
1083 0.687
1085 0.679
1087 0.684
1089 0.68
1091 0.692
1093 0.699
1095 0.692
1097 0.692
1099 0.699
1101 0.703
1103 0.723
1105 0.723
1107 0.751
1109 0.695
1111 0.699
1113 0.696
1115 0.711
1117 0.711
1119 0.711
1121 0.696
1123 0.711
1125 0.711
1127 0.712
1129 0.74
1131 0.752
1133 0.747
1135 0.759
1137 0.716
1139 0.7
1141 0.711
1143 0.723
1145 0.731
1147 0.735
1149 0.84
1151 0.716
1153 0.716
1155 0.728
1157 0.732
1159 0.732
1161 0.736
1163 0.747
1165 0.731
1167 0.735
1169 0.723
1171 0.74
1173 0.747
1175 0.74
1177 0.732
1179 0.731
1181 0.736
1183 0.743
1185 0.74
1187 0.776
1189 0.783
1191 0.767
1193 0.764
1195 0.756
1197 0.744
1199 0.764
1201 0.752
1203 0.748
1205 0.768
1207 0.747
1209 0.767
1211 0.8
1213 0.779
1215 0.812
1217 0.783
1219 0.771
1221 0.771
1223 0.792
1225 0.772
1227 0.792
1229 0.779
1231 0.791
1233 0.78
1235 0.791
1237 0.836
1239 0.803
1241 0.831
1243 0.831
1245 0.8
1247 0.8
1249 0.82
1251 0.8
1253 0.808
1255 0.819
1257 0.812
1259 0.824
1261 0.827
1263 0.848
1265 0.823
1267 0.84
1269 0.824
1271 0.824
1273 0.811
1275 0.812
1277 0.823
1279 0.84
1281 0.835
1283 0.836
1285 0.836
1287 0.84
1289 0.86
1291 0.884
1293 0.875
1295 0.875
1297 0.864
1299 0.852
1301 0.867
1303 0.872
1305 0.88
1307 0.872
1309 0.876
1311 0.875
1313 0.891
1315 0.904
1317 0.927
1319 0.903
1321 0.892
1323 0.895
1325 0.888
1327 0.879
1329 0.896
1331 0.908
1333 0.915
1335 0.939
1337 0.916
1339 0.932
1341 0.903
1343 0.903
1345 0.908
1347 0.911
1349 0.9
1351 0.899
1353 0.911
1355 0.935
1357 0.94
1359 0.964
1361 0.939
1363 0.911
1365 0.92
1367 0.916
1369 0.924
1371 0.924
1373 0.923
1375 0.924
1377 0.984
1379 0.956
1381 0.972
1383 0.96
1385 0.927
1387 0.943
1389 0.936
1391 0.94
1393 0.944
1395 0.94
1397 0.943
1399 0.98
1401 0.972
1403 1.004
1405 0.963
1407 0.956
1409 0.956
1411 0.963
1413 0.956
1415 0.96
1417 0.963
1419 0.96
1421 0.988
1423 1.015
1425 1.008
1427 0.987
1429 1.
1431 0.988
1433 0.991
1435 0.991
1437 1.
1439 1.091
1441 1.024
1443 1.024
1445 1.048
1447 1.08
1449 1.06
1451 1.032
1453 1.043
1455 1.04
1457 1.043
1459 1.052
1461 1.048
1463 1.039
1465 1.035
1467 1.096
1469 1.096
1471 1.096
1473 1.072
1475 1.036
1477 1.044
1479 1.052
1481 1.075
1483 1.075
1485 1.055
1487 1.051
1489 1.075
1491 1.115
1493 1.111
1495 1.139
1497 1.091
1499 1.083
1501 1.083
1503 1.1
1505 1.115
1507 1.091
1509 1.1
1511 1.107
1513 1.111
1515 1.139
1517 1.168
1519 1.151
1521 1.14
1523 1.116
1525 1.128
1527 1.124
1529 1.12
1531 1.135
1533 1.124
1535 1.119
1537 1.152
1539 1.168
1541 1.192
1543 1.139
1545 1.135
1547 1.132
1549 1.144
1551 1.139
1553 1.152
1555 1.156
1557 1.144
1559 1.152
1561 1.203
1563 1.176
1565 1.203
1567 1.184
1569 1.163
1571 1.168
1573 1.179
1575 1.176
1577 1.184
1579 1.171
1581 1.171
1583 1.176
1585 1.224
1587 1.235
1589 1.22
1591 1.2
1593 1.176
1595 1.192
1597 1.207
1599 1.207
1601 1.207
1603 1.187
1605 1.211
1607 1.275
1609 1.364
1611 1.259
1613 1.231
1615 1.227
1617 1.216
1619 1.259
1621 1.228
1623 1.247
1625 1.256
1627 1.24
1629 1.299
1631 1.279
1633 1.276
1635 1.279
1637 1.255
1639 1.256
1641 1.288
1643 1.272
1645 1.255
1647 1.256
1649 1.264
1651 1.28
1653 1.32
1655 1.343
1657 1.316
1659 1.283
1661 1.283
1663 1.284
1665 1.275
1667 1.307
1669 1.287
1671 1.316
1673 1.3
1675 1.347
1677 1.375
1679 1.323
1681 1.3
1683 1.323
1685 1.3
1687 1.307
1689 1.323
1691 1.311
1693 1.312
1695 1.364
1697 1.352
1699 1.351
1701 1.364
1703 1.327
1705 1.36
1707 1.328
1709 1.36
1711 1.331
1713 1.351
1715 1.34
1717 1.399
1719 1.412
1721 1.379
1723 1.351
1725 1.384
1727 1.376
1729 1.367
1731 1.371
1733 1.363
1735 1.384
1737 1.42
1739 1.447
1741 1.399
1743 1.379
1745 1.387
1747 1.399
1749 1.403
1751 1.395
1753 1.399
1755 1.395
1757 1.447
1759 1.487
1761 1.427
1763 1.432
1765 1.416
1767 1.447
1769 1.423
1771 1.436
1773 1.423
1775 1.468
1777 1.456
1779 1.48
1781 1.436
1783 1.456
1785 1.443
1787 1.447
1789 1.456
1791 1.463
1793 1.46
1795 1.451
1797 1.495
1799 1.536
1801 1.483
1803 1.467
1805 1.467
1807 1.471
1809 1.471
1811 1.487
1813 1.456
1815 1.467
1817 1.471
1819 1.503
1821 1.524
1823 1.495
1825 1.491
1827 1.492
1829 1.48
1831 1.492
1833 1.491
1835 1.495
1837 1.5
1839 1.491
1841 1.532
1843 1.536
1845 1.548
1847 1.528
1849 1.507
1851 1.507
1853 1.516
1855 1.504
1857 1.508
1859 1.508
1861 1.532
1863 1.563
1865 1.587
1867 1.568
1869 1.528
1871 1.547
1873 1.552
1875 1.556
1877 1.56
1879 1.572
1881 1.56
1883 1.567
1885 1.615
1887 1.627
1889 1.587
1891 1.588
1893 1.58
1895 1.58
1897 1.587
1899 1.583
1901 1.591
1903 1.576
1905 1.591
1907 1.635
1909 1.659
1911 1.624
1913 1.627
1915 1.588
1917 1.611
1919 1.612
1921 1.627
1923 1.616
1925 1.607
1927 1.672
1929 1.668
1931 1.647
1933 1.619
1935 1.635
1937 1.619
1939 1.652
1941 1.627
1943 1.619
1945 1.632
1947 1.644
1949 1.631
1951 1.688
1953 1.64
1955 1.635
1957 1.624
1959 1.624
1961 1.62
1963 1.716
1965 1.652
1967 1.644
1969 1.708
1971 1.724
1973 1.692
1975 1.7
1977 1.675
1979 1.68
1981 1.679
1983 1.7
1985 1.695
1987 1.688
1989 1.735
1991 1.756
1993 1.74
1995 1.711
1997 1.728
1999 1.727
2001 1.727
2003 1.748
2005 1.74
2007 1.783
2009 1.772
2011 1.792
2013 1.784
2015 1.743
2017 1.74
2019 1.763
2021 1.755
2023 1.768
2025 1.759
2027 1.844
2029 1.827
2031 1.779
2033 1.763
2035 1.788
2037 1.776
2039 1.788
2041 1.788
2043 1.771
2045 1.776
2047 1.839
2049 1.86
2051 1.791
2053 1.816
2055 1.811
2057 1.804
2059 1.812
2061 1.807
2063 1.816
2065 1.844
2067 1.875
2069 1.891
2071 1.855
2073 1.844
2075 1.831
2077 1.844
2079 1.836
2081 1.836
2083 1.892
2085 1.9
2087 1.912
2089 1.892
2091 1.879
2093 1.879
2095 1.884
2097 1.888
2099 1.884
2101 1.948
2103 1.939
2105 1.895
2107 1.867
2109 1.896
2111 1.899
2113 1.887
2115 1.896
2117 1.903
2119 1.964
2121 1.951
2123 1.932
2125 1.9
2127 1.903
2129 1.915
2131 1.916
2133 1.923
2135 1.932
2137 1.94
2139 1.968
2141 1.928
2143 1.935
2145 1.936
2147 1.919
2149 1.932
2151 1.928
2153 1.928
2155 1.983
2157 1.98
2159 1.971
2161 1.968
2163 1.951
2165 1.955
2167 1.94
2169 1.955
2171 1.944
2173 2.003
2175 1.988
2177 1.996
2179 1.995
2181 1.968
2183 1.971
2185 1.963
2187 1.968
2189 1.968
2191 2.008
2193 2.019
2195 2.012
2197 1.995
2199 1.971
2201 1.956
2203 1.963
2205 2.
2207 2.
2209 1.995
2211 2.039
2213 2.051
2215 2.031
2217 2.008
2219 2.019
2221 2.011
2223 2.02
2225 2.032
2227 2.011
2229 2.072
2231 2.051
2233 2.059
2235 2.032
2237 2.032
2239 2.052
2241 2.048
2243 2.055
2245 2.055
2247 2.056
2249 2.128
2251 2.112
2253 2.087
2255 2.072
2257 2.075
2259 2.083
2261 2.059
2263 2.083
2265 2.072
2267 2.084
2269 2.135
2271 2.144
2273 2.119
2275 2.124
2277 2.107
2279 2.104
2281 2.119
2283 2.115
2285 2.108
2287 2.14
2289 2.183
2291 2.183
2293 2.147
2295 2.132
2297 2.135
2299 2.167
2301 2.159
2303 2.135
2305 2.155
2307 2.148
2309 2.228
2311 2.215
2313 2.192
2315 2.176
2317 2.167
2319 2.172
2321 2.18
2323 2.168
2325 2.172
2327 2.188
2329 2.235
2331 2.244
2333 2.211
2335 2.203
2337 2.208
2339 2.211
2341 2.22
2343 2.228
2345 2.22
2347 2.288
2349 2.295
2351 2.259
2353 2.231
2355 2.24
2357 2.272
2359 2.243
2361 2.251
2363 2.259
2365 2.336
2367 2.299
2369 2.283
2371 2.263
2373 2.275
2375 2.268
2377 2.304
2379 2.284
2381 2.3
2383 2.367
2385 2.355
2387 2.347
2389 2.292
2391 2.324
2393 2.34
2395 2.319
2397 2.34
2399 2.339
2401 2.42
2403 2.412
2405 2.375
2407 2.336
2409 2.352
2411 2.359
2413 2.355
2415 2.344
2417 2.388
2419 2.412
2421 2.42
2423 2.436
2425 2.384
2427 2.383
2429 2.392
2431 2.359
2433 2.38
2435 2.387
2437 2.451
2439 2.459
2441 2.439
2443 2.408
2445 2.415
2447 2.428
2449 2.423
2451 2.436
2453 2.432
2455 2.463
2457 2.488
2459 2.468
2461 2.428
2463 2.432
2465 2.443
2467 2.44
2469 2.455
2471 2.444
2473 2.464
2475 2.536
2477 2.516
2479 2.584
2481 2.46
2483 2.484
2485 2.463
2487 2.456
2489 2.475
2491 2.475
2493 2.511
2495 2.559
2497 2.491
2499 2.491
2501 2.488
2503 2.511
2505 2.495
2507 2.48
2509 2.511
2511 2.5
2513 2.536
2515 2.587
2517 2.524
2519 2.476
2521 2.528
2523 2.495
2525 2.532
2527 2.516
2529 2.532
2531 2.519
2533 2.624
2535 2.556
2537 2.559
2539 2.559
2541 2.556
2543 2.544
2545 2.543
2547 2.543
2549 2.552
2551 2.615
2553 2.604
2555 2.599
2557 2.624
2559 2.591
2561 2.591
2563 2.596
2565 2.596
2567 2.587
2569 2.655
2571 2.644
2573 2.631
2575 2.612
2577 2.588
2579 2.596
2581 2.635
2583 2.592
2585 2.615
2587 2.663
2589 2.66
2591 2.648
2593 2.635
2595 2.624
2597 2.635
2599 2.624
2601 2.64
2603 2.644
2605 2.708
2607 2.676
2609 2.675
2611 2.663
2613 2.656
2615 2.68
2617 2.703
2619 2.708
2621 2.72
2623 2.796
2625 2.812
2627 2.751
2629 2.732
2631 2.736
2633 2.727
2635 2.752
2637 2.756
2639 2.755
2641 2.836
2643 2.796
2645 2.779
2647 2.763
2649 2.768
2651 2.772
2653 2.759
2655 2.763
2657 2.784
2659 2.864
2661 2.831
2663 2.816
2665 2.815
2667 2.792
2669 2.816
2671 2.827
2673 2.796
2675 2.847
2677 2.892
2679 2.847
2681 2.847
2683 2.855
2685 2.847
2687 2.844
2689 2.875
2691 2.86
2693 2.948
2695 2.932
2697 2.903
2699 2.872
2701 2.887
2703 2.912
2705 2.88
2707 2.907
2709 2.951
2711 2.983
2713 2.956
2715 2.952
2717 2.932
2719 2.96
2721 2.967
2723 2.948
2725 2.936
2727 3.007
2729 3.027
2731 3.008
2733 2.963
2735 2.983
2737 2.975
2739 2.992
2741 2.98
2743 3.008
2745 3.108
2747 3.084
2749 3.039
2751 3.023
2753 3.063
2755 3.071
2757 3.032
2759 3.059
2761 3.052
2763 3.104
2765 3.144
2767 3.084
2769 3.079
2771 3.072
2773 3.1
2775 3.056
2777 3.092
2779 3.152
2781 3.199
2783 3.111
2785 3.108
2787 3.096
2789 3.112
2791 3.132
2793 3.108
2795 3.099
2797 3.211
2799 3.184
2801 3.152
2803 3.159
2805 3.175
2807 3.179
2809 3.152
2811 3.123
2813 3.167
2815 3.195
2817 3.155
2819 3.168
2821 3.127
2823 3.16
2825 3.143
2827 3.155
2829 3.163
2831 3.179
2833 3.231
2835 3.203
2837 3.172
2839 3.192
2841 3.195
2843 3.203
2845 3.204
2847 3.259
2849 3.268
2851 3.264
2853 3.228
2855 3.22
2857 3.215
2859 3.235
2861 3.248
2863 3.275
2865 3.304
2867 3.276
2869 3.26
2871 3.248
2873 3.251
2875 3.244
2877 3.268
2879 3.323
2881 3.336
2883 3.335
2885 3.3
2887 3.347
2889 3.319
2891 3.351
2893 3.315
2895 3.403
2897 3.423
2899 3.392
2901 3.371
2903 3.387
2905 3.38
2907 3.351
2909 3.396
2911 3.439
2913 3.475
2915 3.407
2917 3.395
2919 3.384
2921 3.443
2923 3.408
2925 3.416
2927 3.403
2929 3.496
2931 3.46
2933 3.432
2935 3.42
2937 3.436
2939 3.431
2941 3.44
2943 3.443
2945 3.431
2947 3.528
2949 3.483
2951 3.463
2953 3.451
2955 3.455
2957 3.48
2959 3.48
2961 3.472
2963 3.487
2965 3.599
2967 3.551
2969 3.539
2971 3.5
2973 3.516
2975 3.527
2977 3.539
2979 3.524
2981 3.568
2983 3.603
2985 3.559
2987 3.563
2989 3.531
2991 3.547
2993 3.516
2995 3.519
2997 3.535
2999 3.603
3001 3.619
3003 3.608
3005 3.576
3007 3.556
3009 3.592
3011 3.576
3013 3.608
3015 3.572
3017 3.692
3019 3.639
3021 3.632
3023 3.599
3025 3.623
3027 3.619
3029 3.623
3031 3.619
3033 3.652
3035 3.711
3037 3.648
3039 3.683
3041 3.652
3043 3.644
3045 3.672
3047 3.684
3049 3.648
3051 3.723
3053 3.748
3055 3.699
3057 3.688
3059 3.68
3061 3.7
3063 3.683
3065 3.695
3067 3.695
3069 3.775
3071 3.775
3073 3.724
3075 3.704
3077 3.728
3079 3.72
3081 3.719
3083 3.743
3085 3.731
3087 3.864
3089 3.796
3091 3.792
3093 3.779
3095 3.779
3097 3.771
3099 3.775
3101 3.791
3103 3.887
3105 3.807
3107 3.815
3109 3.811
3111 3.803
3113 3.804
3115 3.795
3117 3.807
3119 3.903
3121 3.844
3123 3.856
3125 3.836
3127 3.827
3129 3.835
3131 3.824
3133 3.84
3135 3.92
3137 3.875
3139 3.896
3141 3.831
3143 3.86
3145 3.856
3147 3.867
3149 3.876
3151 3.975
3153 3.9
3155 3.892
3157 3.844
3159 3.876
3161 3.879
3163 3.891
3165 3.887
3167 4.019
3169 3.96
3171 3.951
3173 3.923
3175 3.94
3177 3.927
3179 3.927
3181 3.923
3183 4.003
3185 3.972
3187 3.971
3189 3.968
3191 3.98
3193 3.971
3195 3.96
3197 3.956
3199 4.096
3201 4.016
3203 4.028
3205 4.007
3207 3.991
3209 4.019
3211 4.019
3213 4.008
3215 4.143
3217 4.063
3219 4.052
3221 4.032
3223 4.028
3225 4.016
3227 4.056
3229 4.031
3231 4.159
3233 4.076
3235 4.123
3237 4.056
3239 4.047
3241 4.084
3243 4.043
3245 4.087
3247 4.159
3249 4.139
3251 4.112
3253 4.108
3255 4.115
3257 4.084
3259 4.128
3261 4.139
3263 4.256
3265 4.152
3267 4.148
3269 4.175
3271 4.148
3273 4.132
3275 4.164
3277 4.167
3279 4.271
3281 4.211
3283 4.172
3285 4.172
3287 4.172
3289 4.188
3291 4.164
3293 4.231
3295 4.24
3297 4.2
3299 4.223
3301 4.203
3303 4.22
3305 4.211
3307 4.216
3309 4.288
3311 4.307
3313 4.276
3315 4.268
3317 4.244
3319 4.251
3321 4.268
3323 4.284
3325 4.327
3327 4.34
3329 4.32
3331 4.355
3333 4.34
3335 4.347
3337 4.339
3339 4.336
3341 4.38
3343 4.42
3345 4.367
3347 4.356
3349 4.351
3351 4.351
3353 4.347
3355 4.38
3357 4.372
3359 4.456
3361 4.443
3363 4.436
3365 4.38
3367 4.396
3369 4.423
3371 4.412
3373 4.431
3375 4.463
3377 4.547
3379 4.492
3381 4.471
3383 4.471
3385 4.443
3387 4.432
3389 4.471
3391 4.475
3393 4.603
3395 4.523
3397 4.527
3399 4.488
3401 4.496
3403 4.492
3405 4.488
3407 4.516
3409 4.624
3411 4.552
3413 4.547
3415 4.536
3417 4.536
3419 4.516
3421 4.519
3423 4.539
3425 4.652
3427 4.588
3429 4.568
3431 4.528
3433 4.548
3435 4.552
3437 4.572
3439 4.588
3441 4.651
3443 4.595
3445 4.592
3447 4.56
3449 4.559
3451 4.592
3453 4.576
3455 4.599
3457 4.719
3459 4.644
3461 4.679
3463 4.643
3465 4.615
3467 4.675
3469 4.656
3471 4.655
3473 4.771
3475 4.728
3477 4.703
3479 4.679
3481 4.672
3483 4.683
3485 4.672
3487 4.696
3489 4.807
3491 4.736
3493 4.735
3495 4.675
3497 4.715
3499 4.708
3501 4.715
3503 4.711
3505 4.719
3507 4.84
3509 4.775
3511 4.791
3513 4.735
3515 4.771
3517 4.751
3519 4.755
3521 4.816
3523 4.891
3525 4.812
3527 4.823
3529 4.831
3531 4.82
3533 4.804
3535 4.811
3537 4.848
3539 4.943
3541 4.907
3543 4.907
3545 4.872
3547 4.891
3549 4.887
3551 4.9
3553 4.912
3555 5.011
3557 4.936
3559 4.963
3561 4.94
3563 4.936
3565 4.94
3567 4.92
3569 4.967
3571 5.079
3573 4.987
3575 4.992
3577 4.944
3579 4.944
3581 4.963
3583 5.
3585 5.032
3587 5.096
3589 5.048
3591 5.032
3593 5.019
3595 5.004
3597 5.032
3599 5.016
3601 5.088
3603 5.104
3605 5.064
3607 5.079
3609 5.043
3611 5.063
3613 5.072
3615 5.059
3617 5.139
3619 5.171
3621 5.132
3623 5.104
3625 5.135
3627 5.128
3629 5.092
3631 5.103
3633 5.188
3635 5.22
3637 5.171
3639 5.155
3641 5.14
3643 5.183
3645 5.167
3647 5.167
3649 5.256
3651 5.247
3653 5.22
3655 5.192
3657 5.175
3659 5.203
3661 5.207
3663 5.211
3665 5.307
3667 5.28
3669 5.252
3671 5.228
3673 5.279
3675 5.252
3677 5.292
3679 5.24
3681 5.38
3683 5.336
3685 5.275
3687 5.284
3689 5.252
3691 5.307
3693 5.304
3695 5.284
3697 5.324
3699 5.431
3701 5.34
3703 5.344
3705 5.344
3707 5.347
3709 5.363
3711 5.355
3713 5.344
3715 5.431
3717 5.42
3719 5.384
3721 5.403
3723 5.376
3725 5.38
3727 5.42
3729 5.379
3731 5.404
3733 5.543
3735 5.467
3737 5.5
3739 5.46
3741 5.448
3743 5.46
3745 5.448
3747 5.44
3749 5.572
3751 5.487
3753 5.492
3755 5.46
3757 5.479
3759 5.471
3761 5.492
3763 5.467
3765 5.627
3767 5.551
3769 5.564
3771 5.507
3773 5.539
3775 5.539
3777 5.515
3779 5.531
3781 5.659
3783 5.591
3785 5.568
3787 5.552
3789 5.608
3791 5.579
3793 5.567
3795 5.608
3797 5.635
3799 5.676
3801 5.635
3803 5.655
3805 5.644
3807 5.619
3809 5.644
3811 5.607
3813 5.692
3815 5.74
3817 5.652
3819 5.692
3821 5.663
3823 5.707
3825 5.711
3827 5.684
3829 5.716
3831 5.748
3833 5.768
3835 5.712
3837 5.708
3839 5.712
3841 5.724
3843 5.707
3845 5.736
3847 5.884
3849 5.804
3851 5.804
3853 5.783
3855 5.784
3857 5.776
3859 5.787
3861 5.779
3863 5.956
3865 5.864
3867 5.851
3869 5.819
3871 5.812
3873 5.804
3875 5.816
3877 5.807
3879 5.98
3881 5.887
3883 5.904
3885 5.887
3887 5.856
3889 5.872
3891 5.876
3893 5.899
3895 6.024
3897 5.931
3899 5.951
3901 5.911
3903 5.916
3905 5.891
3907 5.911
3909 5.971
3911 6.06
3913 5.979
3915 5.996
3917 5.996
3919 5.987
3921 6.003
3923 6.02
3925 6.043
3927 6.144
3929 6.079
3931 6.096
3933 6.076
3935 6.076
3937 6.068
3939 6.068
3941 6.159
3943 6.139
3945 6.152
3947 6.123
3949 6.12
3951 6.096
3953 6.128
3955 6.112
3957 6.171
3959 6.188
3961 6.132
3963 6.099
3965 6.112
3967 6.135
3969 6.163
3971 6.144
3973 6.255
3975 6.243
3977 6.168
3979 6.179
3981 6.211
3983 6.199
3985 6.204
3987 6.211
3989 6.231
3991 6.324
3993 6.251
3995 6.256
3997 6.224
3999 6.227
4001 6.28
4003 6.279
4005 6.327
4007 6.396
4009 6.331
4011 6.304
4013 6.323
4015 6.332
4017 6.323
4019 6.344
4021 6.467
4023 6.408
4025 6.447
4027 6.403
4029 6.395
4031 6.379
4033 6.44
4035 6.391
4037 6.543
4039 6.476
4041 6.415
4043 6.436
4045 6.384
4047 6.444
4049 6.42
4051 6.528
4053 6.528
4055 6.515
4057 6.463
4059 6.503
4061 6.496
4063 6.496
4065 6.468
4067 6.631
4069 6.531
4071 6.508
4073 6.535
4075 6.519
4077 6.531
4079 6.516
4081 6.572
4083 6.663
4085 6.564
4087 6.599
4089 6.536
4091 6.564
4093 6.587
4095 6.583
4097 6.676
4099 6.692
4101 6.644
4103 6.663
4105 6.652
4107 6.624
4109 6.675
4111 6.648
4113 6.731
4115 6.743
4117 6.659
4119 6.663
4121 6.655
4123 6.644
4125 6.675
4127 6.692
4129 6.792
4131 6.792
4133 6.755
4135 6.724
4137 6.74
4139 6.731
4141 6.775
4143 6.756
4145 6.787
4147 6.852
4149 6.807
4151 6.779
4153 6.796
4155 6.8
4157 6.823
4159 6.847
4161 6.872
4163 6.927
4165 6.868
4167 6.88
4169 6.847
4171 6.836
4173 6.827
4175 6.84
4177 6.891
4179 6.976
4181 6.936
4183 6.912
4185 6.88
4187 6.879
4189 6.888
4191 6.884
4193 6.927
4195 6.976
4197 6.927
4199 6.916
4201 6.916
4203 6.927
4205 6.912
4207 6.948
4209 7.004
4211 7.055
4213 6.996
4215 6.944
4217 6.971
4219 6.972
4221 6.987
4223 6.971
4225 7.011
4227 7.119
4229 7.055
4231 7.083
4233 7.043
4235 7.036
4237 7.048
4239 7.047
4241 7.087
4243 7.192
4245 7.123
4247 7.127
4249 7.1
4251 7.1
4253 7.104
4255 7.099
4257 7.152
4259 7.264
4261 7.224
4263 7.22
4265 7.18
4267 7.167
4269 7.18
4271 7.224
4273 7.3
4275 7.291
4277 7.299
4279 7.123
4281 7.103
4283 7.139
4285 7.135
4287 7.136
4289 7.172
4291 7.264
4293 7.223
4295 7.199
4297 7.195
4299 7.192
4301 7.18
4303 7.196
4305 7.252
4307 7.283
4309 7.264
4311 7.224
4313 7.192
4315 7.184
4317 7.212
4319 7.228
4321 7.287
4323 7.256
4325 7.292
4327 7.243
4329 7.247
4331 7.248
4333 7.248
4335 7.248
4337 7.328
4339 7.387
4341 7.372
4343 7.304
4345 7.292
4347 7.315
4349 7.332
4351 7.324
4353 7.475
4355 7.387
4357 7.427
4359 7.344
4361 7.376
4363 7.38
4365 7.38
4367 7.416
4369 7.492
4371 7.452
4373 7.48
4375 7.416
4377 7.427
4379 7.423
4381 7.415
4383 7.528
4385 7.523
4387 7.511
4389 7.463
4391 7.46
4393 7.448
4395 7.456
4397 7.471
4399 7.599
4401 7.539
4403 7.528
4405 7.483
4407 7.471
4409 7.532
4411 7.512
4413 7.564
4415 7.583
4417 7.608
4419 7.523
4421 7.536
4423 7.547
4425 7.564
4427 7.539
4429 7.648
4431 7.655
4433 7.631
4435 7.576
4437 7.559
4439 7.583
4441 7.579
4443 7.627
4445 7.72
4447 7.699
4449 7.667
4451 7.659
4453 7.652
4455 7.644
4457 7.655
4459 7.799
4461 7.743
4463 7.771
4465 7.707
4467 7.695
4469 7.748
4471 7.695
4473 7.715
4475 7.884
4477 7.743
4479 7.764
4481 7.768
4483 7.775
4485 7.768
4487 7.764
4489 7.831
4491 7.892
4493 7.891
4495 7.8
4497 7.82
4499 7.783
4501 7.819
4503 7.824
4505 7.996
4507 7.948
4509 7.972
4511 7.868
4513 7.879
4515 7.92
4517 7.916
4519 8.036
4521 8.048
4523 8.052
4525 7.992
4527 8.
4529 7.96
4531 7.96
4533 7.971
4535 8.132
4537 8.036
4539 8.032
4541 7.979
4543 7.979
4545 8.015
4547 8.028
4549 8.031
4551 8.199
4553 8.112
4555 8.108
4557 8.067
4559 8.079
4561 8.083
4563 8.087
4565 8.083
4567 8.224
4569 8.167
4571 8.168
4573 8.108
4575 8.123
4577 8.136
4579 8.136
4581 8.119
4583 8.26
4585 8.192
4587 8.195
4589 8.144
4591 8.176
4593 8.215
4595 8.176
4597 8.219
4599 8.319
4601 8.3
4603 8.3
4605 8.223
4607 8.248
4609 8.243
4611 8.247
4613 8.283
4615 8.372
4617 8.319
4619 8.292
4621 8.292
4623 8.28
4625 8.316
4627 8.304
4629 8.363
4631 8.391
4633 8.356
4635 8.315
4637 8.34
4639 8.351
4641 8.336
4643 8.384
4645 8.539
4647 8.615
4649 8.584
4651 8.576
4653 8.536
4655 8.536
4657 8.572
4659 8.572
4661 8.64
4663 8.72
4665 8.652
4667 8.644
4669 8.591
4671 8.62
4673 8.643
4675 8.655
4677 8.751
4679 8.731
4681 8.735
4683 8.68
4685 8.699
4687 8.667
4689 8.684
4691 8.703
4693 8.836
4695 8.78
4697 8.724
4699 8.699
4701 8.704
4703 8.72
4705 8.728
4707 8.728
4709 8.855
4711 8.804
4713 8.788
4715 8.755
4717 8.783
4719 8.739
4721 8.783
4723 8.792
4725 8.967
4727 8.88
4729 8.912
4731 8.851
4733 8.887
4735 8.864
4737 8.892
4739 8.943
4741 9.004
4743 8.92
4745 8.94
4747 8.871
4749 8.872
4751 8.891
4753 8.928
4755 9.007
4757 9.
4759 9.003
4761 8.936
4763 8.951
4765 8.975
4767 9.003
4769 9.
4771 9.131
4773 9.039
4775 9.056
4777 9.031
4779 8.987
4781 9.007
4783 9.02
4785 9.112
4787 9.172
4789 9.144
4791 9.131
4793 9.119
4795 9.152
4797 9.155
4799 9.127
4801 9.28
4803 9.272
4805 9.231
4807 9.207
4809 9.231
4811 9.144
4813 9.159
4815 9.191
4817 9.376
4819 9.291
4821 9.28
4823 9.275
4825 9.228
4827 9.255
4829 9.263
4831 9.395
4833 9.376
4835 9.316
4837 9.311
4839 9.275
4841 9.256
4843 9.28
4845 9.263
4847 9.464
4849 9.32
4851 9.327
4853 9.288
4855 9.299
4857 9.268
4859 9.299
4861 9.404
4863 9.399
4865 9.368
4867 9.327
4869 9.332
4871 9.347
4873 9.343
4875 9.344
4877 9.528
4879 9.435
4881 9.448
4883 9.388
4885 9.403
4887 9.375
4889 9.436
4891 9.435
4893 9.544
4895 9.459
4897 9.451
4899 9.427
4901 9.416
4903 9.435
4905 9.424
4907 9.584
4909 9.548
4911 9.564
4913 9.467
4915 9.492
4917 9.503
4919 9.524
4921 9.54
4923 9.648
4925 9.6
4927 9.579
4929 9.535
4931 9.576
4933 9.608
4935 9.572
4937 9.76
4939 9.699
4941 9.692
4943 9.691
4945 9.684
4947 9.672
4949 9.672
4951 9.884
4953 9.751
4955 9.739
4957 9.735
4959 9.731
4961 9.727
4963 9.768
4965 9.868
4967 9.799
4969 9.859
4971 9.796
4973 9.824
4975 9.82
4977 9.84
4979 9.876
4981 9.948
4983 9.879
4985 9.84
4987 9.871
4989 9.839
4991 9.879
4993 9.876
4995 10.028
4997 9.948
4999 9.992