2 0.123
3 0.118
5 0.103
7 0.129
9 0.13
11 0.149
13 0.093
15 0.134
17 0.129
19 0.112
21 0.11
23 0.124
25 0.096
27 0.093
29 0.092
31 0.091
33 0.112
35 0.139
37 0.094
39 0.143
41 0.154
43 0.131
45 0.147
47 0.112
49 0.137
51 0.098
53 0.127
55 0.101
57 0.111
59 0.13
61 0.099
63 0.112
65 0.126
67 0.14
69 0.105
71 0.096
73 0.119
75 0.112
77 0.107
79 0.137
81 0.141
83 0.137
85 0.144
87 0.137
89 0.134
91 0.157
93 0.133
95 0.127
97 0.131
99 0.131
101 0.101
103 0.156
105 0.103
107 0.097
109 0.097
111 0.121
113 0.103
115 0.137
117 0.146
119 0.139
121 0.114
123 0.097
125 0.095
127 0.127
129 0.127
131 0.151
133 0.107
135 0.101
137 0.11
139 0.119
141 0.137
143 0.111
145 0.14
147 0.117
149 0.136
151 0.133
153 0.1
155 0.136
157 0.149
159 0.104
161 0.099
163 0.124
165 0.147
167 0.127
169 0.1
171 0.12
173 0.112
175 0.132
177 0.136
179 0.131
181 0.14
183 0.105
185 0.132
187 0.152
189 0.105
191 0.099
193 0.102
195 0.113
197 0.1
199 0.093
201 0.095
203 0.113
205 0.093
207 0.091
209 0.109
211 0.108
213 0.097
215 0.098
217 0.114
219 0.166
221 0.112
223 0.132
225 0.13
227 0.101
229 0.1
231 0.1
233 0.1
235 0.148
237 0.118
239 0.131
241 0.098
243 0.101
245 0.11
247 0.15
249 0.166
251 0.152
253 0.127
255 0.108
257 0.1
259 0.127
261 0.116
263 0.097
265 0.151
267 0.152
269 0.136
271 0.1
273 0.132
275 0.104
277 0.128
279 0.097
281 0.097
283 0.097
285 0.12
287 0.154
289 0.158
291 0.106
293 0.128
295 0.113
297 0.12
299 0.143
301 0.127
303 0.108
305 0.145
307 0.137
309 0.13
311 0.145
313 0.105
315 0.141
317 0.104
319 0.134
321 0.1
323 0.1
325 0.133
327 0.131
329 0.149
331 0.132
333 0.132
335 0.123
337 0.122
339 0.161
341 0.106
343 0.098
345 0.156
347 0.127
349 0.154
351 0.101
353 0.102
355 0.157
357 0.111
359 0.128
361 0.107
363 0.102
365 0.112
367 0.105
369 0.103
371 0.143
373 0.113
375 0.142
377 0.105
379 0.121
381 0.135
383 0.112
385 0.135
387 0.104
389 0.142
391 0.103
393 0.099
395 0.112
397 0.153
399 0.166
401 0.14
403 0.137
405 0.137
407 0.107
409 0.118
411 0.155
413 0.149
415 0.102
417 0.142
419 0.138
421 0.137
423 0.139
425 0.131
427 0.171
429 0.152
431 0.122
433 0.152
435 0.164
437 0.164
439 0.162
441 0.16
443 0.126
445 0.141
447 0.162
449 0.132
451 0.15
453 0.142
455 0.138
457 0.161
459 0.115
461 0.102
463 0.103
465 0.172
467 0.107
469 0.141
471 0.12
473 0.125
475 0.138
477 0.138
479 0.108
481 0.144
483 0.16
485 0.164
487 0.15
489 0.132
491 0.113
493 0.165
495 0.133
497 0.139
499 0.127
501 0.114
503 0.136
505 0.136
507 0.108
509 0.139
511 0.105
513 0.124
515 0.107
517 0.101
519 0.102
521 0.137
523 0.143
525 0.126
527 0.11
529 0.132
531 0.108
533 0.102
535 0.136
537 0.13
539 0.105
541 0.133
543 0.107
545 0.136
547 0.107
549 0.117
551 0.137
553 0.117
555 0.156
557 0.162
559 0.104
561 0.133
563 0.128
565 0.136
567 0.166
569 0.153
571 0.136
573 0.121
575 0.105
577 0.138
579 0.106
581 0.138
583 0.107
585 0.14
587 0.132
589 0.124
591 0.134
593 0.138
595 0.105
597 0.131
599 0.142
601 0.15
603 0.143
605 0.134
607 0.116
609 0.118
611 0.154
613 0.16
615 0.127
617 0.119
619 0.11
621 0.107
623 0.138
625 0.139
627 0.138
629 0.177
631 0.168
633 0.148
635 0.114
637 0.164
639 0.101
641 0.115
643 0.166
645 0.135
647 0.167
649 0.123
651 0.148
653 0.107
655 0.144
657 0.108
659 0.14
661 0.109
663 0.112
665 0.108
667 0.145
669 0.14
671 0.161
673 0.106
675 0.135
677 0.109
679 0.13
681 0.135
683 0.11
685 0.138
687 0.149
689 0.165
691 0.146
693 0.165
695 0.14
697 0.113
699 0.145
701 0.15
703 0.143
705 0.13
707 0.144
709 0.157
711 0.113
713 0.109
715 0.162
717 0.105
719 0.162
721 0.14
723 0.136
725 0.15
727 0.161
729 0.142
731 0.165
733 0.15
735 0.188
737 0.173
739 0.124
741 0.108
743 0.107
745 0.116
747 0.126
749 0.154
751 0.144
753 0.145
755 0.123
757 0.11
759 0.166
761 0.172
763 0.14
765 0.142
767 0.15
769 0.166
771 0.155
773 0.109
775 0.111
777 0.105
779 0.163
781 0.163
783 0.16
785 0.145
787 0.119
789 0.162
791 0.115
793 0.124
795 0.113
797 0.129
799 0.118
801 0.143
803 0.114
805 0.112
807 0.134
809 0.148
811 0.152
813 0.125
815 0.133
817 0.124
819 0.169
821 0.138
823 0.14
825 0.141
827 0.146
829 0.135
831 0.134
833 0.141
835 0.11
837 0.172
839 0.136
841 0.14
843 0.168
845 0.15
847 0.115
849 0.147
851 0.116
853 0.112
855 0.174
857 0.111
859 0.147
861 0.147
863 0.114
865 0.171
867 0.179
869 0.155
871 0.145
873 0.144
875 0.114
877 0.151
879 0.152
881 0.114
883 0.146
885 0.132
887 0.153
889 0.143
891 0.146
893 0.172
895 0.127
897 0.167
899 0.162
901 0.143
903 0.144
905 0.141
907 0.126
909 0.143
911 0.11
913 0.129
915 0.138
917 0.124
919 0.142
921 0.118
923 0.164
925 0.177
927 0.162
929 0.112
931 0.152
933 0.171
935 0.141
937 0.175
939 0.17
941 0.113
943 0.173
945 0.148
947 0.171
949 0.12
951 0.157
953 0.123
955 0.111
957 0.121
959 0.11
961 0.152
963 0.144
965 0.165
967 0.17
969 0.142
971 0.115
973 0.165
975 0.142
977 0.175
979 0.145
981 0.149
983 0.16
985 0.125
987 0.126
989 0.157
991 0.2
993 0.19
995 0.149
997 0.147
999 0.158
1001 0.175
1003 0.183
1005 0.153
1007 0.142
1009 0.178
1011 0.126
1013 0.127
1015 0.115
1017 0.17
1019 0.174
1021 0.182
1023 0.12
1025 0.174
1027 0.116
1029 0.156
1031 0.175
1033 0.141
1035 0.145
1037 0.124
1039 0.115
1041 0.18
1043 0.139
1045 0.175
1047 0.171
1049 0.164
1051 0.118
1053 0.155
1055 0.18
1057 0.171
1059 0.154
1061 0.201
1063 0.173
1065 0.158
1067 0.119
1069 0.174
1071 0.13
1073 0.117
1075 0.147
1077 0.185
1079 0.148
1081 0.179
1083 0.175
1085 0.159
1087 0.18
1089 0.159
1091 0.158
1093 0.161
1095 0.125
1097 0.12
1099 0.149
1101 0.15
1103 0.173
1105 0.18
1107 0.126
1109 0.137
1111 0.119
1113 0.115
1115 0.114
1117 0.114
1119 0.111
1121 0.163
1123 0.126
1125 0.165
1127 0.181
1129 0.152
1131 0.19
1133 0.12
1135 0.183
1137 0.153
1139 0.187
1141 0.125
1143 0.15
1145 0.125
1147 0.144
1149 0.187
1151 0.181
1153 0.193
1155 0.18
1157 0.181
1159 0.174
1161 0.12
1163 0.181
1165 0.178
1167 0.164
1169 0.119
1171 0.15
1173 0.156
1175 0.171
1177 0.18
1179 0.121
1181 0.172
1183 0.163
1185 0.184
1187 0.143
1189 0.153
1191 0.121
1193 0.172
1195 0.134
1197 0.124
1199 0.118
1201 0.155
1203 0.186
1205 0.122
1207 0.185
1209 0.197
1211 0.177
1213 0.187
1215 0.159
1217 0.181
1219 0.183
1221 0.177
1223 0.124
1225 0.123
1227 0.157
1229 0.199
1231 0.188
1233 0.182
1235 0.163
1237 0.128
1239 0.169
1241 0.171
1243 0.125
1245 0.174
1247 0.146
1249 0.161
1251 0.19
1253 0.197
1255 0.157
1257 0.162
1259 0.206
1261 0.162
1263 0.158
1265 0.155
1267 0.191
1269 0.178
1271 0.161
1273 0.121
1275 0.145
1277 0.155
1279 0.123
1281 0.188
1283 0.169
1285 0.124
1287 0.187
1289 0.123
1291 0.184
1293 0.19
1295 0.125
1297 0.163
1299 0.163
1301 0.129
1303 0.185
1305 0.125
1307 0.143
1309 0.122
1311 0.175
1313 0.166
1315 0.153
1317 0.151
1319 0.163
1321 0.178
1323 0.179
1325 0.126
1327 0.174
1329 0.183
1331 0.151
1333 0.193
1335 0.124
1337 0.124
1339 0.168
1341 0.126
1343 0.124
1345 0.127
1347 0.135
1349 0.182
1351 0.207
1353 0.168
1355 0.142
1357 0.133
1359 0.156
1361 0.182
1363 0.161
1365 0.186
1367 0.188
1369 0.162
1371 0.185
1373 0.196
1375 0.152
1377 0.137
1379 0.217
1381 0.159
1383 0.126
1385 0.165
1387 0.168
1389 0.138
1391 0.127
1393 0.126
1395 0.133
1397 0.194
1399 0.135
1401 0.131
1403 0.127
1405 0.132
1407 0.161
1409 0.161
1411 0.198
1413 0.127
1415 0.17
1417 0.173
1419 0.194
1421 0.197
1423 0.188
1425 0.134
1427 0.23
1429 0.192
1431 0.152
1433 0.13
1435 0.14
1437 0.135
1439 0.158
1441 0.191
1443 0.224
1445 0.141
1447 0.128
1449 0.126
1451 0.171
1453 0.178
1455 0.167
1457 0.165
1459 0.19
1461 0.167
1463 0.134
1465 0.187
1467 0.126
1469 0.189
1471 0.161
1473 0.195
1475 0.173
1477 0.126
1479 0.158
1481 0.13
1483 0.19
1485 0.177
1487 0.162
1489 0.176
1491 0.168
1493 0.13
1495 0.193
1497 0.132
1499 0.138
1501 0.183
1503 0.171
1505 0.13
1507 0.187
1509 0.176
1511 0.135
1513 0.157
1515 0.159
1517 0.194
1519 0.189
1521 0.138
1523 0.165
1525 0.156
1527 0.13
1529 0.131
1531 0.176
1533 0.164
1535 0.191
1537 0.197
1539 0.161
1541 0.137
1543 0.131
1545 0.167
1547 0.138
1549 0.131
1551 0.126
1553 0.16
1555 0.164
1557 0.152
1559 0.204
1561 0.2
1563 0.144
1565 0.16
1567 0.159
1569 0.13
1571 0.165
1573 0.204
1575 0.197
1577 0.203
1579 0.17
1581 0.167
1583 0.195
1585 0.175
1587 0.135
1589 0.156
1591 0.171
1593 0.152
1595 0.128
1597 0.131
1599 0.135
1601 0.129
1603 0.14
1605 0.187
1607 0.158
1609 0.168
1611 0.195
1613 0.178
1615 0.14
1617 0.17
1619 0.136
1621 0.185
1623 0.154
1625 0.206
1627 0.196
1629 0.188
1631 0.135
1633 0.19
1635 0.227
1637 0.135
1639 0.177
1641 0.199
1643 0.2
1645 0.14
1647 0.189
1649 0.164
1651 0.15
1653 0.196
1655 0.185
1657 0.19
1659 0.143
1661 0.139
1663 0.204
1665 0.166
1667 0.166
1669 0.158
1671 0.189
1673 0.163
1675 0.214
1677 0.134
1679 0.135
1681 0.163
1683 0.173
1685 0.168
1687 0.136
1689 0.199
1691 0.173
1693 0.163
1695 0.172
1697 0.142
1699 0.144
1701 0.156
1703 0.148
1705 0.175
1707 0.176
1709 0.184
1711 0.177
1713 0.161
1715 0.172
1717 0.139
1719 0.136
1721 0.132
1723 0.21
1725 0.138
1727 0.159
1729 0.158
1731 0.209
1733 0.2
1735 0.169
1737 0.164
1739 0.158
1741 0.176
1743 0.182
1745 0.135
1747 0.192
1749 0.166
1751 0.2
1753 0.189
1755 0.147
1757 0.186
1759 0.203
1761 0.148
1763 0.14
1765 0.142
1767 0.2
1769 0.242
1771 0.137
1773 0.141
1775 0.2
1777 0.187
1779 0.141
1781 0.167
1783 0.167
1785 0.14
1787 0.198
1789 0.202
1791 0.16
1793 0.177
1795 0.17
1797 0.205
1799 0.199
1801 0.167
1803 0.139
1805 0.202
1807 0.143
1809 0.16
1811 0.166
1813 0.213
1815 0.138
1817 0.199
1819 0.203
1821 0.21
1823 0.176
1825 0.175
1827 0.146
1829 0.222
1831 0.195
1833 0.159
1835 0.212
1837 0.218
1839 0.208
1841 0.208
1843 0.205
1845 0.149
1847 0.195
1849 0.158
1851 0.192
1853 0.178
1855 0.18
1857 0.147
1859 0.155
1861 0.182
1863 0.151
1865 0.168
1867 0.207
1869 0.172
1871 0.145
1873 0.149
1875 0.138
1877 0.145
1879 0.231
1881 0.21
1883 0.187
1885 0.173
1887 0.149
1889 0.153
1891 0.196
1893 0.194
1895 0.143
1897 0.227
1899 0.191
1901 0.143
1903 0.243
1905 0.165
1907 0.166
1909 0.213
1911 0.226
1913 0.225
1915 0.203
1917 0.165
1919 0.213
1921 0.205
1923 0.168
1925 0.157
1927 0.213
1929 0.217
1931 0.162
1933 0.21
1935 0.152
1937 0.164
1939 0.146
1941 0.216
1943 0.168
1945 0.209
1947 0.158
1949 0.166
1951 0.216
1953 0.191
1955 0.215
1957 0.162
1959 0.151
1961 0.217
1963 0.144
1965 0.194
1967 0.176
1969 0.22
1971 0.184
1973 0.143
1975 0.168
1977 0.148
1979 0.142
1981 0.215
1983 0.211
1985 0.153
1987 0.15
1989 0.216
1991 0.25
1993 0.209
1995 0.217
1997 0.208
1999 0.205
2001 0.181
2003 0.163
2005 0.145
2007 0.198
2009 0.212
2011 0.207
2013 0.187
2015 0.153
2017 0.21
2019 0.148
2021 0.188
2023 0.22
2025 0.217
2027 0.211
2029 0.182
2031 0.189
2033 0.149
2035 0.227
2037 0.213
2039 0.189
2041 0.21
2043 0.17
2045 0.219
2047 0.202
2049 0.215
2051 0.193
2053 0.207
2055 0.171
2057 0.217
2059 0.198
2061 0.181
2063 0.18
2065 0.15
2067 0.166
2069 0.173
2071 0.212
2073 0.161
2075 0.161
2077 0.148
2079 0.165
2081 0.217
2083 0.155
2085 0.24
2087 0.161
2089 0.177
2091 0.175
2093 0.175
2095 0.175
2097 0.213
2099 0.216
2101 0.221
2103 0.212
2105 0.195
2107 0.196
2109 0.214
2111 0.151
2113 0.227
2115 0.193
2117 0.188
2119 0.247
2121 0.176
2123 0.21
2125 0.159
2127 0.217
2129 0.23
2131 0.153
2133 0.214
2135 0.234
2137 0.222
2139 0.207
2141 0.165
2143 0.229
2145 0.216
2147 0.203
2149 0.228
2151 0.214
2153 0.216
2155 0.207
2157 0.169
2159 0.227
2161 0.201
2163 0.216
2165 0.178
2167 0.214
2169 0.161
2171 0.171
2173 0.161
2175 0.224
2177 0.157
2179 0.218
2181 0.204
2183 0.219
2185 0.155
2187 0.229
2189 0.217
2191 0.185
2193 0.154
2195 0.213
2197 0.238
2199 0.225
2201 0.155
2203 0.225
2205 0.16
2207 0.222
2209 0.215
2211 0.163
2213 0.152
2215 0.166
2217 0.153
2219 0.221
2221 0.199
2223 0.254
2225 0.203
2227 0.209
2229 0.222
2231 0.225
2233 0.231
2235 0.162
2237 0.208
2239 0.162
2241 0.224
2243 0.23
2245 0.178
2247 0.231
2249 0.159
2251 0.207
2253 0.18
2255 0.232
2257 0.209
2259 0.174
2261 0.228
2263 0.231
2265 0.208
2267 0.197
2269 0.207
2271 0.161
2273 0.162
2275 0.235
2277 0.231
2279 0.229
2281 0.225
2283 0.226
2285 0.179
2287 0.224
2289 0.169
2291 0.214
2293 0.163
2295 0.215
2297 0.176
2299 0.207
2301 0.227
2303 0.226
2305 0.164
2307 0.218
2309 0.224
2311 0.159
2313 0.206
2315 0.222
2317 0.184
2319 0.2
2321 0.232
2323 0.215
2325 0.228
2327 0.166
2329 0.177
2331 0.217
2333 0.184
2335 0.237
2337 0.229
2339 0.237
2341 0.214
2343 0.23
2345 0.202
2347 0.241
2349 0.206
2351 0.191
2353 0.165
2355 0.166
2357 0.191
2359 0.172
2361 0.17
2363 0.17
2365 0.172
2367 0.169
2369 0.227
2371 0.217
2373 0.227
2375 0.176
2377 0.215
2379 0.165
2381 0.231
2383 0.22
2385 0.168
2387 0.183
2389 0.212
2391 0.181
2393 0.228
2395 0.215
2397 0.168
2399 0.228
2401 0.206
2403 0.248
2405 0.24
2407 0.174
2409 0.191
2411 0.225
2413 0.184
2415 0.23
2417 0.167
2419 0.17
2421 0.231
2423 0.165
2425 0.221
2427 0.17
2429 0.19
2431 0.219
2433 0.163
2435 0.184
2437 0.166
2439 0.174
2441 0.172
2443 0.173
2445 0.179
2447 0.229
2449 0.179
2451 0.252
2453 0.227
2455 0.227
2457 0.233
2459 0.231
2461 0.248
2463 0.239
2465 0.259
2467 0.235
2469 0.239
2471 0.228
2473 0.171
2475 0.243
2477 0.241
2479 0.226
2481 0.239
2483 0.232
2485 0.219
2487 0.237
2489 0.221
2491 0.168
2493 0.227
2495 0.235
2497 0.174
2499 0.187
2501 0.241
2503 0.241
2505 0.224
2507 0.174
2509 0.238
2511 0.24
2513 0.168
2515 0.202
2517 0.244
2519 0.196
2521 0.238
2523 0.196
2525 0.197
2527 0.216
2529 0.242
2531 0.239
2533 0.239
2535 0.228
2537 0.235
2539 0.173
2541 0.172
2543 0.241
2545 0.172
2547 0.239
2549 0.228
2551 0.18
2553 0.221
2555 0.24
2557 0.174
2559 0.17
2561 0.225
2563 0.235
2565 0.187
2567 0.17
2569 0.241
2571 0.188
2573 0.201
2575 0.192
2577 0.245
2579 0.182
2581 0.207
2583 0.229
2585 0.241
2587 0.234
2589 0.179
2591 0.231
2593 0.237
2595 0.189
2597 0.173
2599 0.173
2601 0.186
2603 0.19
2605 0.188
2607 0.265
2609 0.235
2611 0.176
2613 0.187
2615 0.218
2617 0.187
2619 0.172
2621 0.241
2623 0.187
2625 0.223
2627 0.196
2629 0.181
2631 0.233
2633 0.179
2635 0.186
2637 0.206
2639 0.175
2641 0.249
2643 0.248
2645 0.247
2647 0.192
2649 0.255
2651 0.177
2653 0.226
2655 0.253
2657 0.195
2659 0.228
2661 0.246
2663 0.237
2665 0.238
2667 0.186
2669 0.197
2671 0.186
2673 0.182
2675 0.199
2677 0.28
2679 0.247
2681 0.279
2683 0.187
2685 0.249
2687 0.183
2689 0.246
2691 0.227
2693 0.24
2695 0.242
2697 0.258
2699 0.199
2701 0.188
2703 0.209
2705 0.239
2707 0.191
2709 0.175
2711 0.244
2713 0.243
2715 0.21
2717 0.279
2719 0.254
2721 0.249
2723 0.255
2725 0.248
2727 0.187
2729 0.234
2731 0.19
2733 0.198
2735 0.256
2737 0.257
2739 0.295
2741 0.247
2743 0.257
2745 0.25
2747 0.213
2749 0.234
2751 0.255
2753 0.257
2755 0.255
2757 0.263
2759 0.248
2761 0.261
2763 0.249
2765 0.255
2767 0.255
2769 0.247
2771 0.256
2773 0.191
2775 0.193
2777 0.254
2779 0.179
2781 0.177
2783 0.251
2785 0.261
2787 0.274
2789 0.261
2791 0.187
2793 0.247
2795 0.183
2797 0.288
2799 0.257
2801 0.191
2803 0.207
2805 0.241
2807 0.201
2809 0.243
2811 0.282
2813 0.275
2815 0.201
2817 0.25
2819 0.192
2821 0.237
2823 0.191
2825 0.253
2827 0.269
2829 0.257
2831 0.249
2833 0.185
2835 0.192
2837 0.258
2839 0.195
2841 0.19
2843 0.245
2845 0.256
2847 0.207
2849 0.216
2851 0.224
2853 0.185
2855 0.195
2857 0.261
2859 0.203
2861 0.262
2863 0.254
2865 0.2
2867 0.257
2869 0.202
2871 0.26
2873 0.187
2875 0.202
2877 0.3
2879 0.271
2881 0.194
2883 0.261
2885 0.268
2887 0.264
2889 0.245
2891 0.188
2893 0.196
2895 0.187
2897 0.198
2899 0.263
2901 0.253
2903 0.253
2905 0.272
2907 0.274
2909 0.2
2911 0.272
2913 0.277
2915 0.191
2917 0.192
2919 0.27
2921 0.202
2923 0.22
2925 0.261
2927 0.255
2929 0.268
2931 0.264
2933 0.199
2935 0.254
2937 0.27
2939 0.265
2941 0.29
2943 0.273
2945 0.262
2947 0.255
2949 0.26
2951 0.192
2953 0.279
2955 0.259
2957 0.258
2959 0.202
2961 0.275
2963 0.255
2965 0.28
2967 0.257
2969 0.269
2971 0.224
2973 0.273
2975 0.228
2977 0.2
2979 0.193
2981 0.197
2983 0.205
2985 0.192
2987 0.269
2989 0.271
2991 0.268
2993 0.271
2995 0.257
2997 0.188
2999 0.205
3001 0.207
3003 0.275
3005 0.266
3007 0.261
3009 0.274
3011 0.261
3013 0.201
3015 0.229
3017 0.199
3019 0.206
3021 0.283
3023 0.274
3025 0.267
3027 0.215
3029 0.264
3031 0.263
3033 0.265
3035 0.274
3037 0.276
3039 0.214
3041 0.252
3043 0.2
3045 0.223
3047 0.27
3049 0.203
3051 0.266
3053 0.203
3055 0.195
3057 0.274
3059 0.27
3061 0.205
3063 0.268
3065 0.205
3067 0.264
3069 0.21
3071 0.194
3073 0.289
3075 0.272
3077 0.266
3079 0.204
3081 0.199
3083 0.26
3085 0.199
3087 0.195
3089 0.2
3091 0.268
3093 0.286
3095 0.271
3097 0.196
3099 0.198
3101 0.317
3103 0.202
3105 0.268
3107 0.204
3109 0.267
3111 0.209
3113 0.265
3115 0.262
3117 0.202
3119 0.215
3121 0.269
3123 0.278
3125 0.279
3127 0.213
3129 0.267
3131 0.281
3133 0.267
3135 0.279
3137 0.263
3139 0.272
3141 0.276
3143 0.274
3145 0.278
3147 0.298
3149 0.264
3151 0.274
3153 0.262
3155 0.221
3157 0.276
3159 0.215
3161 0.281
3163 0.257
3165 0.273
3167 0.268
3169 0.206
3171 0.256
3173 0.287
3175 0.276
3177 0.214
3179 0.292
3181 0.303
3183 0.275
3185 0.218
3187 0.221
3189 0.282
3191 0.275
3193 0.238
3195 0.283
3197 0.219
3199 0.266
3201 0.207
3203 0.264
3205 0.267
3207 0.261
3209 0.212
3211 0.213
3213 0.209
3215 0.267
3217 0.283
3219 0.288
3221 0.281
3223 0.287
3225 0.217
3227 0.334
3229 0.278
3231 0.216
3233 0.289
3235 0.271
3237 0.211
3239 0.263
3241 0.215
3243 0.298
3245 0.28
3247 0.223
3249 0.223
3251 0.292
3253 0.212
3255 0.316
3257 0.28
3259 0.296
3261 0.265
3263 0.284
3265 0.286
3267 0.277
3269 0.217
3271 0.278
3273 0.292
3275 0.302
3277 0.279
3279 0.257
3281 0.224
3283 0.26
3285 0.298
3287 0.309
3289 0.29
3291 0.23
3293 0.278
3295 0.276
3297 0.221
3299 0.26
3301 0.219
3303 0.28
3305 0.333
3307 0.337
3309 0.221
3311 0.295
3313 0.283
3315 0.219
3317 0.299
3319 0.289
3321 0.232
3323 0.328
3325 0.292
3327 0.3
3329 0.216
3331 0.274
3333 0.22
3335 0.211
3337 0.295
3339 0.215
3341 0.22
3343 0.285
3345 0.228
3347 0.23
3349 0.284
3351 0.226
3353 0.225
3355 0.302
3357 0.263
3359 0.22
3361 0.285
3363 0.233
3365 0.225
3367 0.225
3369 0.256
3371 0.29
3373 0.296
3375 0.31
3377 0.296
3379 0.313
3381 0.302
3383 0.291
3385 0.25
3387 0.226
3389 0.215
3391 0.222
3393 0.312
3395 0.226
3397 0.221
3399 0.21
3401 0.309
3403 0.309
3405 0.228
3407 0.222
3409 0.307
3411 0.235
3413 0.221
3415 0.21
3417 0.219
3419 0.217
3421 0.211
3423 0.213
3425 0.307
3427 0.229
3429 0.304
3431 0.295
3433 0.221
3435 0.285
3437 0.311
3439 0.296
3441 0.262
3443 0.256
3445 0.302
3447 0.286
3449 0.297
3451 0.235
3453 0.296
3455 0.22
3457 0.295
3459 0.278
3461 0.294
3463 0.352
3465 0.297
3467 0.304
3469 0.362
3471 0.295
3473 0.305
3475 0.296
3477 0.306
3479 0.299
3481 0.295
3483 0.295
3485 0.232
3487 0.298
3489 0.308
3491 0.238
3493 0.236
3495 0.293
3497 0.231
3499 0.287
3501 0.29
3503 0.318
3505 0.308
3507 0.304
3509 0.28
3511 0.28
3513 0.239
3515 0.243
3517 0.304
3519 0.324
3521 0.243
3523 0.299
3525 0.229
3527 0.299
3529 0.225
3531 0.304
3533 0.307
3535 0.3
3537 0.229
3539 0.235
3541 0.227
3543 0.243
3545 0.309
3547 0.311
3549 0.286
3551 0.315
3553 0.225
3555 0.23
3557 0.244
3559 0.226
3561 0.261
3563 0.311
3565 0.266
3567 0.275
3569 0.326
3571 0.329
3573 0.243
3575 0.318
3577 0.241
3579 0.302
3581 0.303
3583 0.311
3585 0.295
3587 0.233
3589 0.298
3591 0.303
3593 0.306
3595 0.249
3597 0.308
3599 0.254
3601 0.309
3603 0.308
3605 0.311
3607 0.307
3609 0.318
3611 0.32
3613 0.313
3615 0.246
3617 0.302
3619 0.236
3621 0.232
3623 0.324
3625 0.232
3627 0.306
3629 0.315
3631 0.301
3633 0.244
3635 0.287
3637 0.238
3639 0.305
3641 0.264
3643 0.317
3645 0.264
3647 0.311
3649 0.308
3651 0.278
3653 0.236
3655 0.303
3657 0.306
3659 0.324
3661 0.295
3663 0.317
3665 0.319
3667 0.318
3669 0.306
3671 0.321
3673 0.25
3675 0.303
3677 0.318
3679 0.318
3681 0.249
3683 0.319
3685 0.327
3687 0.345
3689 0.314
3691 0.246
3693 0.324
3695 0.369
3697 0.327
3699 0.313
3701 0.245
3703 0.25
3705 0.303
3707 0.302
3709 0.319
3711 0.318
3713 0.306
3715 0.266
3717 0.235
3719 0.323
3721 0.244
3723 0.316
3725 0.316
3727 0.32
3729 0.322
3731 0.25
3733 0.251
3735 0.309
3737 0.317
3739 0.318
3741 0.24
3743 0.316
3745 0.27
3747 0.313
3749 0.255
3751 0.24
3753 0.321
3755 0.324
3757 0.312
3759 0.32
3761 0.24
3763 0.329
3765 0.328
3767 0.316
3769 0.25
3771 0.242
3773 0.237
3775 0.236
3777 0.244
3779 0.31
3781 0.248
3783 0.316
3785 0.254
3787 0.254
3789 0.247
3791 0.244
3793 0.236
3795 0.237
3797 0.323
3799 0.35
3801 0.322
3803 0.367
3805 0.324
3807 0.369
3809 0.332
3811 0.338
3813 0.33
3815 0.329
3817 0.328
3819 0.316
3821 0.332
3823 0.247
3825 0.26
3827 0.259
3829 0.317
3831 0.326
3833 0.314
3835 0.317
3837 0.329
3839 0.254
3841 0.322
3843 0.264
3845 0.324
3847 0.321
3849 0.336
3851 0.327
3853 0.247
3855 0.33
3857 0.326
3859 0.382
3861 0.32
3863 0.338
3865 0.319
3867 0.262
3869 0.292
3871 0.323
3873 0.329
3875 0.322
3877 0.317
3879 0.341
3881 0.311
3883 0.28
3885 0.251
3887 0.317
3889 0.325
3891 0.256
3893 0.327
3895 0.335
3897 0.314
3899 0.255
3901 0.26
3903 0.261
3905 0.26
3907 0.337
3909 0.262
3911 0.265
3913 0.264
3915 0.26
3917 0.331
3919 0.337
3921 0.339
3923 0.32
3925 0.327
3927 0.343
3929 0.328
3931 0.268
3933 0.263
3935 0.265
3937 0.341
3939 0.35
3941 0.374
3943 0.389
3945 0.263
3947 0.254
3949 0.246
3951 0.249
3953 0.334
3955 0.34
3957 0.341
3959 0.342
3961 0.251
3963 0.296
3965 0.267
3967 0.26
3969 0.324
3971 0.264
3973 0.264
3975 0.338
3977 0.342
3979 0.269
3981 0.344
3983 0.331
3985 0.347
3987 0.265
3989 0.396
3991 0.272
3993 0.342
3995 0.336
3997 0.337
3999 0.263
4001 0.263
4003 0.262
4005 0.333
4007 0.266
4009 0.251
4011 0.265
4013 0.316
4015 0.269
4017 0.329
4019 0.35
4021 0.397
4023 0.336
4025 0.341
4027 0.341
4029 0.332
4031 0.333
4033 0.266
4035 0.262
4037 0.251
4039 0.263
4041 0.332
4043 0.275
4045 0.33
4047 0.345
4049 0.323
4051 0.344
4053 0.346
4055 0.339
4057 0.395
4059 0.342
4061 0.265
4063 0.354
4065 0.352
4067 0.278
4069 0.347
4071 0.351
4073 0.34
4075 0.271
4077 0.354
4079 0.345
4081 0.348
4083 0.279
4085 0.346
4087 0.335
4089 0.284
4091 0.346
4093 0.362
4095 0.341
4097 0.311
4099 0.355
4101 0.334
4103 0.308
4105 0.335
4107 0.332
4109 0.337
4111 0.347
4113 0.403
4115 0.343
4117 0.335
4119 0.274
4121 0.33
4123 0.343
4125 0.278
4127 0.344
4129 0.309
4131 0.343
4133 0.27
4135 0.349
4137 0.358
4139 0.274
4141 0.343
4143 0.341
4145 0.356
4147 0.344
4149 0.326
4151 0.348
4153 0.279
4155 0.27
4157 0.259
4159 0.353
4161 0.358
4163 0.339
4165 0.271
4167 0.279
4169 0.267
4171 0.348
4173 0.349
4175 0.364
4177 0.355
4179 0.353
4181 0.336
4183 0.359
4185 0.29
4187 0.346
4189 0.349
4191 0.361
4193 0.354
4195 0.365
4197 0.285
4199 0.403
4201 0.28
4203 0.343
4205 0.354
4207 0.282
4209 0.362
4211 0.356
4213 0.359
4215 0.337
4217 0.367
4219 0.386
4221 0.274
4223 0.259
4225 0.366
4227 0.36
4229 0.399
4231 0.285
4233 0.283
4235 0.286
4237 0.327
4239 0.372
4241 0.353
4243 0.357
4245 0.348
4247 0.35
4249 0.29
4251 0.273
4253 0.268
4255 0.268
4257 0.349
4259 0.346
4261 0.371
4263 0.288
4265 0.266
4267 0.356
4269 0.343
4271 0.285
4273 0.36
4275 0.285
4277 0.284
4279 0.29
4281 0.363
4283 0.356
4285 0.292
4287 0.283
4289 0.434
4291 0.374
4293 0.294
4295 0.352
4297 0.362
4299 0.367
4301 0.374
4303 0.363
4305 0.295
4307 0.354
4309 0.37
4311 0.348
4313 0.385
4315 0.372
4317 0.374
4319 0.364
4321 0.282
4323 0.346
4325 0.353
4327 0.353
4329 0.371
4331 0.338
4333 0.369
4335 0.311
4337 0.37
4339 0.293
4341 0.361
4343 0.285
4345 0.361
4347 0.287
4349 0.303
4351 0.373
4353 0.285
4355 0.27
4357 0.351
4359 0.301
4361 0.359
4363 0.358
4365 0.38
4367 0.372
4369 0.368
4371 0.362
4373 0.293
4375 0.322
4377 0.367
4379 0.373
4381 0.368
4383 0.377
4385 0.286
4387 0.298
4389 0.354
4391 0.29
4393 0.438
4395 0.355
4397 0.354
4399 0.291
4401 0.36
4403 0.304
4405 0.349
4407 0.366
4409 0.334
4411 0.288
4413 0.31
4415 0.373
4417 0.36
4419 0.367
4421 0.354
4423 0.442
4425 0.314
4427 0.285
4429 0.369
4431 0.366
4433 0.366
4435 0.373
4437 0.378
4439 0.375
4441 0.368
4443 0.303
4445 0.296
4447 0.298
4449 0.299
4451 0.363
4453 0.363
4455 0.343
4457 0.298
4459 0.312
4461 0.374
4463 0.3
4465 0.363
4467 0.369
4469 0.324
4471 0.311
4473 0.308
4475 0.439
4477 0.425
4479 0.353
4481 0.419
4483 0.355
4485 0.347
4487 0.305
4489 0.291
4491 0.285
4493 0.375
4495 0.377
4497 0.301
4499 0.286
4501 0.374
4503 0.364
4505 0.294
4507 0.283
4509 0.288
4511 0.276
4513 0.364
4515 0.383
4517 0.293
4519 0.387
4521 0.392
4523 0.435
4525 0.312
4527 0.368
4529 0.305
4531 0.388
4533 0.386
4535 0.432
4537 0.37
4539 0.368
4541 0.441
4543 0.382
4545 0.313
4547 0.386
4549 0.383
4551 0.392
4553 0.401
4555 0.369
4557 0.383
4559 0.37
4561 0.372
4563 0.38
4565 0.388
4567 0.371
4569 0.31
4571 0.309
4573 0.307
4575 0.375
4577 0.327
4579 0.304
4581 0.304
4583 0.381
4585 0.368
4587 0.385
4589 0.388
4591 0.304
4593 0.38
4595 0.316
4597 0.372
4599 0.381
4601 0.302
4603 0.312
4605 0.378
4607 0.388
4609 0.313
4611 0.297
4613 0.309
4615 0.399
4617 0.398
4619 0.33
4621 0.388
4623 0.335
4625 0.316
4627 0.386
4629 0.314
4631 0.314
4633 0.399
4635 0.308
4637 0.371
4639 0.38
4641 0.383
4643 0.323
4645 0.396
4647 0.396
4649 0.374
4651 0.384
4653 0.394
4655 0.315
4657 0.321
4659 0.376
4661 0.315
4663 0.374
4665 0.399
4667 0.39
4669 0.396
4671 0.403
4673 0.39
4675 0.314
4677 0.313
4679 0.302
4681 0.317
4683 0.384
4685 0.322
4687 0.395
4689 0.372
4691 0.387
4693 0.416
4695 0.389
4697 0.338
4699 0.397
4701 0.315
4703 0.387
4705 0.316
4707 0.384
4709 0.371
4711 0.41
4713 0.385
4715 0.39
4717 0.336
4719 0.404
4721 0.401
4723 0.326
4725 0.326
4727 0.321
4729 0.404
4731 0.386
4733 0.395
4735 0.397
4737 0.314
4739 0.333
4741 0.309
4743 0.399
4745 0.386
4747 0.335
4749 0.328
4751 0.414
4753 0.422
4755 0.322
4757 0.315
4759 0.401
4761 0.393
4763 0.315
4765 0.309
4767 0.31
4769 0.416
4771 0.399
4773 0.467
4775 0.416
4777 0.337
4779 0.316
4781 0.311
4783 0.407
4785 0.461
4787 0.406
4789 0.409
4791 0.403
4793 0.453
4795 0.325
4797 0.314
4799 0.308
4801 0.313
4803 0.317
4805 0.382
4807 0.332
4809 0.411
4811 0.329
4813 0.393
4815 0.419
4817 0.33
4819 0.398
4821 0.41
4823 0.333
4825 0.31
4827 0.32
4829 0.307
4831 0.38
4833 0.339
4835 0.338
4837 0.403
4839 0.476
4841 0.389
4843 0.334
4845 0.327
4847 0.349
4849 0.399
4851 0.41
4853 0.334
4855 0.417
4857 0.341
4859 0.312
4861 0.417
4863 0.322
4865 0.44
4867 0.453
4869 0.403
4871 0.415
4873 0.416
4875 0.335
4877 0.416
4879 0.337
4881 0.39
4883 0.329
4885 0.338
4887 0.314
4889 0.412
4891 0.421
4893 0.344
4895 0.412
4897 0.423
4899 0.41
4901 0.347
4903 0.318
4905 0.401
4907 0.411
4909 0.411
4911 0.402
4913 0.466
4915 0.329
4917 0.409
4919 0.324
4921 0.352
4923 0.426
4925 0.457
4927 0.393
4929 0.468
4931 0.346
4933 0.411
4935 0.41
4937 0.385
4939 0.41
4941 0.414
4943 0.42
4945 0.414
4947 0.405
4949 0.421
4951 0.473
4953 0.408
4955 0.329
4957 0.335
4959 0.429
4961 0.434
4963 0.425
4965 0.432
4967 0.488
4969 0.426
4971 0.412
4973 0.434
4975 0.405
4977 0.429
4979 0.469
4981 0.39
4983 0.431
4985 0.347
4987 0.418
4989 0.365
4991 0.353
4993 0.317
4995 0.329
4997 0.409
4999 0.492