1 0.064
2 0.072
3 0.08
4 0.075
5 0.084
6 0.08
7 0.088
8 0.079
9 0.088
10 0.088
11 0.092
12 0.092
13 0.099
14 0.096
15 0.099
16 0.104
17 0.104
18 0.112
19 0.112
20 0.112
21 0.108
22 0.115
23 0.119
24 0.12
25 0.119
26 0.128
27 0.124
28 0.124
29 0.127
30 0.132
31 0.135
32 0.135
33 0.139
34 0.139
35 0.144
36 0.143
37 0.148
38 0.148
39 0.152
40 0.151
41 0.152
42 0.155
43 0.16
44 0.159
45 0.167
46 0.164
47 0.172
48 0.168
49 0.168
50 0.175
51 0.172
52 0.175
53 0.179
54 0.179
55 0.18
56 0.183
57 0.183
58 0.192
59 0.183
60 0.192
61 0.188
62 0.196
63 0.199
64 0.204
65 0.2
66 0.204
67 0.2
68 0.207
69 0.203
70 0.215
71 0.211
72 0.211
73 0.22
74 0.211
75 0.22
76 0.228
77 0.228
78 0.231
79 0.236
80 0.239
81 0.244
82 0.235
83 0.243
84 0.248
85 0.256
86 0.252
87 0.24
88 0.255
89 0.251
90 0.255
91 0.255
92 0.255
93 0.251
94 0.26
95 0.263
96 0.268
97 0.268
98 0.275
99 0.271
100 0.276
101 0.276
102 0.279
103 0.284
104 0.283
105 0.284
106 0.284
107 0.284
108 0.288
109 0.288
110 0.288
111 0.3
112 0.304
113 0.304
114 0.3
115 0.304
116 0.304
117 0.311
118 0.311
119 0.307
120 0.315
121 0.32
122 0.319
123 0.32
124 0.319
125 0.327
126 0.331
127 0.328
128 0.331
129 0.331
130 0.335
131 0.332
132 0.335
133 0.34
134 0.344
135 0.347
136 0.352
137 0.347
138 0.351
139 0.356
140 0.355
141 0.356
142 0.36
143 0.355
144 0.36
145 0.364
146 0.371
147 0.372
148 0.371
149 0.372
150 0.375
151 0.376
152 0.38
153 0.384
154 0.387
155 0.387
156 0.384
157 0.387
158 0.392
159 0.391
160 0.396
161 0.4
162 0.399
163 0.4
164 0.4
165 0.403
166 0.403
167 0.407
168 0.412
169 0.411
170 0.415
171 0.42
172 0.423
173 0.423
174 0.423
175 0.427
176 0.427
177 0.431
178 0.423
179 0.431
180 0.436
181 0.436
182 0.44
183 0.436
184 0.443
185 0.443
186 0.443
187 0.448
188 0.452
189 0.443
190 0.452
191 0.455
192 0.46
193 0.459
194 0.463
195 0.46
196 0.463
197 0.471
198 0.471
199 0.472
200 0.471
201 0.472
202 0.467
203 0.476
204 0.48
205 0.483
206 0.488
207 0.487
208 0.492
209 0.492
210 0.496
211 0.5
212 0.503
213 0.503
214 0.507
215 0.507
216 0.511
217 0.508
218 0.511
219 0.523
220 0.519
221 0.523
222 0.523
223 0.523
224 0.516
225 0.523
226 0.531
227 0.532
228 0.532
229 0.532
230 0.536
231 0.536
232 0.531
233 0.539
234 0.548
235 0.536
236 0.543
237 0.548
238 0.543
239 0.552
240 0.556
241 0.552
242 0.563
243 0.559
244 0.564
245 0.563
246 0.563
247 0.567
248 0.572
249 0.572
250 0.572
251 0.579
252 0.579
253 0.571
254 0.579
255 0.583
256 0.592
257 0.588
258 0.587
259 0.588
260 0.592
261 0.592
262 0.599
263 0.596
264 0.603
265 0.596
266 0.604
267 0.603
268 0.608
269 0.608
270 0.615
271 0.612
272 0.615
273 0.62
274 0.62
275 0.619
276 0.623
277 0.628
278 0.628
279 0.627
280 0.631
281 0.635
282 0.635
283 0.64
284 0.643
285 0.643
286 0.648
287 0.647
288 0.647
289 0.652
290 0.647
291 0.656
292 0.655
293 0.659
294 0.66
295 0.663
296 0.664
297 0.668
298 0.668
299 0.668
300 0.672
301 0.672
302 0.676
303 0.679
304 0.683
305 0.684
306 0.68
307 0.684
308 0.688
309 0.692
310 0.692
311 0.696
312 0.695
313 0.695
314 0.699
315 0.7
316 0.704
317 0.704
318 0.708
319 0.711
320 0.711
321 0.715
322 0.708
323 0.707
324 0.715
325 0.711
326 0.768
327 0.744
328 0.743
329 0.744
330 0.756
331 0.755
332 0.751
333 0.751
334 0.759
335 0.764
336 0.768
337 0.759
338 0.776
339 0.775
340 0.775
341 0.759
342 0.775
343 0.771
344 0.768
345 0.78
346 0.783
347 0.775
348 0.788
349 0.784
350 0.791
351 0.791
352 0.788
353 0.795
354 0.792
355 0.799
356 0.795
357 0.803
358 0.799
359 0.807
360 0.807
361 0.811
362 0.811
363 0.812
364 0.815
365 0.815
366 0.812
367 0.824
368 0.824
369 0.816
370 0.844
371 0.824
372 0.827
373 0.836
374 0.835
375 0.844
376 0.839
377 0.836
378 0.847
379 0.844
380 0.852
381 0.851
382 0.847
383 0.856
384 0.86
385 0.86
386 0.86
387 0.86
388 0.86
389 0.868
390 0.867
391 0.876
392 0.876
393 0.876
394 0.876
395 0.88
396 0.88
397 0.875
398 0.884
399 0.887
400 0.892
401 0.892
402 0.888
403 0.892
404 0.896
405 0.9
406 0.895
407 0.9
408 0.903
409 0.907
410 0.907
411 0.911
412 0.911
413 0.911
414 0.911
415 0.92
416 0.923
417 0.919
418 0.927
419 0.923
420 0.923
421 0.936
422 0.932
423 0.936
424 0.936
425 0.935
426 0.936
427 0.94
428 0.94
429 0.943
430 0.943
431 0.943
432 0.951
433 0.952
434 0.959
435 0.956
436 0.951
437 0.963
438 0.968
439 0.968
440 0.972
441 0.976
442 0.98
443 0.987
444 0.983
445 0.983
446 0.988
447 0.983
448 0.98
449 0.983
450 0.992
451 0.992
452 0.988
453 1.
454 0.996
455 0.996
456 1.004
457 1.003
458 1.007
459 1.012
460 1.008
461 1.011
462 1.
463 1.039
464 0.987
465 1.003
466 0.992
467 1.004
468 1.
469 1.012
470 1.011
471 1.016
472 1.019
473 1.015
474 1.028
475 1.015
476 1.019
477 1.027
478 1.023
479 1.019
480 1.028
481 1.032
482 1.032
483 1.039
484 1.04
485 1.036
486 1.04
487 1.039
488 1.044
489 1.048
490 1.047
491 1.047
492 1.056
493 1.052
494 1.056
495 1.056
496 1.059
497 1.067
498 1.067
499 1.076
500 1.067
501 1.076
502 1.076
503 1.076
504 1.076
505 1.079
506 1.083
507 1.079
508 1.084
509 1.083
510 1.092
511 1.091
512 1.088
513 1.096
514 1.096
515 1.092
516 1.099
517 1.103
518 1.099
519 1.108
520 1.104
521 1.112
522 1.108
523 1.115
524 1.12
525 1.115
526 1.119
527 1.12
528 1.119
529 1.128
530 1.132
531 1.132
532 1.127
533 1.132
534 1.132
535 1.135
536 1.139
537 1.152
538 1.156
539 1.155
540 1.155
541 1.155
542 1.155
543 1.159
544 1.168
545 1.172
546 1.172
547 1.163
548 1.168
549 1.172
550 1.175
551 1.175
552 1.172
553 1.172
554 1.18
555 1.179
556 1.184
557 1.179
558 1.188
559 1.192
560 1.188
561 1.188
562 1.188
563 1.2
564 1.192
565 1.195
566 1.204
567 1.2
568 1.204
569 1.208
570 1.208
571 1.224
572 1.208
573 1.215
574 1.211
575 1.22
576 1.215
577 1.224
578 1.223
579 1.228
580 1.228
581 1.211
582 1.239
583 1.231
584 1.235
585 1.24
586 1.24
587 1.248
588 1.248
589 1.244
590 1.244
591 1.275
592 1.275
593 1.271
594 1.268
595 1.28
596 1.284
597 1.288
598 1.284
599 1.279
600 1.288
601 1.295
602 1.292
603 1.3
604 1.3
605 1.3
606 1.295
607 1.296
608 1.3
609 1.3
610 1.3
611 1.307
612 1.307
613 1.311
614 1.316
615 1.315
616 1.319
617 1.323
618 1.327
619 1.327
620 1.327
621 1.331
622 1.331
623 1.327
624 1.331
625 1.34
626 1.335
627 1.344
628 1.327
629 1.355
630 1.351
631 1.36
632 1.355
633 1.367
634 1.368
635 1.371
636 1.371
637 1.372
638 1.36
639 1.372
640 1.376
641 1.371
642 1.371
643 1.367
644 1.371
645 1.379
646 1.376
647 1.384
648 1.384
649 1.388
650 1.384
651 1.387
652 1.387
653 1.395
654 1.403
655 1.403
656 1.403
657 1.392
658 1.456
659 1.411
660 1.411
661 1.427
662 1.416
663 1.416
664 1.423
665 1.423
666 1.423
667 1.423
668 1.423
669 1.428
670 1.432
671 1.431
672 1.436
673 1.436
674 1.427
675 1.443
676 1.44
677 1.443
678 1.443
679 1.443
680 1.452
681 1.451
682 1.456
683 1.451
684 1.46
685 1.448
686 1.46
687 1.459
688 1.467
689 1.472
690 1.472
691 1.468
692 1.476
693 1.476
694 1.468
695 1.48
696 1.48
697 1.48
698 1.488
699 1.491
700 1.48
701 1.491
702 1.496
703 1.5
704 1.492
705 1.492
706 1.5
707 1.496
708 1.5
709 1.507
710 1.496
711 1.495
712 1.516
713 1.511
714 1.516
715 1.516
716 1.516
717 1.519
718 1.531
719 1.536
720 1.532
721 1.536
722 1.532
723 1.527
724 1.531
725 1.531
726 1.536
727 1.543
728 1.543
729 1.552
730 1.551
731 1.543
732 1.552
733 1.551
734 1.559
735 1.563
736 1.556
737 1.564
738 1.559
739 1.572
740 1.572
741 1.572
742 1.568
743 1.572
744 1.583
745 1.579
746 1.572
747 1.576
748 1.584
749 1.583
750 1.587
751 1.587
752 1.583
753 1.596
754 1.6
755 1.604
756 1.603
757 1.604
758 1.604
759 1.612
760 1.603
761 1.608
762 1.611
763 1.612
764 1.615
765 1.619
766 1.619
767 1.616
768 1.623
769 1.627
770 1.623
771 1.632
772 1.635
773 1.635
774 1.639
775 1.635
776 1.64
777 1.648
778 1.652
779 1.647
780 1.652
781 1.652
782 1.655
783 1.655
784 1.66
785 1.655
786 1.663
787 1.663
788 1.668
789 1.664
790 1.663
791 1.672
792 1.676
793 1.672
794 1.668
795 1.675
796 1.688
797 1.688
798 1.691
799 1.695
800 1.708
801 1.7
802 1.696
803 1.692
804 1.692
805 1.703
806 1.696
807 1.699
808 1.708
809 1.704
810 1.703
811 1.711
812 1.711
813 1.708
814 1.708
815 1.708
816 1.723
817 1.723
818 1.728
819 1.723
820 1.723
821 1.724
822 1.724
823 1.744
824 1.739
825 1.731
826 1.74
827 1.748
828 1.744
829 1.748
830 1.751
831 1.751
832 1.756
833 1.755
834 1.755
835 1.76
836 1.739
837 1.752
838 1.764
839 1.768
840 1.771
841 1.775
842 1.775
843 1.755
844 1.775
845 1.78
846 1.779
847 1.768
848 1.78
849 1.784
850 1.788
851 1.78
852 1.788
853 1.795
854 1.791
855 1.8
856 1.795
857 1.791
858 1.803
859 1.799
860 1.807
861 1.804
862 1.804
863 1.811
864 1.811
865 1.819
866 1.812
867 1.824
868 1.811
869 1.828
870 1.828
871 1.836
872 1.844
873 1.847
874 1.844
875 1.844
876 1.844
877 1.844
878 1.844
879 1.844
880 1.844
881 1.848
882 1.859
883 1.851
884 1.86
885 1.863
886 1.863
887 1.864
888 1.868
889 1.867
890 1.871
891 1.872
892 1.872
893 1.876
894 1.876
895 1.884
896 1.892
897 1.884
898 1.887
899 1.887
900 1.891
901 1.891
902 1.895
903 1.896
904 1.9
905 1.9
906 1.899
907 1.907
908 1.907
909 1.908
910 1.904
911 1.912
912 1.916
913 1.912
914 1.911
915 1.915
916 1.923
917 1.923
918 1.928
919 1.927
920 1.927
921 1.931
922 1.923
923 1.935
924 1.935
925 1.94
926 1.94
927 1.935
928 1.943
929 1.943
930 1.947
931 1.947
932 1.952
933 1.952
934 1.956
935 1.956
936 1.96
937 1.96
938 1.971
939 1.971
940 1.975
941 1.979
942 1.992
943 1.992
944 1.988
945 1.98
946 1.979
947 1.967
948 1.988
949 1.988
950 1.988
951 1.996
952 1.984
953 1.988
954 2.
955 2.
956 2.003
957 1.988
958 2.003
959 2.008
960 2.007
961 2.003
962 2.011
963 2.019
964 2.015
965 2.015
966 2.
967 2.023
968 2.023
969 2.015
970 2.019
971 2.012
972 2.032
973 2.015
974 2.031
975 2.036
976 2.039
977 2.027
978 2.043
979 2.036
980 2.048
981 2.044
982 2.043
983 2.047
984 2.039
985 2.051
986 2.059
987 2.047
988 2.047
989 2.06
990 2.055
991 2.06
992 2.068
993 2.059
994 2.055
995 2.076
996 2.072
997 2.084
998 2.079
999 2.079
1000 2.087