1 0.26
2 0.131
3 0.128
4 0.128
5 0.131
6 0.136
7 0.136
8 0.136
9 0.136
10 0.132
11 0.132
12 0.135
13 0.14
14 0.136
15 0.136
16 0.135
17 0.136
18 0.136
19 0.135
20 0.139
21 0.14
22 0.136
23 0.144
24 0.139
25 0.139
26 0.144
27 0.144
28 0.144
29 0.14
30 0.144
31 0.139
32 0.147
33 0.144
34 0.139
35 0.147
36 0.144
37 0.144
38 0.147
39 0.14
40 0.14
41 0.147
42 0.148
43 0.144
44 0.155
45 0.151
46 0.144
47 0.148
48 0.144
49 0.152
50 0.147
51 0.155
52 0.152
53 0.151
54 0.147
55 0.152
56 0.151
57 0.152
58 0.155
59 0.156
60 0.16
61 0.151
62 0.16
63 0.156
64 0.156
65 0.16
66 0.155
67 0.151
68 0.163
69 0.16
70 0.151
71 0.292
72 0.164
73 0.163
74 0.163
75 0.164
76 0.168
77 0.167
78 0.168
79 0.168
80 0.167
81 0.164
82 0.159
83 0.171
84 0.164
85 0.163
86 0.163
87 0.171
88 0.168
89 0.168
90 0.168
91 0.168
92 0.171
93 0.168
94 0.171
95 0.176
96 0.171
97 0.171
98 0.171
99 0.172
100 0.176
101 0.172
102 0.176
103 0.179
104 0.171
105 0.176
106 0.179
107 0.179
108 0.179
109 0.179
110 0.176
111 0.187
112 0.18
113 0.179
114 0.172
115 0.192
116 0.179
117 0.179
118 0.184
119 0.184
120 0.187
121 0.184
122 0.179
123 0.188
124 0.188
125 0.187
126 0.187
127 0.183
128 0.192
129 0.183
130 0.195
131 0.188
132 0.195
133 0.2
134 0.192
135 0.211
136 0.192
137 0.2
138 0.199
139 0.195
140 0.196
141 0.211
142 0.208
143 0.204
144 0.203
145 0.199
146 0.204
147 0.2
148 0.211
149 0.204
150 0.199
151 0.207
152 0.196
153 0.208
154 0.196
155 0.211
156 0.196
157 0.211
158 0.204
159 0.2
160 0.196
161 0.204
162 0.192
163 0.208
164 0.207
165 0.207
166 0.199
167 0.207
168 0.207
169 0.207
170 0.207
171 0.196
172 0.199
173 0.215
174 0.199
175 0.211
176 0.211
177 0.211
178 0.224
179 0.211
180 0.207
181 0.219
182 0.215
183 0.204
184 0.22
185 0.207
186 0.224
187 0.224
188 0.207
189 0.224
190 0.219
191 0.243
192 0.228
193 0.215
194 0.228
195 0.224
196 0.211
197 0.227
198 0.219
199 0.219
200 0.219
201 0.219
202 0.224
203 0.216
204 0.224
205 0.219
206 0.215
207 0.224
208 0.224
209 0.224
210 0.235
211 0.231
212 0.22
213 0.228
214 0.22
215 0.224
216 0.216
217 0.224
218 0.224
219 0.219
220 0.231
221 0.231
222 0.232
223 0.227
224 0.243
225 0.235
226 0.231
227 0.227
228 0.235
229 0.231
230 0.259
231 0.243
232 0.239
233 0.231
234 0.256
235 0.243
236 0.239
237 0.235
238 0.243
239 0.247
240 0.24
241 0.248
242 0.243
243 0.26
244 0.247
245 0.244
246 0.243
247 0.24
248 0.236
249 0.243
250 0.243
251 0.243
252 0.243
253 0.243
254 0.247
255 0.239
256 0.239
257 0.239
258 0.251
259 0.247
260 0.243
261 0.251
262 0.239
263 0.243
264 0.24
265 0.256
266 0.251
267 0.251
268 0.251
269 0.251
270 0.251
271 0.252
272 0.248
273 0.26
274 0.26
275 0.252
276 0.252
277 0.268
278 0.264
279 0.259
280 0.268
281 0.28
282 0.28
283 0.256
284 0.264
285 0.263
286 0.259
287 0.276
288 0.276
289 0.271
290 0.267
291 0.256
292 0.259
293 0.256
294 0.259
295 0.259
296 0.256
297 0.268
298 0.264
299 0.264
300 0.264
301 0.256
302 0.263
303 0.28
304 0.283
305 0.283
306 0.288
307 0.276
308 0.276
309 0.271
310 0.271
311 0.272
312 0.271
313 0.271
314 0.28
315 0.287
316 0.288
317 0.275
318 0.28
319 0.291
320 0.299
321 0.268
322 0.275
323 0.28
324 0.275
325 0.28
326 0.283
327 0.283
328 0.268
329 0.276
330 0.275
331 0.28
332 0.288
333 0.275
334 0.287
335 0.283
336 0.283
337 0.287
338 0.295
339 0.287
340 0.283
341 0.292
342 0.28
343 0.295
344 0.307
345 0.283
346 0.316
347 0.295
348 0.308
349 0.292
350 0.295
351 0.304
352 0.323
353 0.3
354 0.292
355 0.296
356 0.287
357 0.3
358 0.296
359 0.299
360 0.304
361 0.283
362 0.295
363 0.287
364 0.295
365 0.296
366 0.304
367 0.304
368 0.299
369 0.316
370 0.292
371 0.308
372 0.295
373 0.315
374 0.3
375 0.304
376 0.303
377 0.316
378 0.304
379 0.343
380 0.308
381 0.328
382 0.304
383 0.307
384 0.304
385 0.307
386 0.299
387 0.316
388 0.32
389 0.304
390 0.311
391 0.304
392 0.3
393 0.304
394 0.308
395 0.311
396 0.331
397 0.32
398 0.328
399 0.335
400 0.32
401 0.359
402 0.34
403 0.327
404 0.367
405 0.32
406 0.32
407 0.308
408 0.311
409 0.319
410 0.328
411 0.311
412 0.319
413 0.319
414 0.316
415 0.32
416 0.316
417 0.32
418 0.339
419 0.316
420 0.328
421 0.332
422 0.335
423 0.339
424 0.335
425 0.323
426 0.38
427 0.328
428 0.352
429 0.347
430 0.328
431 0.328
432 0.335
433 0.323
434 0.347
435 0.335
436 0.319
437 0.331
438 0.331
439 0.332
440 0.335
441 0.335
442 0.34
443 0.328
444 0.34
445 0.332
446 0.355
447 0.355
448 0.347
449 0.359
450 0.364
451 0.348
452 0.359
453 0.351
454 0.339
455 0.343
456 0.347
457 0.331
458 0.343
459 0.335
460 0.359
461 0.347
462 0.34
463 0.356
464 0.352
465 0.347
466 0.367
467 0.359
468 0.363
469 0.384
470 0.371
471 0.359
472 0.371
473 0.359
474 0.344
475 0.367
476 0.355
477 0.347
478 0.347
479 0.355
480 0.352
481 0.355
482 0.351
483 0.347
484 0.384
485 0.356
486 0.371
487 0.396
488 0.388
489 0.38
490 0.355
491 0.363
492 0.367
493 0.364
494 0.384
495 0.363
496 0.347
497 0.376
498 0.359
499 0.376
500 0.364
501 0.352
502 0.388
503 0.359
504 0.375
505 0.404
506 0.359
507 0.396
508 0.383
509 0.375
510 0.367
511 0.38
512 0.371
513 0.371
514 0.376
515 0.376
516 0.384
517 0.351
518 0.379
519 0.364
520 0.388
521 0.396
522 0.4
523 0.371
524 0.407
525 0.399
526 0.367
527 0.38
528 0.379
529 0.379
530 0.367
531 0.372
532 0.388
533 0.379
534 0.391
535 0.388
536 0.415
537 0.419
538 0.407
539 0.403
540 0.419
541 0.431
542 0.384
543 0.383
544 0.371
545 0.396
546 0.387
547 0.396
548 0.391
549 0.387
550 0.396
551 0.384
552 0.412
553 0.42
554 0.408
555 0.435
556 0.428
557 0.403
558 0.403
559 0.403
560 0.376
561 0.404
562 0.4
563 0.399
564 0.404
565 0.407
566 0.379
567 0.484
568 0.431
569 0.463
570 0.472
571 0.5
572 0.463
573 0.435
574 0.432
575 0.427
576 0.432
577 0.427
578 0.443
579 0.436
580 0.427
581 0.436
582 0.479
583 0.487
584 0.512
585 0.472
586 0.447
587 0.443
588 0.439
589 0.46
590 0.444
591 0.447
592 0.448
593 0.455
594 0.456
595 0.479
596 0.496
597 0.439
598 0.455
599 0.448
600 0.424
601 0.459
602 0.463
603 0.46
604 0.463
605 0.463
606 0.46
607 0.484
608 0.439
609 0.503
610 0.508
611 0.463
612 0.443
613 0.436
614 0.423
615 0.472
616 0.475
617 0.456
618 0.435
619 0.472
620 0.467
621 0.484
622 0.455
623 0.492
624 0.5
625 0.496
626 0.451
627 0.463
628 0.479
629 0.456
630 0.436
631 0.46
632 0.459
633 0.468
634 0.468
635 0.467
636 0.444
637 0.524
638 0.524
639 0.532
640 0.492
641 0.443
642 0.484
643 0.471
644 0.447
645 0.487
646 0.444
647 0.491
648 0.487
649 0.539
650 0.528
651 0.508
652 0.512
653 0.463
654 0.487
655 0.491
656 0.48
657 0.451
658 0.503
659 0.455
660 0.496
661 0.448
662 0.5
663 0.515
664 0.54
665 0.583
666 0.491
667 0.496
668 0.463
669 0.479
670 0.483
671 0.491
672 0.508
673 0.503
674 0.536
675 0.563
676 0.536
677 0.528
678 0.503
679 0.503
680 0.52
681 0.503
682 0.471
683 0.512
684 0.563
685 0.484
686 0.563
687 0.531
688 0.556
689 0.5
690 0.524
691 0.503
692 0.52
693 0.52
694 0.491
695 0.532
696 0.604
697 0.507
698 0.503
699 0.507
700 0.5
701 0.527
702 0.519
703 0.524
704 0.491
705 0.532
706 0.548
707 0.587
708 0.595
709 0.507
710 0.524
711 0.5
712 0.484
713 0.492
714 0.543
715 0.516
716 0.515
717 0.527
718 0.543
719 0.62
720 0.575
721 0.544
722 0.548
723 0.536
724 0.519
725 0.543
726 0.927
727 0.56
728 0.56
729 0.628
730 0.56
731 0.52
732 0.52
733 0.548
734 0.524
735 0.531
736 0.515
737 0.564
738 0.603
739 0.551
740 0.611
741 0.563
742 0.54
743 0.551
744 0.544
745 0.556
746 0.504
747 0.539
748 0.628
749 0.647
750 0.536
751 0.531
752 0.507
753 0.563
754 0.563
755 0.527
756 0.524
757 0.56
758 0.551
759 0.615
760 0.551
761 0.656
762 0.556
763 0.52
764 0.52
765 0.556
766 0.572
767 0.519
768 0.567
769 0.635
770 0.647
771 0.603
772 0.556
773 0.532
774 0.58
775 0.563
776 0.591
777 0.559
778 0.548
779 0.6
780 0.668
781 0.612
782 0.596
783 0.539
784 0.584
785 0.584
786 0.596
787 0.659
788 0.716
789 0.572
790 0.596
791 0.548
792 0.591
793 0.591
794 0.587
795 0.647
796 0.692
797 0.555
798 0.604
799 0.555
800 0.588
801 0.548
802 0.588
803 0.588
804 0.651
805 0.651
806 0.644
807 0.603
808 0.592
809 0.56
810 0.579
811 0.588
812 0.584
813 0.68
814 0.608
815 0.608
816 0.591
817 0.6
818 0.636
819 0.623
820 0.6
821 0.591
822 0.623
823 0.731
824 0.62
825 0.62
826 0.588
827 0.608
828 0.612
829 0.627
830 0.627
831 0.656
832 0.711
833 0.62
834 0.639
835 0.603
836 0.611
837 0.62
838 0.684
839 0.675
840 0.692
841 0.639
842 0.587
843 0.623
844 0.644
845 0.611
846 0.619
847 0.68
848 0.632
849 0.636
850 0.636
851 0.652
852 0.591
853 0.652
854 0.608
855 0.611
856 0.732
857 0.635
858 0.668
859 0.648
860 0.644
861 0.599
862 0.627
863 0.616
864 0.663
865 0.724
866 0.651
867 0.611
868 0.64
869 0.663
870 0.635
871 0.652
872 0.684
873 0.723
874 0.723
875 0.62
876 0.668
877 0.66
878 0.651
879 0.759
880 0.752
881 0.656
882 0.635
883 0.615
884 0.648
885 0.644
886 0.644
887 0.648
888 0.663
889 0.807
890 0.644
891 0.692
892 0.623
893 0.659
894 0.664
895 0.648
896 0.635
897 0.827
898 0.735
899 0.663
900 0.696
901 0.672
902 0.651
903 0.756
904 0.788
905 0.728
906 0.675
907 0.663
908 0.632
909 0.692
910 0.651
911 0.728
912 0.728
913 0.684
914 0.695
915 0.699
916 0.723
917 0.712
918 0.675
919 0.723
920 0.779
921 0.699
922 0.644
923 0.707
924 0.644
925 0.68
926 0.651
927 0.656
928 0.691
929 0.824
930 0.671
931 0.72
932 0.74
933 0.723
934 0.819
935 0.78
936 0.687
937 0.644
938 0.68
939 0.696
940 0.672
941 0.719
942 0.664
943 0.812
944 0.812
945 0.716
946 0.703
947 0.724
948 0.711
949 0.699
950 0.855
951 0.772
952 0.683
953 0.728
954 0.743
955 0.712
956 0.788
957 0.859
958 0.76
959 0.683
960 0.74
961 0.755
962 0.728
963 0.788
964 0.767
965 0.756
966 0.692
967 0.747
968 0.747
969 0.711
970 0.815
971 0.84
972 0.671
973 0.663
974 0.675
975 0.68
976 0.663
977 0.759
978 0.788
979 0.672
980 0.672
981 0.695
982 0.672
983 0.703
984 0.816
985 0.771
986 0.675
987 0.675
988 0.728
989 0.711
990 0.764
991 0.775
992 0.7
993 0.704
994 0.704
995 0.711
996 0.68
997 0.747
998 0.768
999 0.743
1000 0.744
1001 0.683
1002 0.699
1003 1.112
1004 0.763
1005 0.779
1006 0.732
1007 0.695
1008 0.711
1009 0.659
1010 0.708
1011 0.86
1012 0.74
1013 0.676
1014 0.715
1015 0.708
1016 0.728
1017 0.871
1018 0.747
1019 0.687
1020 0.732
1021 0.715
1022 0.736
1023 0.823
1024 0.792
1025 0.704
1026 0.731
1027 0.699
1028 0.712
1029 0.771
1030 0.755
1031 0.812
1032 0.731
1033 0.735
1034 0.759
1035 0.724
1036 0.779
1037 0.879
1038 0.716
1039 0.699
1040 0.735
1041 0.707
1042 0.744
1043 0.835
1044 0.764
1045 0.759
1046 0.756
1047 0.779
1048 0.747
1049 0.72
1050 0.875
1051 0.819
1052 0.78
1053 0.795
1054 0.788
1055 0.831
1056 0.879
1057 0.903
1058 0.812
1059 0.844
1060 0.819
1061 0.791
1062 0.931
1063 0.932
1064 0.808
1065 0.771
1066 0.851
1067 0.767
1068 0.923
1069 0.851
1070 0.815
1071 0.88
1072 0.792
1073 0.8
1074 0.824
1075 0.932
1076 0.863
1077 0.799
1078 0.783
1079 0.824
1080 0.867
1081 0.884
1082 0.956
1083 0.875
1084 0.887
1085 0.863
1086 0.803
1087 0.804
1088 1.04
1089 0.836
1090 0.791
1091 0.824
1092 0.864
1093 0.947
1094 0.867
1095 0.915
1096 0.867
1097 0.884
1098 0.875
1099 1.
1100 0.948
1101 0.771
1102 0.807
1103 0.824
1104 0.864
1105 0.848
1106 1.064
1107 0.895
1108 0.939
1109 0.883
1110 0.863
1111 0.815
1112 0.987
1113 0.944
1114 0.812
1115 0.867
1116 0.831
1117 0.86
1118 0.927
1119 0.927
1120 0.911
1121 0.887
1122 0.819
1123 0.86
1124 0.879
1125 0.84
1126 1.091
1127 0.892
1128 0.864
1129 0.903
1130 0.855
1131 0.851
1132 0.932
1133 0.968
1134 0.803
1135 0.875
1136 0.892
1137 0.875
1138 0.895
1139 0.939
1140 0.983
1141 0.884
1142 0.887
1143 0.899
1144 0.884
1145 0.936
1146 1.
1147 0.887
1148 0.919
1149 0.903
1150 1.072
1151 0.96
1152 0.903
1153 0.864
1154 0.903
1155 0.888
1156 1.063
1157 0.927
1158 0.844
1159 0.888
1160 0.843
1161 0.891
1162 0.912
1163 1.036
1164 0.94
1165 0.911
1166 0.923
1167 0.947
1168 0.911
1169 0.947
1170 0.915
1171 0.86
1172 0.86
1173 0.84
1174 0.903
1175 0.975
1176 0.883
1177 0.847
1178 0.872
1179 0.879
1180 1.043
1181 0.863
1182 0.855
1183 0.884
1184 0.868
1185 0.995
1186 0.888
1187 0.851
1188 0.864
1189 0.868
1190 0.968
1191 0.984
1192 0.867
1193 0.872
1194 0.903
1195 0.932
1196 0.96
1197 0.827
1198 0.863
1199 0.908
1200 0.872
1201 0.967
1202 0.943
1203 0.863
1204 0.908
1205 0.899
1206 0.96
1207 0.943
1208 0.884
1209 0.912
1210 0.908
1211 0.896
1212 1.072
1213 0.919
1214 0.927
1215 0.915
1216 1.323
1217 1.079
1218 0.855
1219 0.827
1220 0.876
1221 0.896
1222 0.971
1223 1.056
1224 0.912
1225 0.887
1226 0.908
1227 0.923
1228 1.044
1229 0.968
1230 0.923
1231 0.947
1232 0.891
1233 0.96
1234 1.056
1235 0.908
1236 0.875
1237 0.871
1238 0.895
1239 0.923
1240 1.067
1241 0.971
1242 0.908
1243 0.923
1244 0.907
1245 0.923
1246 1.052
1247 0.956
1248 0.899
1249 0.884
1250 0.895
1251 0.939
1252 1.076
1253 0.988
1254 0.956
1255 0.927
1256 0.923
1257 0.908
1258 1.111
1259 0.903
1260 0.911
1261 0.956
1262 0.919
1263 1.08
1264 1.048
1265 0.963
1266 0.956
1267 0.924
1268 0.943
1269 1.131
1270 0.927
1271 0.939
1272 0.951
1273 0.971
1274 1.115
1275 1.008
1276 0.955
1277 0.939
1278 0.956
1279 0.932
1280 1.103
1281 0.987
1282 0.963
1283 0.98
1284 0.951
1285 1.155
1286 0.947
1287 0.988
1288 1.004
1289 0.959
1290 1.123
1291 1.039
1292 0.995
1293 1.012
1294 1.
1295 1.103
1296 0.987
1297 0.995
1298 0.975
1299 1.371
1300 1.091
1301 1.028
1302 0.975
1303 0.951
1304 0.995
1305 1.187
1306 1.
1307 0.984
1308 0.995
1309 1.171
1310 0.995
1311 0.967
1312 0.98
1313 1.175
1314 1.076
1315 0.964
1316 0.987
1317 0.987
1318 1.063
1319 1.135
1320 1.004
1321 0.991
1322 1.008
1323 1.023
1324 1.216
1325 0.996
1326 1.028
1327 1.019
1328 1.079
1329 1.148
1330 0.991
1331 1.028
1332 1.06
1333 1.024
1334 1.211
1335 1.039
1336 1.
1337 1.019
1338 1.124
1339 1.072
1340 1.035
1341 1.
1342 1.015
1343 1.179
1344 1.059
1345 1.048
1346 0.995
1347 1.048
1348 1.072
1349 1.135
1350 1.011
1351 1.
1352 1.063
1353 1.067
1354 1.244
1355 1.032
1356 1.039
1357 1.072
1358 1.1
1359 1.144
1360 1.036
1361 1.067
1362 1.051
1363 1.207
1364 1.072
1365 1.059
1366 1.076
1367 1.216
1368 1.083
1369 1.063
1370 1.067
1371 1.063
1372 1.248
1373 1.043
1374 1.072
1375 1.072
1376 1.268
1377 1.012
1378 1.064
1379 1.043
1380 1.08
1381 1.288
1382 1.112
1383 1.067
1384 1.088
1385 1.224
1386 1.059
1387 1.091
1388 1.08
1389 1.155
1390 1.264
1391 1.083
1392 1.091
1393 1.076
1394 1.176
1395 1.172
1396 1.084
1397 1.103
1398 1.168
1399 1.24
1400 1.019
1401 1.108
1402 1.091
1403 1.088
1404 1.303
1405 1.075
1406 1.111
1407 1.084
1408 1.247
1409 1.139
1410 1.12
1411 1.12
1412 1.144
1413 1.231
1414 1.067
1415 1.128
1416 1.148
1417 1.024
1418 1.276
1419 1.168
1420 1.128
1421 1.127
1422 1.143
1423 1.279
1424 1.111
1425 1.131
1426 1.216
1427 1.231
1428 1.131
1429 1.12
1430 1.187
1431 1.227
1432 1.144
1433 1.084
1434 1.151
1435 1.203
1436 1.319
1437 1.132
1438 1.144
1439 1.107
1440 1.263
1441 1.203
1442 1.12
1443 1.144
1444 1.12
1445 1.359
1446 1.127
1447 1.163
1448 1.123
1449 1.287
1450 1.223
1451 1.132
1452 1.091
1453 1.275
1454 1.259
1455 1.115
1456 1.196
1457 1.192
1458 1.771
1459 1.232
1460 1.076
1461 1.203
1462 1.172
1463 1.375
1464 1.144
1465 1.172
1466 1.152
1467 1.315
1468 1.103
1469 1.184
1470 1.176
1471 1.244
1472 1.388
1473 1.111
1474 1.18
1475 1.179
1476 1.307
1477 1.128
1478 1.176
1479 1.211
1480 1.299
1481 1.288
1482 1.175
1483 1.12
1484 1.176
1485 1.268
1486 1.244
1487 1.219
1488 1.32
1489 1.223
1490 1.488
1491 1.271
1492 1.292
1493 1.34
1494 1.219
1495 1.556
1496 1.271
1497 1.34
1498 1.351
1499 1.439
1500 1.408
1501 1.255
1502 1.355
1503 1.355
1504 1.524
1505 1.32
1506 1.315
1507 1.296
1508 1.447
1509 1.299
1510 1.336
1511 1.467
1512 1.412
1513 1.275
1514 1.344
1515 1.323
1516 1.343
1517 1.572
1518 1.336
1519 1.323
1520 1.36
1521 1.46
1522 1.435
1523 1.283
1524 1.272
1525 1.351
1526 1.596
1527 1.316
1528 1.36
1529 1.291
1530 1.331
1531 1.515
1532 1.296
1533 1.395
1534 1.34
1535 1.592
1536 1.312
1537 1.391
1538 1.356
1539 1.312
1540 1.584
1541 1.315
1542 1.344
1543 1.348
1544 1.288
1545 1.639
1546 1.344
1547 1.387
1548 1.288
1549 1.34
1550 1.636
1551 1.419
1552 1.387
1553 1.316
1554 1.576
1555 1.368
1556 1.363
1557 1.392
1558 1.355
1559 1.584
1560 1.227
1561 1.347
1562 1.412
1563 1.288
1564 1.683
1565 1.344
1566 1.32
1567 1.419
1568 1.615
1569 1.303
1570 1.407
1571 1.424
1572 1.616
1573 1.252
1574 1.38
1575 1.412
1576 1.355
1577 1.596
1578 1.428
1579 1.415
1580 1.311
1581 1.543
1582 1.4
1583 1.415
1584 1.44
1585 1.615
1586 1.259
1587 1.344
1588 1.464
1589 1.399
1590 1.647
1591 1.384
1592 1.423
1593 1.359
1594 1.5
1595 1.423
1596 1.332
1597 1.44
1598 1.627
1599 1.5
1600 1.391
1601 1.403
1602 1.412
1603 1.679
1604 1.463
1605 1.476
1606 1.415
1607 1.635
1608 1.475
1609 1.448
1610 1.471
1611 1.516
1612 1.515
1613 1.443
1614 1.496
1615 1.468
1616 1.372
1617 1.691
1618 1.468
1619 1.491
1620 2.1
1621 1.708
1622 1.364
1623 1.447
1624 1.436
1625 1.635
1626 1.456
1627 1.5
1628 1.375
1629 1.563
1630 1.683
1631 1.416
1632 1.451
1633 1.512
1634 1.664
1635 1.484
1636 1.415
1637 1.527
1638 1.483
1639 1.656
1640 1.46
1641 1.524
1642 1.451
1643 1.775
1644 1.439
1645 1.467
1646 1.612
1647 1.635
1648 1.432
1649 1.392
1650 1.495
1651 1.631
1652 1.556
1653 1.416
1654 1.544
1655 1.468
1656 1.836
1657 1.492
1658 1.551
1659 1.56
1660 1.763
1661 1.511
1662 1.471
1663 1.56
1664 1.771
1665 1.5
1666 1.511
1667 1.655
1668 1.599
1669 1.555
1670 1.567
1671 1.579
1672 1.783
1673 1.423
1674 1.556
1675 1.48
1676 1.724
1677 1.556
1678 1.559
1679 1.715
1680 1.695
1681 1.443
1682 1.587
1683 1.567
1684 1.587
1685 1.596
1686 1.592
1687 1.584
1688 1.668
1689 1.548
1690 1.587
1691 1.584
1692 1.644
1693 1.592
1694 1.591
1695 1.768
1696 1.628
1697 1.548
1698 1.603
1699 1.743
1700 1.528
1701 1.615
1702 1.624
1703 1.8
1704 1.436
1705 1.456
1706 1.635
1707 1.836
1708 1.552
1709 1.604
1710 1.7
1711 1.723
1712 1.483
1713 1.451
1714 1.512
1715 1.703
1716 1.539
1717 1.523
1718 1.644
1719 1.812
1720 1.684
1721 1.612
1722 1.66
1723 1.811
1724 1.5
1725 1.64
1726 1.644
1727 1.776
1728 1.564
1729 1.516
1730 1.632
1731 1.823
1732 1.544
1733 1.66
1734 1.624
1735 1.88
1736 1.528
1737 1.523
1738 1.539
1739 1.847
1740 1.587
1741 1.639
1742 1.652
1743 1.828
1744 1.62
1745 1.644
1746 1.695
1747 1.708
1748 1.58
1749 1.672
1750 1.74
1751 1.752
1752 1.615
1753 1.652
1754 1.608
1755 1.74
1756 1.483
1757 2.019
1758 1.731
1759 1.491
1760 1.435
1761 1.543
1762 1.611
1763 1.5
1764 1.5
1765 1.796
1766 1.379
1767 1.447
1768 1.555
1769 1.728
1770 1.48
1771 1.576
1772 1.508
1773 1.731
1774 1.523
1775 1.484
1776 1.648
1777 1.783
1778 1.596
1779 1.728
1780 1.511
1781 1.98
1782 1.632
1783 1.619
1784 1.887
1785 1.74
1786 1.703
1787 1.727
1788 1.932
1789 1.64
1790 1.72
1791 1.867
1792 1.768
1793 1.68
1794 1.743
1795 1.799
1796 1.768
1797 1.727
1798 1.735
1799 1.836
1800 1.672
1801 1.7
1802 1.743
1803 1.884
1804 1.596
1805 1.615
1806 1.764
1807 1.839
1808 1.875
1809 1.567
1810 1.615
1811 1.62
1812 2.076
1813 1.624
1814 1.611
1815 1.66
1816 1.923
1817 1.74
1818 1.764
1819 2.471
1820 1.687
1821 1.668
1822 1.895
1823 1.923
1824 1.74
1825 1.763
1826 1.951
1827 1.74
1828 1.648
1829 1.908
1830 1.827
1831 1.672
1832 1.799
1833 1.936
1834 1.74
1835 1.723
1836 1.807
1837 1.819
1838 1.811
1839 1.683
1840 1.675
1841 1.872
1842 1.923
1843 1.72
1844 1.784
1845 1.764
1846 1.98
1847 1.692
1848 1.836
1849 1.955
1850 1.719
1851 1.796
1852 1.824
1853 1.988
1854 1.707
1855 1.696
1856 1.692
1857 1.943
1858 1.735
1859 1.836
1860 2.055
1861 1.672
1862 1.803
1863 1.783
1864 1.967
1865 1.768
1866 1.836
1867 2.008
1868 1.848
1869 1.683
1870 1.755
1871 2.
1872 1.623
1873 1.848
1874 1.852
1875 1.847
1876 1.768
1877 1.895
1878 1.892
1879 1.751
1880 1.663
1881 1.86
1882 1.983
1883 1.847
1884 1.859
1885 1.872
1886 1.935
1887 1.683
1888 1.748
1889 1.752
1890 2.052
1891 1.851
1892 1.827
1893 2.064
1894 1.756
1895 1.703
1896 1.824
1897 2.067
1898 1.867
1899 1.788
1900 1.995
1901 1.812
1902 1.963
1903 1.971
1904 1.755
1905 1.796
1906 2.127
1907 1.672
1908 1.88
1909 1.795
1910 2.132
1911 1.852
1912 1.859
1913 2.016
1914 1.775
1915 1.872
1916 1.784
1917 1.947
1918 1.736
1919 1.912
1920 2.528
1921 2.104
1922 1.771
1923 1.864
1924 2.087
1925 1.859
1926 1.824
1927 2.115
1928 1.788
1929 1.852
1930 2.056
1931 1.827
1932 1.912
1933 1.716
1934 2.255
1935 1.903
1936 1.804
1937 2.087
1938 1.84
1939 1.788
1940 1.912
1941 1.9
1942 1.791
1943 1.923
1944 2.12
1945 1.703
1946 1.888
1947 1.791
1948 2.115
1949 1.699
1950 1.923
1951 1.936
1952 2.284
1953 1.847
1954 1.827
1955 2.028
1956 1.92
1957 1.895
1958 1.871
1959 2.139
1960 1.759
1961 1.807
1962 2.004
1963 1.827
1964 1.923
1965 2.031
1966 2.22
1967 1.807
1968 1.928
1969 2.059
1970 1.807
1971 1.888
1972 1.996
1973 2.096
1974 1.932
1975 2.067
1976 2.119
1977 1.855
1978 1.776
1979 1.887
1980 1.819
1981 1.736
1982 1.72
1983 1.919
1984 1.788
1985 1.759
1986 1.988
1987 1.744
1988 1.788
1989 2.167
1990 1.667
1991 1.703
1992 1.775
1993 1.923
1994 1.768
1995 1.731
1996 1.988
1997 1.804
1998 1.832
1999 2.048
2000 1.723
2001 1.823
2002 1.979
2003 1.864
2004 1.807
2005 1.884
2006 1.963
2007 1.804
2008 1.812
2009 2.124
2010 1.768
2011 1.748
2012 1.748
2013 2.084
2014 1.84
2015 1.827
2016 2.515
2017 1.816
2018 1.735
2019 1.751
2020 1.951
2021 1.751
2022 1.796
2023 1.923
2024 1.791
2025 1.819
2026 1.895
2027 2.064
2028 1.751
2029 1.811
2030 1.88
2031 1.971
2032 1.755
2033 1.831
2034 2.083
2035 1.844
2036 1.847
2037 2.043
2038 1.748
2039 1.779
2040 2.052
2041 1.751
2042 1.844
2043 1.951
2044 2.088
2045 1.776
2046 1.859
2047 1.996
2048 1.912
2049 1.867
2050 1.759
2051 1.995
2052 1.92
2053 1.807
2054 2.096
2055 1.74
2056 1.859
2057 2.079
2058 1.884
2059 1.855
2060 2.236
2061 1.748
2062 1.847
2063 2.127
2064 1.888
2065 1.816
2066 2.711
2067 1.707
2068 1.884
2069 2.115
2070 1.852
2071 1.855
2072 2.055
2073 1.819
2074 1.807
2075 2.016
2076 2.159
2077 1.855
2078 1.899
2079 2.152
2080 1.824
2081 1.932
2082 1.796
2083 2.268
2084 1.824
2085 1.847
2086 2.035
2087 1.864
2088 2.
2089 1.968
2090 2.099
2091 1.884
2092 1.884
2093 2.08
2094 1.927
2095 1.916
2096 2.147
2097 1.944
2098 1.916
2099 2.275
2100 1.891
2101 1.923
2102 2.103
2103 1.823
2104 1.912
2105 2.824
2106 1.799
2107 1.936
2108 2.195
2109 1.775
2110 1.967
2111 2.339
2112 1.936
2113 1.892
2114 2.371
2115 2.051
2116 2.056
2117 3.227
2118 2.044
2119 1.967
2120 2.336
2121 2.192
2122 2.375
2123 2.327
2124 2.192
2125 2.083
2126 2.415
2127 2.092
2128 3.128
2129 2.483
2130 2.188
2131 2.008
2132 2.523
2133 2.255
2134 2.903
2135 2.304
2136 1.992
2137 2.003
2138 2.347
2139 2.255
2140 2.184
2141 2.383
2142 2.079
2143 2.304
2144 2.46
2145 2.235
2146 2.144
2147 2.579
2148 2.264
2149 2.38
2150 2.571
2151 2.288
2152 2.124
2153 2.467
2154 2.175
2155 2.228
2156 2.456
2157 2.111
2158 2.304
2159 2.472
2160 2.42
2161 2.284
2162 2.347
2163 2.48
2164 2.304
2165 2.38
2166 2.599
2167 2.172
2168 2.192
2169 2.34
2170 2.152
2171 3.327
2172 2.519
2173 2.336
2174 2.248
2175 2.443
2176 2.208
2177 2.192
2178 3.42
2179 2.152
2180 2.115
2181 2.164
2182 2.475
2183 2.091
2184 2.288
2185 2.531
2186 2.207
2187 2.364
2188 2.607
2189 2.135
2190 3.152
2191 2.592
2192 2.128
2193 2.188
2194 2.491
2195 2.192
2196 2.983
2197 2.407
2198 2.124
2199 2.264
2200 2.471
2201 2.156
2202 2.315
2203 2.536
2204 2.28
2205 2.32
2206 2.7
2207 2.195
2208 2.236
2209 2.531
2210 2.239
2211 3.38
2212 2.62
2213 2.364
2214 2.251
2215 2.663
2216 2.376
2217 3.231
2218 2.628
2219 2.24
2220 2.256
2221 2.547
2222 2.215
2223 2.307
2224 2.755
2225 2.42
2226 2.404
2227 2.571
2228 2.248
2229 2.4
2230 2.715
2231 2.096
2232 2.184
2233 2.119
2234 2.356
2235 2.132
2236 2.144
2237 2.331
2238 2.044
2239 2.007
2240 2.468
2241 2.087
2242 2.159
2243 2.391
2244 2.023
2245 2.152
2246 2.332
2247 2.163
2248 2.115
2249 2.367
2250 2.076
2251 2.019
2252 2.012
2253 2.42
2254 2.059
2255 2.096
2256 2.299
2257 2.063
2258 2.192
2259 2.115
2260 2.299
2261 2.088
2262 2.124
2263 2.943
2264 2.056
2265 2.036
2266 2.387
2267 2.179
2268 2.188
2269 2.44
2270 2.016
2271 2.119
2272 2.524
2273 2.056
2274 2.175
2275 2.411
2276 2.016
2277 2.063
2278 2.316
2279 2.248
2280 2.268
2281 2.355
2282 2.38
2283 2.152
2284 2.211
2285 2.463
2286 2.124
2287 2.144
2288 2.447
2289 2.255
2290 2.168
2291 2.48
2292 2.096
2293 2.108
2294 2.311
2295 2.248
2296 2.115
2297 2.327
2298 2.324
2299 2.223
2300 2.223
2301 2.427
2302 2.136
2303 2.311
2304 2.472
2305 2.18
2306 2.204
2307 2.659
2308 2.123
2309 2.239
2310 2.423
2311 2.199
2312 2.403
2313 2.356
2314 2.164
2315 2.228
2316 2.372
2317 2.256
2318 2.271
2319 2.483
2320 2.144
2321 2.148
2322 2.375
2323 2.183
2324 2.355
2325 2.567
2326 2.103
2327 2.167
2328 2.391
2329 2.219
2330 3.279
2331 2.4
2332 2.192
2333 2.087
2334 2.615
2335 2.175
2336 2.228
2337 2.364
2338 2.16
2339 2.208
2340 3.084
2341 2.084
2342 2.268
2343 2.403
2344 2.164
2345 2.275
2346 2.456
2347 2.192
2348 2.2
2349 2.884
2350 2.387
2351 2.407
2352 2.807
2353 2.476
2354 2.456
2355 2.664
2356 2.347
2357 2.596
2358 2.731
2359 2.431
2360 2.572
2361 2.856
2362 2.515
2363 2.476
2364 2.711
2365 2.471
2366 2.572
2367 2.803
2368 2.532
2369 2.592
2370 2.911
2371 2.463
2372 2.519
2373 2.788
2374 2.503
2375 2.547
2376 2.652
2377 2.492
2378 2.547
2379 2.659
2380 2.452
2381 2.507
2382 2.784
2383 2.463
2384 2.6
2385 2.755
2386 2.403
2387 2.588
2388 2.836
2389 2.567
2390 2.576
2391 2.864
2392 2.572
2393 3.367
2394 2.771
2395 2.487
2396 2.403
2397 2.744
2398 2.503
2399 2.472
2400 2.791
2401 2.384
2402 2.599
2403 2.884
2404 2.467
2405 2.396
2406 2.703
2407 2.556
2408 2.536
2409 2.804
2410 2.471
2411 2.588
2412 2.811
2413 2.504
2414 2.628
2415 2.851
2416 2.467
2417 2.596
2418 2.987
2419 2.579
2420 2.639
2421 2.711
2422 2.507
2423 2.488
2424 3.659
2425 2.396
2426 2.48
2427 2.715
2428 2.507
2429 2.647
2430 2.788
2431 2.611
2432 2.496
2433 2.804
2434 2.416
2435 2.632
2436 2.947
2437 2.6
2438 2.719
2439 3.076
2440 2.6
2441 2.615
2442 2.968
2443 2.5
2444 2.568
2445 2.795
2446 2.664
2447 3.7
2448 3.056
2449 2.543
2450 2.435
2451 2.968
2452 2.572
2453 2.796
2454 2.952
2455 2.568
2456 2.612
2457 3.051
2458 2.619
2459 2.668
2460 2.76
2461 2.68
2462 2.644
2463 2.628
2464 3.008
2465 2.731
2466 2.828
2467 2.987
2468 2.615
2469 2.632
2470 3.079
2471 2.68
2472 2.715
2473 3.175
2474 2.759
2475 2.699
2476 3.12
2477 2.675
2478 2.771
2479 2.912
2480 2.715
2481 2.652
2482 2.864
2483 2.76
2484 2.676
2485 2.719
2486 2.807
2487 2.723
2488 2.632
2489 3.092
2490 2.687
2491 2.88
2492 3.032
2493 2.612
2494 2.711
2495 2.86
2496 2.704
2497 3.603
2498 2.851
2499 2.547
2500 2.583
2501 2.911
2502 2.723
2503 2.603
2504 3.148
2505 2.711
2506 2.891
2507 2.728
2508 2.748
2509 2.704
2510 3.148
2511 2.728
2512 2.804
2513 2.916
2514 2.68
2515 3.532
2516 2.988
2517 2.612
2518 2.775
2519 3.056
2520 2.788
2521 2.724
2522 2.984
2523 2.708
2524 2.851
2525 3.112
2526 2.739
2527 2.879
2528 3.155
2529 2.708
2530 2.692
2531 3.2
2532 2.74
2533 2.703
2534 3.108
2535 2.711
2536 2.768
2537 2.896
2538 2.748
2539 2.864
2540 3.148
2541 2.784
2542 2.784
2543 3.072
2544 2.768
2545 2.719
2546 3.275
2547 2.82
2548 2.804
2549 2.947
2550 2.856
2551 3.951
2552 3.231
2553 2.679
2554 2.864
2555 3.019
2556 2.771
2557 2.692
2558 3.223
2559 2.791
2560 2.836
2561 3.119
2562 2.807
2563 2.735
2564 3.259
2565 2.847
2566 2.932
2567 3.223
2568 2.832
2569 2.768
2570 3.288
2571 2.844
2572 2.864
2573 3.195
2574 2.795
2575 2.943
2576 3.224
2577 2.903
2578 3.012
2579 3.079
2580 2.82
2581 2.871
2582 3.164
2583 2.807
2584 2.815
2585 3.408
2586 2.868
2587 2.884
2588 3.2
2589 2.867
2590 2.895
2591 3.104
2592 2.872
2593 2.996
2594 3.231
2595 2.847
2596 2.768
2597 3.403
2598 2.983
2599 3.072
2600 2.907
2601 2.867
2602 2.987
2603 3.284
2604 2.98
2605 3.003
2606 3.088
2607 2.864
2608 2.98
2609 3.056
2610 2.911
2611 2.912
2612 3.331
2613 2.996
2614 3.107
2615 2.983
2616 2.903
2617 3.104
2618 2.891
2619 2.9
2620 3.1
2621 2.98
2622 2.931
2623 3.115
2624 3.083
2625 2.88
2626 3.124
2627 3.036
2628 2.94
2629 3.148
2630 3.
2631 2.968
2632 3.172
2633 3.008
2634 2.916
2635 3.276
2636 2.884
2637 2.983
2638 3.411
2639 2.86
2640 2.947
2641 3.211
2642 2.923
2643 3.048
2644 3.271
2645 2.947
2646 3.356
2647 3.04
2648 3.043
2649 3.303
2650 2.871
2651 3.175
2652 3.147
2653 2.971
2654 3.188
2655 3.239
2656 2.967
2657 3.163
2658 3.012
2659 3.063
2660 3.16
2661 3.228
2662 3.024
2663 3.307
2664 2.976
2665 3.063
2666 3.184
2667 3.064
2668 3.096
2669 3.132
2670 3.204
2671 3.004
2672 3.204
2673 3.271
2674 3.088
2675 3.244
2676 3.135
2677 3.059
2678 3.5
2679 2.971
2680 3.139
2681 3.283
2682 2.984
2683 3.275
2684 3.115
2685 3.139
2686 3.219
2687 3.047
2688 3.307
2689 3.188
2690 3.083
2691 3.211
2692 3.056
2693 3.347
2694 3.088
2695 3.044
2696 3.364
2697 2.94
2698 3.048
2699 3.611
2700 3.119
2701 3.271
2702 3.231
2703 3.148
2704 3.335
2705 3.083
2706 3.143
2707 3.376
2708 3.084
2709 3.208
2710 3.264
2711 3.14
2712 3.307
2713 3.264
2714 3.088
2715 3.323
2716 3.284
2717 3.115
2718 3.431
2719 3.092
2720 3.144
2721 3.271
2722 3.071
2723 3.327
2724 3.052
2725 3.112
2726 3.159
2727 3.359
2728 3.112
2729 3.331
2730 3.344
2731 3.211
2732 3.38
2733 3.059
2734 3.384
2735 3.155
2736 3.175
2737 3.276
2738 3.299
2739 3.128
2740 3.347
2741 3.144
2742 3.215
2743 3.468
2744 3.215
2745 3.168
2746 3.503
2747 3.192
2748 3.251
2749 3.248
2750 3.104
2751 4.472
2752 3.288
2753 3.123
2754 3.311
2755 3.184
2756 3.172
2757 3.311
2758 3.311
2759 3.223
2760 3.367
2761 3.307
2762 3.224
2763 3.295
2764 3.628
2765 3.188
2766 3.315
2767 3.579
2768 3.192
2769 3.44
2770 3.275
2771 3.139
2772 3.324
2773 3.296
2774 3.251
2775 3.271
2776 3.395
2777 3.236
2778 3.231
2779 3.5
2780 3.22
2781 3.183
2782 3.644
2783 3.188
2784 3.295
2785 3.588
2786 3.231
2787 3.275
2788 3.524
2789 3.175
2790 3.164
2791 3.804
2792 3.275
2793 3.352
2794 3.471
2795 3.296
2796 3.508
2797 3.5
2798 3.275
2799 3.311
2800 3.611
2801 3.26
2802 3.4
2803 3.331
2804 3.288
2805 3.251
2806 3.615
2807 3.231
2808 3.22
2809 3.652
2810 3.336
2811 3.376
2812 3.5
2813 3.356
2814 3.304
2815 3.708
2816 3.207
2817 3.535
2818 3.487
2819 3.292
2820 3.568
2821 3.315
2822 3.311
2823 3.711
2824 3.216
2825 3.364
2826 3.563
2827 3.244
2828 3.576
2829 3.607
2830 3.311
2831 3.435
2832 3.628
2833 3.292
2834 3.367
2835 3.395
2836 3.304
2837 3.56
2838 3.524
2839 3.351
2840 3.632
2841 3.283
2842 3.4
2843 3.612
2844 3.412
2845 3.56
2846 3.42
2847 3.315
2848 3.551
2849 3.476
2850 3.268
2851 3.711
2852 3.276
2853 3.591
2854 3.368
2855 3.392
2856 3.779
2857 3.335
2858 3.411
2859 3.751
2860 3.268
2861 3.431
2862 3.775
2863 3.391
2864 3.703
2865 3.447
2866 3.384
2867 3.652
2868 3.456
2869 3.427
2870 3.692
2871 3.363
2872 3.547
2873 3.619
2874 3.475
2875 3.687
2876 3.68
2877 3.484
2878 3.636
2879 3.304
2880 3.476
2881 3.536
2882 3.408
2883 3.716
2884 3.511
2885 3.344
2886 3.716
2887 3.443
2888 3.576
2889 3.731
2890 3.344
2891 3.492
2892 3.635
2893 3.471
2894 3.815
2895 3.556
2896 3.503
2897 3.771
2898 3.524
2899 3.764
2900 3.524
2901 3.476
2902 3.748
2903 3.488
2904 3.552
2905 3.604
2906 3.311
2907 3.695
2908 3.652
2909 3.46
2910 3.756
2911 3.548
2912 3.543
2913 4.044
2914 3.5
2915 3.672
2916 3.668
2917 3.395
2918 3.792
2919 3.6
2920 3.524
2921 3.712
2922 3.56
2923 3.735
2924 3.652
2925 3.368
2926 3.948
2927 3.488
2928 3.728
2929 3.635
2930 3.539
2931 3.76
2932 3.556
2933 3.556
2934 3.892
2935 3.443
2936 3.771
2937 3.68
2938 3.467
2939 3.887
2940 3.536
2941 3.532
2942 3.752
2943 3.471
2944 3.804
2945 3.652
2946 3.516
2947 3.8
2948 3.567
2949 3.711
2950 3.667
2951 3.591
2952 4.103
2953 3.699
2954 3.96
2955 3.536
2956 3.716
2957 5.159
2958 3.332
2959 3.379
2960 3.931
2961 3.528
2962 3.851
2963 3.551
2964 3.48
2965 3.764
2966 3.799
2967 3.671
2968 3.711
2969 3.643
2970 3.615
2971 3.576
2972 3.991
2973 3.644
2974 3.796
2975 3.743
2976 3.635
2977 3.971
2978 3.492
2979 3.5
2980 3.791
2981 3.376
2982 3.556
2983 3.971
2984 3.619
2985 3.719
2986 3.931
2987 3.615
2988 3.831
2989 3.695
2990 3.655
2991 4.092
2992 3.543
2993 3.644
2994 3.92
2995 3.612
2996 3.703
2997 3.996
2998 3.555
2999 3.876
3000 3.727
3001 3.716
3002 3.532
3003 4.024
3004 3.631
3005 3.871
3006 3.8
3007 3.76
3008 3.944
3009 3.688
3010 3.704
3011 4.048
3012 3.644
3013 3.643
3014 4.115
3015 3.568
3016 3.887
3017 3.695
3018 3.695
3019 4.076
3020 3.731
3021 3.859
3022 4.159
3023 3.551
3024 3.688
3025 4.012
3026 3.7
3027 3.9
3028 3.839
3029 3.728
3030 4.123
3031 3.612
3032 3.819
3033 4.224
3034 3.704
3035 3.852
3036 4.036
3037 3.623
3038 4.051
3039 3.792
3040 3.768
3041 3.944
3042 3.716
3043 3.947
3044 3.92
3045 3.591
3046 3.807
3047 3.735
3048 3.796
3049 3.912
3050 3.716
3051 3.796
3052 4.171
3053 3.764
3054 4.047
3055 3.775
3056 3.728
3057 4.072
3058 3.663
3059 3.952
3060 4.051
3061 3.867
3062 4.184
3063 3.779
3064 3.779
3065 4.003
3066 3.748
3067 3.892
3068 3.991
3069 3.872
3070 4.028
3071 3.735
3072 3.7
3073 4.103
3074 3.768
3075 4.127
3076 3.884
3077 3.764
3078 4.079
3079 3.832
3080 4.088
3081 3.956
3082 3.736
3083 4.171
3084 3.796
3085 4.003
3086 3.871
3087 3.739
3088 4.228
3089 3.811
3090 4.036
3091 4.108
3092 3.72
3093 4.152
3094 3.899
3095 3.928
3096 4.155
3097 3.859
3098 4.015
3099 4.02
3100 3.76
3101 4.139
3102 3.86
3103 3.915
3104 4.08
3105 3.924
3106 4.199
3107 3.967
3108 3.859
3109 3.984
3110 3.859
3111 3.976
3112 4.223
3113 3.896
3114 4.172
3115 3.964
3116 4.
3117 4.155
3118 3.851
3119 3.867
3120 4.159
3121 3.783
3122 4.06
3123 4.239
3124 3.972
3125 4.235
3126 3.931
3127 4.084
3128 4.039
3129 3.884
3130 4.192
3131 3.935
3132 4.176
3133 4.159
3134 3.816
3135 4.152
3136 3.884
3137 4.028
3138 4.195
3139 3.88
3140 4.307
3141 3.995
3142 4.207
3143 3.916
3144 3.836
3145 4.171
3146 3.944
3147 4.023
3148 4.315
3149 3.887
3150 4.22
3151 4.108
3152 4.032
3153 4.131
3154 3.912
3155 4.24
3156 4.047
3157 3.956
3158 4.372
3159 3.923
3160 4.28
3161 3.979
3162 3.912
3163 4.192
3164 3.879
3165 4.131
3166 4.235
3167 3.831
3168 4.135
3169 4.052
3170 3.992
3171 5.804
3172 4.06
3173 3.943
3174 4.152
3175 4.131
3176 4.044
3177 4.336
3178 4.119
3179 4.096
3180 4.46
3181 3.884
3182 4.14
3183 4.036
3184 3.795
3185 4.052
3186 4.492
3187 3.952
3188 4.252
3189 4.155
3190 4.011
3191 4.556
3192 4.088
3193 4.072
3194 4.456
3195 3.92
3196 3.987
3197 4.555
3198 3.988
3199 4.163
3200 4.084
3201 3.884
3202 4.244
3203 4.311
3204 4.104
3205 4.392
3206 4.079
3207 4.084
3208 4.536
3209 4.096
3210 4.039
3211 4.8
3212 3.979
3213 4.319
3214 4.296
3215 4.079
3216 4.351
3217 4.155
3218 4.148
3219 4.56
3220 4.011
3221 4.251
3222 4.304
3223 3.975
3224 4.195
3225 4.324
3226 4.115
3227 4.384
3228 4.247
3229 4.247
3230 4.455
3231 4.068
3232 4.368
3233 4.275
3234 4.159
3235 4.624
3236 3.952
3237 4.224
3238 4.359
3239 4.04
3240 4.443
3241 4.319
3242 4.015
3243 4.447
3244 4.351
3245 4.179
3246 4.536
3247 4.011
3248 4.168
3249 4.816
3250 4.131
3251 4.38
3252 4.372
3253 4.228
3254 4.739
3255 4.219
3256 4.496
3257 4.315
3258 4.043
3259 4.735
3260 4.155
3261 4.131
3262 4.576
3263 4.032
3264 4.384
3265 4.503
3266 4.108
3267 4.488
3268 4.163
3269 4.148
3270 4.743
3271 4.235
3272 4.548
3273 4.351
3274 4.036
3275 4.292
3276 4.283
3277 4.243
3278 4.548
3279 4.108
3280 4.168
3281 4.448
3282 4.355
3283 4.416
3284 4.307
3285 4.259
3286 4.688
3287 4.164
3288 4.467
3289 4.619
3290 4.26
3291 4.416
3292 4.527
3293 4.287
3294 4.684
3295 4.176
3296 4.439
3297 4.612
3298 4.279
3299 4.847
3300 4.104
3301 4.363
3302 4.807
3303 4.219
3304 4.511
3305 4.467
3306 4.292
3307 4.672
3308 4.467
3309 4.348
3310 4.76
3311 4.231
3312 4.636
3313 4.263
3314 4.271
3315 4.64
3316 4.303
3317 4.316
3318 4.503
3319 4.296
3320 4.512
3321 4.359
3322 4.291
3323 4.532
3324 4.231
3325 4.444
3326 4.399
3327 4.26
3328 4.86
3329 4.395
3330 4.38
3331 4.92
3332 4.284
3333 4.564
3334 4.503
3335 4.456
3336 4.583
3337 4.336
3338 4.76
3339 4.44
3340 4.52
3341 4.884
3342 4.22
3343 4.719
3344 4.503
3345 4.4
3346 4.608
3347 4.432
3348 4.696
3349 4.347
3350 4.427
3351 4.659
3352 4.296
3353 4.8
3354 4.312
3355 4.476
3356 4.699
3357 4.231
3358 4.719
3359 4.391
3360 4.507
3361 5.288
3362 4.367
3363 4.8
3364 4.439
3365 4.472
3366 4.716
3367 4.412
3368 5.016
3369 4.319
3370 4.596
3371 4.707
3372 4.395
3373 4.648
3374 4.564
3375 4.324
3376 4.84
3377 4.404
3378 4.715
3379 4.416
3380 4.355
3381 4.783
3382 4.484
3383 4.579
3384 4.764
3385 4.36
3386 4.88
3387 4.619
3388 4.387
3389 4.755
3390 4.468
3391 5.
3392 4.368
3393 4.76
3394 4.623
3395 4.416
3396 4.779
3397 4.3
3398 4.788
3399 4.619
3400 4.46
3401 4.791
3402 4.432
3403 4.855
3404 4.543
3405 4.503
3406 4.76
3407 4.491
3408 4.996
3409 4.563
3410 4.98
3411 4.479
3412 4.579
3413 4.804
3414 4.615
3415 4.984
3416 4.351
3417 4.659
3418 4.655
3419 4.603
3420 4.868
3421 4.511
3422 4.979
3423 4.672
3424 4.556
3425 5.268
3426 4.595
3427 4.96
3428 4.679
3429 4.695
3430 5.051
3431 4.604
3432 4.952
3433 4.863
3434 4.784
3435 5.215
3436 4.567
3437 4.863
3438 4.604
3439 4.619
3440 5.296
3441 4.695
3442 5.087
3443 4.648
3444 4.739
3445 4.791
3446 4.508
3447 5.171
3448 4.712
3449 4.811
3450 5.043
3451 4.695
3452 5.224
3453 4.688
3454 5.016
3455 4.88
3456 4.595
3457 4.983
3458 4.532
3459 5.016
3460 4.771
3461 4.496
3462 4.815
3463 4.644
3464 5.176
3465 4.515
3466 4.859
3467 5.024
3468 4.663
3469 5.027
3470 4.724
3471 6.703
3472 4.503
3473 4.659
3474 4.967
3475 4.771
3476 4.923
3477 4.579
3478 6.684
3479 4.384
3480 4.556
3481 5.344
3482 4.775
3483 5.155
3484 4.768
3485 4.695
3486 5.331
3487 4.535
3488 4.96
3489 5.032
3490 4.796
3491 5.072
3492 4.724
3493 4.88
3494 4.735
3495 4.655
3496 4.975
3497 4.716
3498 4.792
3499 5.336
3500 4.768
3501 5.103
3502 4.731
3503 4.703
3504 4.903
3505 4.783
3506 5.091
3507 4.795
3508 4.667
3509 5.484
3510 4.771
3511 5.108
3512 4.815
3513 4.771
3514 5.068
3515 4.744
3516 5.163
3517 4.887
3518 4.627
3519 5.367
3520 4.827
3521 5.104
3522 5.108
3523 4.72
3524 5.063
3525 4.631
3526 5.036
3527 5.044
3528 4.728
3529 5.155
3530 4.8
3531 5.223
3532 4.836
3533 4.695
3534 5.247
3535 4.807
3536 5.26
3537 5.008
3538 4.792
3539 5.22
3540 4.796
3541 7.055
3542 4.423
3543 5.068
3544 4.956
3545 4.768
3546 5.176
3547 4.752
3548 5.188
3549 5.119
3550 4.923
3551 5.028
3552 4.84
3553 6.972
3554 4.547
3555 4.88
3556 5.108
3557 4.847
3558 5.276
3559 4.707
3560 5.108
3561 5.112
3562 4.88
3563 5.375
3564 4.807
3565 5.212
3566 5.103
3567 4.84
3568 5.239
3569 4.632
3570 5.235
3571 5.247
3572 4.971
3573 5.368
3574 4.703
3575 5.115
3576 5.192
3577 4.947
3578 5.304
3579 4.828
3580 5.1
3581 5.384
3582 4.935
3583 5.307
3584 5.083
3585 4.775
3586 5.324
3587 4.731
3588 5.199
3589 5.043
3590 4.796
3591 5.368
3592 4.884
3593 5.42
3594 4.935
3595 4.988
3596 5.164
3597 4.984
3598 5.359
3599 4.784
3600 5.071
3601 5.195
3602 4.788
3603 5.2
3604 5.104
3605 4.88
3606 5.359
3607 4.912
3608 5.18
3609 5.056
3610 5.027
3611 5.148
3612 4.916
3613 5.516
3614 5.063
3615 5.395
3616 4.899
3617 4.88
3618 5.319
3619 5.06
3620 5.427
3621 4.912
3622 5.503
3623 4.895
3624 5.056
3625 5.267
3626 4.82
3627 5.392
3628 5.316
3629 5.112
3630 5.752
3631 5.123
3632 5.475
3633 5.059
3634 7.252
3635 5.423
3636 4.855
3637 5.351
3638 5.007
3639 5.439
3640 5.083
3641 4.971
3642 5.6
3643 5.112
3644 5.452
3645 5.104
3646 5.192
3647 5.644
3648 5.115
3649 5.564
3650 5.047
3651 5.475
3652 5.275
3653 5.068
3654 5.427
3655 4.859
3656 5.484
3657 5.279
3658 5.104
3659 5.851
3660 5.059
3661 5.364
3662 5.216
3663 5.168
3664 5.268
3665 5.207
3666 5.775
3667 4.988
3668 5.412
3669 5.112
3670 5.243
3671 5.712
3672 5.087
3673 5.623
3674 5.268
3675 5.163
3676 5.851
3677 5.104
3678 5.712
3679 5.203
3680 4.996
3681 5.752
3682 5.051
3683 5.528
3684 5.123
3685 5.359
3686 5.62
3687 5.011
3688 5.731
3689 5.14
3690 5.355
3691 5.332
3692 5.047
3693 5.564
3694 5.051
3695 5.248
3696 5.583
3697 5.072
3698 5.668
3699 5.119
3700 5.76
3701 5.115
3702 5.34
3703 5.724
3704 5.192
3705 5.488
3706 5.18
3707 5.431
3708 5.712
3709 5.127
3710 5.532
3711 5.18
3712 5.48
3713 5.583
3714 5.256
3715 5.559
3716 5.279
3717 5.783
3718 5.391
3719 5.484
3720 5.412
3721 5.371
3722 5.899
3723 5.196
3724 5.799
3725 5.235
3726 5.484
3727 5.688
3728 5.244
3729 5.912
3730 5.172
3731 5.587
3732 5.436
3733 5.459
3734 5.864
3735 5.203
3736 5.659
3737 5.443
3738 5.159
3739 5.832
3740 5.299
3741 5.672
3742 5.427
3743 5.316
3744 5.912
3745 5.384
3746 5.911
3747 5.316
3748 7.659
3749 5.243
3750 5.319
3751 5.516
3752 5.34
3753 5.791
3754 5.307
3755 7.404
3756 4.912
3757 5.763
3758 5.363
3759 5.532
3760 5.528
3761 5.4
3762 5.564
3763 5.324
3764 7.604
3765 4.956
3766 5.731
3767 5.335
3768 5.379
3769 5.747
3770 5.431
3771 5.852
3772 5.416
3773 5.675
3774 5.656
3775 5.384
3776 5.639
3777 5.304
3778 7.948
3779 5.072
3780 5.876
3781 5.192
3782 5.791
3783 5.42
3784 5.412
3785 5.659
3786 5.311
3787 7.76
3788 5.048
3789 5.928
3790 5.195
3791 5.756
3792 5.515
3793 5.347
3794 5.935
3795 5.576
3796 5.8
3797 5.515
3798 5.376
3799 6.311
3800 5.231
3801 5.779
3802 5.943
3803 5.463
3804 5.796
3805 5.38
3806 5.783
3807 5.531
3808 5.443
3809 6.131
3810 5.368
3811 5.711
3812 5.587
3813 5.659
3814 6.219
3815 5.307
3816 5.788
3817 5.552
3818 5.42
3819 5.695
3820 5.364
3821 5.835
3822 5.655
3823 5.436
3824 5.623
3825 5.256
3826 5.811
3827 5.64
3828 5.664
3829 5.628
3830 5.407
3831 5.635
3832 5.715
3833 5.456
3834 5.64
3835 5.324
3836 6.188
3837 5.487
3838 5.715
3839 5.427
3840 5.463
3841 5.876
3842 5.467
3843 5.972
3844 5.355
3845 5.64
3846 5.796
3847 5.367
3848 8.083
3849 4.951
3850 5.904
3851 5.804
3852 5.388
3853 6.076
3854 5.504
3855 5.927
3856 5.823
3857 5.416
3858 5.843
3859 5.631
3860 8.159
3861 5.291
3862 5.608
3863 5.863
3864 5.564
3865 6.2
3866 5.327
3867 5.76
3868 6.059
3869 5.528
3870 5.788
3871 5.679
3872 5.56
3873 6.076
3874 5.6
3875 6.004
3876 5.695
3877 5.531
3878 6.008
3879 5.556
3880 7.659
3881 5.167
3882 6.04
3883 5.667
3884 5.68
3885 6.255
3886 5.416
3887 6.144
3888 5.756
3889 6.056
3890 6.115
3891 5.775
3892 6.056
3893 5.483
3894 5.879
3895 5.564
3896 5.615
3897 5.811
3898 5.659
3899 8.208
3900 5.108
3901 5.956
3902 5.748
3903 5.807
3904 6.299
3905 5.564
3906 6.167
3907 5.623
3908 5.863
3909 6.195
3910 5.744
3911 6.036
3912 5.724
3913 5.992
3914 6.075
3915 5.72
3916 6.144
3917 5.608
3918 5.879
3919 5.936
3920 5.816
3921 5.876
3922 5.448
3923 6.144
3924 5.912
3925 5.952
3926 6.188
3927 5.516
3928 6.371
3929 5.744
3930 6.244
3931 5.608
3932 5.9
3933 6.324
3934 5.708
3935 6.023
3936 5.896
3937 5.819
3938 6.216
3939 5.731
3940 6.372
3941 5.62
3942 6.307
3943 5.667
3944 5.932
3945 6.331
3946 5.6
3947 6.079
3948 6.076
3949 5.664
3950 6.675
3951 5.799
3952 5.979
3953 6.051
3954 5.724
3955 6.46
3956 5.791
3957 6.44
3958 5.755
3959 6.108
3960 6.227
3961 5.747
3962 6.708
3963 5.683
3964 6.327
3965 5.791
3966 6.004
3967 6.263
3968 5.86
3969 6.439
3970 5.788
3971 6.028
3972 6.299
3973 5.891
3974 6.452
3975 5.655
3976 6.139
3977 6.052
3978 6.171
3979 6.772
3980 5.775
3981 6.444
3982 5.924
3983 6.156
3984 6.028
3985 5.879
3986 6.064
3987 5.855
3988 8.347
3989 5.587
3990 6.52
3991 5.819
3992 6.084
3993 6.332
3994 5.8
3995 6.387
3996 6.027
3997 6.479
3998 5.851
3999 6.067
4000 6.404
4001 5.923
4002 6.152
4003 5.819
4004 8.396
4005 5.716
4006 6.247
4007 6.115
4008 5.971
4009 6.459
4010 5.963
4011 6.376
4012 6.131
4013 6.104
4014 6.22
4015 5.992
4016 6.087
4017 5.871
4018 8.688
4019 5.615
4020 6.427
4021 6.115
4022 6.003
4023 6.968
4024 6.072
4025 6.556
4026 6.036
4027 8.523
4028 5.891
4029 5.863
4030 6.815
4031 5.824
4032 6.451
4033 6.112
4034 6.048
4035 6.62
4036 5.983
4037 6.476
4038 6.056
4039 6.551
4040 6.244
4041 6.536
4042 6.231
4043 6.252
4044 6.547
4045 5.963
4046 6.847
4047 5.904
4048 8.52
4049 5.652
4050 6.056
4051 6.327
4052 6.028
4053 6.492
4054 5.983
4055 8.511
4056 5.708
4057 6.676
4058 6.015
4059 6.804
4060 6.028
4061 6.54
4062 6.22
4063 6.064
4064 6.787
4065 6.007
4066 6.748
4067 6.111
4068 8.899
4069 5.667
4070 6.568
4071 6.219
4072 6.515
4073 6.243
4074 6.067
4075 6.92
4076 6.067
4077 6.695
4078 6.256
4079 6.607
4080 6.48
4081 6.588
4082 6.576
4083 6.059
4084 7.004
4085 6.208
4086 6.987
4087 6.231
4088 6.471
4089 6.332
4090 6.44
4091 6.5
4092 6.211
4093 6.639
4094 6.188
4095 8.615
4096 5.82
4097 6.672
4098 5.932
4099 6.847
4100 6.003
4101 6.592
4102 6.203
4103 6.592
4104 6.496
4105 6.244
4106 6.551
4107 6.291
4108 8.516
4109 5.851
4110 6.495
4111 6.155
4112 6.775
4113 5.971
4114 6.559
4115 6.079
4116 6.551
4117 6.716
4118 6.24
4119 6.935
4120 6.188
4121 6.963
4122 6.291
4123 9.064
4124 6.239
4125 6.352
4126 6.819
4127 6.075
4128 6.543
4129 6.163
4130 8.96
4131 5.887
4132 6.756
4133 6.164
4134 6.751
4135 6.076
4136 6.595
4137 6.623
4138 6.536
4139 7.04
4140 6.495
4141 6.703
4142 6.103
4143 8.975
4144 6.231
4145 6.04
4146 7.104
4147 6.243
4148 6.667
4149 6.427
4150 6.379
4151 6.959
4152 6.1
4153 6.547
4154 6.615
4155 6.215
4156 6.727
4157 6.379
4158 6.652
4159 6.188
4160 6.239
4161 7.091
4162 6.188
4163 6.835
4164 6.436
4165 6.471
4166 7.032
4167 6.399
4168 6.744
4169 6.448
4170 6.364
4171 7.183
4172 6.399
4173 6.952
4174 6.283
4175 6.636
4176 6.847
4177 6.443
4178 6.864
4179 6.143
4180 6.692
4181 6.495
4182 6.388
4183 6.852
4184 6.243
4185 8.912
4186 6.095
4187 7.048
4188 6.1
4189 6.884
4190 6.368
4191 6.492
4192 6.988
4193 6.635
4194 6.832
4195 6.203
4196 9.384
4197 6.212
4198 6.523
4199 7.255
4200 6.371
4201 6.915
4202 6.388
4203 6.86
4204 6.459
4205 6.484
4206 7.067
4207 6.611
4208 6.895
4209 6.347
4210 6.615
4211 7.211
4212 6.472
4213 6.92
4214 6.543
4215 6.459
4216 7.271
4217 6.567
4218 7.239
4219 6.26
4220 6.796
4221 6.819
4222 6.532
4223 7.412
4224 6.231
4225 6.915
4226 6.679
4227 6.656
4228 7.559
4229 6.467
4230 6.987
4231 6.692
4232 6.716
4233 7.055
4234 6.619
4235 7.04
4236 6.36
4237 9.391
4238 6.315
4239 6.671
4240 6.832
4241 6.532
4242 6.94
4243 6.432
4244 7.219
4245 6.555
4246 6.804
4247 7.007
4248 6.524
4249 6.992
4250 6.579
4251 9.128
4252 6.144
4253 6.851
4254 6.384
4255 6.611
4256 7.255
4257 6.512
4258 7.427
4259 6.6
4260 9.388
4261 6.532
4262 6.695
4263 6.783
4264 6.564
4265 7.083
4266 6.42
4267 9.311
4268 6.115
4269 7.075
4270 6.808
4271 6.915
4272 6.911
4273 6.623
4274 7.364
4275 6.667
4276 9.608
4277 6.672
4278 6.94
4279 7.028
4280 6.748
4281 7.059
4282 6.652
4283 8.904
4284 6.288
4285 7.332
4286 6.452
4287 7.424
4288 6.504
4289 7.003
4290 6.711
4291 6.467
4292 7.112
4293 6.659
4294 7.456
4295 6.299
4296 7.316
4297 6.623
4298 7.108
4299 7.28
4300 6.612
4301 7.104
4302 6.799
4303 9.327
4304 6.248
4305 7.132
4306 6.828
4307 7.004
4308 7.076
4309 6.615
4310 7.404
4311 6.727
4312 7.268
4313 6.856
4314 9.775
4315 6.612
4316 6.672
4317 7.443
4318 6.655
4319 7.275
4320 6.699
4321 9.912
4322 6.76
4323 6.407
4324 7.835
4325 6.667
4326 7.275
4327 6.772
4328 6.844
4329 7.304
4330 6.764
4331 7.18
4332 6.592
4333 9.675
4334 6.315
4335 7.079
4336 6.816
4337 6.827
4338 7.128
4339 6.636
4340 7.288
4341 6.664
4342 9.664
4343 6.216
4344 7.204
4345 7.159
4346 6.824
4347 7.255
4348 6.78
4349 8.884
4350 6.279
4351 7.072
4352 6.764
4353 7.623
4354 5.799
4355 7.328
4356 6.844
4357 7.136
4358 7.075
4359 7.012
4360 7.708
4361 6.979
4362 7.567
4363 6.912
4364 10.219
4365 6.496
4366 7.587
4367 6.592
4368 7.515
4369 6.884
4370 7.256
4371 7.115
4372 7.159
4373 7.459
4374 6.992
4375 7.335
4376 6.935
4377 9.931
4378 6.427
4379 7.376
4380 6.976
4381 7.268
4382 7.067
4383 6.916
4384 7.96
4385 6.784
4386 7.808
4387 6.956
4388 7.391
4389 7.079
4390 7.34
4391 7.396
4392 6.948
4393 7.896
4394 6.895
4395 7.551
4396 6.996
4397 9.891
4398 6.44
4399 7.711
4400 6.672
4401 7.332
4402 7.316
4403 6.811
4404 7.384
4405 6.927
4406 9.384
4407 6.739
4408 7.368
4409 6.916
4410 7.691
4411 6.708
4412 7.579
4413 7.072
4414 7.556
4415 7.043
4416 7.415
4417 7.603
4418 6.932
4419 7.496
4420 7.147
4421 9.376
4422 6.579
4423 7.451
4424 6.727
4425 7.611
4426 7.028
4427 7.639
4428 7.012
4429 7.479
4430 7.459
4431 7.363
4432 7.319
4433 7.036
4434 8.039
4435 6.984
4436 7.932
4437 7.067
4438 10.368
4439 6.755
4440 7.596
4441 6.884
4442 7.896
4443 6.899
4444 8.036
4445 6.775
4446 7.804
4447 6.871
4448 7.691
4449 6.943
4450 7.364
4451 7.167
4452 7.396
4453 7.583
4454 7.103
4455 7.531
4456 7.255
4457 9.623
4458 6.783
4459 7.667
4460 6.94
4461 7.807
4462 6.819
4463 7.876
4464 7.043
4465 7.992
4466 7.031
4467 7.863
4468 7.155
4469 7.879
4470 6.88
4471 7.828
4472 7.216
4473 8.016
4474 6.952
4475 7.631
4476 7.219
4477 7.459
4478 7.595
4479 7.131
4480 7.615
4481 10.296
4482 8.195
4483 6.956
4484 7.903
4485 7.387
4486 10.043
4487 6.876
4488 7.691
4489 6.976
4490 7.888
4491 7.059
4492 7.956
4493 7.003
4494 8.004
4495 6.984
4496 7.94
4497 7.191
4498 7.82
4499 7.003
4500 7.936
4501 7.172
4502 8.152
4503 7.103
4504 7.92
4505 7.391
4506 7.927
4507 6.963
4508 8.26
4509 7.144
4510 8.072
4511 7.
4512 8.007
4513 7.22
4514 7.855
4515 7.032
4516 7.908
4517 7.456
4518 7.975
4519 7.195
4520 8.072
4521 7.204
4522 7.916
4523 7.008
4524 8.007
4525 7.304
4526 8.004
4527 7.076
4528 8.064
4529 7.335
4530 8.087
4531 7.155
4532 7.84
4533 7.32
4534 7.935
4535 7.188
4536 8.108
4537 7.255
4538 7.936
4539 7.195
4540 8.007
4541 7.38
4542 7.963
4543 7.292
4544 8.023
4545 7.435
4546 8.
4547 7.144
4548 8.067
4549 7.372
4550 8.051
4551 7.396
4552 8.036
4553 7.376
4554 8.103
4555 7.159
4556 8.131
4557 7.5
4558 8.032
4559 7.403
4560 7.887
4561 7.492
4562 7.696
4563 7.28
4564 7.775
4565 7.371
4566 7.532
4567 7.456
4568 8.327
4569 7.496
4570 8.404
4571 7.519
4572 10.208
4573 7.095
4574 7.847
4575 7.259
4576 7.987
4577 7.04
4578 8.156
4579 7.28
4580 8.167
4581 7.579
4582 7.595
4583 8.036
4584 7.355
4585 7.951
4586 7.275
4587 10.804
4588 7.152
4589 8.268
4590 7.108
4591 7.963
4592 7.456
4593 7.951
4594 7.823
4595 7.636
4596 8.415
4597 7.451
4598 8.172
4599 7.427
4600 10.552
4601 6.984
4602 7.636
4603 7.611
4604 7.771
4605 8.244
4606 7.412
4607 8.288
4608 7.391
4609 11.064
4610 7.175
4611 7.903
4612 7.827
4613 7.6
4614 8.435
4615 7.523
4616 8.247
4617 7.631
4618 10.783
4619 7.283
4620 7.756
4621 7.772
4622 7.827
4623 8.111
4624 7.523
4625 7.983
4626 7.512
4627 11.
4628 7.315
4629 7.852
4630 7.748
4631 7.763
4632 8.339
4633 7.559
4634 8.195
4635 7.564
4636 11.164
4637 7.315
4638 7.724
4639 8.12
4640 7.676
4641 8.036
4642 7.699
4643 10.036
4644 7.579
4645 7.96
4646 7.435
4647 8.083
4648 7.703
4649 8.211
4650 7.192
4651 8.447
4652 7.531
4653 8.084
4654 7.755
4655 8.031
4656 8.427
4657 7.703
4658 7.843
4659 7.736
4660 10.415
4661 7.064
4662 8.304
4663 7.311
4664 8.208
4665 7.636
4666 8.079
4667 7.979
4668 7.899
4669 8.54
4670 7.783
4671 8.268
4672 7.604
4673 10.74
4674 7.568
4675 7.568
4676 8.484
4677 7.623
4678 8.007
4679 7.655
4680 11.167
4681 7.191
4682 8.391
4683 7.435
4684 8.643
4685 7.783
4686 8.28
4687 7.975
4688 8.036
4689 8.371
4690 7.708
4691 8.087
4692 7.796
4693 10.667
4694 7.283
4695 8.539
4696 7.252
4697 8.404
4698 7.744
4699 8.119
4700 8.283
4701 7.788
4702 8.816
4703 7.775
4704 8.659
4705 7.872
4706 11.288
4707 7.335
4708 8.211
4709 8.031
4710 8.059
4711 8.395
4712 7.724
4713 8.375
4714 10.087
4715 7.956
4716 7.255
4717 8.224
4718 7.911
4719 8.075
4720 7.515
4721 8.371
4722 7.652
4723 8.239
4724 7.824
4725 8.332
4726 7.692
4727 7.792
4728 7.968
4729 8.291
4730 7.647
4731 8.739
4732 7.899
4733 8.355
4734 7.807
4735 10.643
4736 7.543
4737 8.375
4738 7.627
4739 8.564
4740 7.815
4741 9.015
4742 7.552
4743 8.804
4744 7.747
4745 8.684
4746 7.788
4747 8.391
4748 7.951
4749 8.396
4750 8.187
4751 7.951
4752 8.272
4753 10.376
4754 8.075
4755 7.36
4756 8.368
4757 7.983
4758 8.96
4759 7.768
4760 8.476
4761 7.956
4762 10.876
4763 7.488
4764 8.631
4765 7.915
4766 8.564
4767 7.556
4768 8.855
4769 7.912
4770 8.623
4771 7.847
4772 8.819
4773 8.043
4774 8.7
4775 7.623
4776 8.876
4777 7.859
4778 8.631
4779 7.819
4780 8.763
4781 7.724
4782 8.568
4783 7.956
4784 8.447
4785 8.171
4786 8.531
4787 8.479
4788 8.26
4789 8.956
4790 7.936
4791 8.587
4792 8.015
4793 11.231
4794 7.523
4795 8.699
4796 7.92
4797 8.667
4798 7.752
4799 8.688
4800 8.155
4801 8.784
4802 7.788
4803 8.788
4804 8.068
4805 8.76
4806 7.88
4807 8.795
4808 8.132
4809 8.875
4810 7.811
4811 8.764
4812 8.087
4813 8.963
4814 7.788
4815 8.923
4816 8.036
4817 8.895
4818 7.884
4819 9.087
4820 7.927
4821 9.04
4822 7.747
4823 8.951
4824 7.927
4825 9.123
4826 7.971
4827 8.852
4828 7.96
4829 8.807
4830 8.052
4831 8.951
4832 7.879
4833 8.88
4834 7.98
4835 8.932
4836 7.955
4837 8.916
4838 8.191
4839 8.759
4840 7.943
4841 8.896
4842 8.128
4843 8.831
4844 7.796
4845 8.867
4846 8.296
4847 8.903
4848 8.036
4849 8.7
4850 8.104
4851 8.832
4852 7.959
4853 9.175
4854 8.159
4855 9.116
4856 7.895
4857 8.828
4858 8.144
4859 8.783
4860 8.051
4861 8.948
4862 8.095
4863 8.883
4864 7.976
4865 8.864
4866 8.099
4867 8.812
4868 7.967
4869 9.047
4870 8.148
4871 9.04
4872 8.183
4873 8.995
4874 8.132
4875 8.972
4876 8.259
4877 9.008
4878 8.156
4879 9.276
4880 8.199
4881 9.256
4882 8.1
4883 8.86
4884 8.247
4885 8.844
4886 8.144
4887 9.
4888 8.399
4889 8.843
4890 8.139
4891 9.111
4892 8.299
4893 9.
4894 8.208
4895 9.136
4896 8.292
4897 8.787
4898 8.211
4899 8.823
4900 8.335
4901 8.648
4902 8.24
4903 9.355
4904 8.324
4905 8.855
4906 8.619
4907 11.759
4908 7.94
4909 9.092
4910 8.151
4911 9.039
4912 8.063
4913 9.439
4914 8.132
4915 9.027
4916 8.04
4917 9.223
4918 8.344
4919 8.9
4920 8.623
4921 8.515
4922 9.759
4923 8.412
4924 9.036
4925 8.456
4926 12.259
4927 8.204
4928 8.648
4929 8.743
4930 8.367
4931 8.855
4932 8.316
4933 11.547
4934 7.743
4935 9.387
4936 8.164
4937 9.18
4938 8.391
4939 8.9
4940 9.155
4941 8.291
4942 9.087
4943 8.632
4944 12.287
4945 7.8
4946 9.12
4947 8.412
4948 9.072
4949 8.416
4950 8.792
4951 9.227
4952 8.608
4953 9.103
4954 8.452
4955 11.576
4956 8.259
4957 9.344
4958 8.144
4959 9.296
4960 8.451
4961 9.056
4962 8.463
4963 8.84
4964 9.272
4965 8.412
4966 9.164
4967 8.463
4968 12.168
4969 7.871
4970 9.432
4971 8.436
4972 9.436
4973 8.188
4974 9.332
4975 8.5
4976 8.984
4977 8.58
4978 8.616
4979 9.471
4980 8.603
4981 9.5
4982 8.448
4983 12.391
4984 8.775
4985 8.52
4986 9.2
4987 8.404
4988 9.263
4989 8.695
4990 11.827
4991 7.868
4992 9.312
4993 8.567
4994 9.492
4995 8.244
4996 9.283
4997 8.564
4998 9.151
4999 8.747
5000 8.592