2 0.
3 0.
5 0.
7 0.
9 0.
11 0.
13 0.
15 0.
17 0.
19 0.
21 0.
23 0.
25 0.
27 0.
29 0.004
31 0.
33 0.
35 0.
37 0.
39 0.004
41 0.004
43 0.
45 0.
47 0.004
49 0.004
51 0.004
53 0.076
55 0.004
57 0.004
59 0.003
61 0.004
63 0.004
65 0.004
67 0.
69 0.004
71 0.004
73 0.008
75 0.004
77 0.004
79 0.004
81 0.008
83 0.004
85 0.004
87 0.004
89 0.004
91 0.004
93 0.008
95 0.008
97 0.008
99 0.008
101 0.008
103 0.008
105 0.008
107 0.008
109 0.004
111 0.008
113 0.008
115 0.004
117 0.007
119 0.012
121 0.008
123 0.008
125 0.008
127 0.008
129 0.008
131 0.008
133 0.012
135 0.008
137 0.008
139 0.008
141 0.008
143 0.012
145 0.012
147 0.012
149 0.012
151 0.012
153 0.012
155 0.012
157 0.016
159 0.016
161 0.012
163 0.012
165 0.012
167 0.016
169 0.015
171 0.016
173 0.012
175 0.016
177 0.012
179 0.016
181 0.016
183 0.015
185 0.016
187 0.016
189 0.02
191 0.02
193 0.02
195 0.02
197 0.016
199 0.016
201 0.02
203 0.016
205 0.02
207 0.02
209 0.02
211 0.02
213 0.02
215 0.02
217 0.02
219 0.02
221 0.023
223 0.019
225 0.019
227 0.024
229 0.02
231 0.02
233 0.024
235 0.024
237 0.024
239 0.024
241 0.024
243 0.024
245 0.028
247 0.024
249 0.028
251 0.024
253 0.028
255 0.027
257 0.027
259 0.027
261 0.027
263 0.031
265 0.032
267 0.032
269 0.032
271 0.032
273 0.032
275 0.032
277 0.032
279 0.036
281 0.032
283 0.032
285 0.035
287 0.032
289 0.036
291 0.036
293 0.032
295 0.036
297 0.036
299 0.04
301 0.036
303 0.04
305 0.036
307 0.036
309 0.039
311 0.04
313 0.04
315 0.039
317 0.04
319 0.04
321 0.044
323 0.04
325 0.044
327 0.044
329 0.044
331 0.044
333 0.044
335 0.044
337 0.044
339 0.048
341 0.043
343 0.048
345 0.048
347 0.048
349 0.048
351 0.048
353 0.048
355 0.048
357 0.048
359 0.047
361 0.052
363 0.051
365 0.051
367 0.051
369 0.051
371 0.052
373 0.052
375 0.051
377 0.056
379 0.056
381 0.056
383 0.056
385 0.06
387 0.056
389 0.059
391 0.059
393 0.059
395 0.06
397 0.06
399 0.06
401 0.059
403 0.059
405 0.059
407 0.064
409 0.064
411 0.064
413 0.064
415 0.064
417 0.064
419 0.064
421 0.064
423 0.068
425 0.067
427 0.064
429 0.067
431 0.067
433 0.068
435 0.072
437 0.072
439 0.072
441 0.071
443 0.072
445 0.076
447 0.072
449 0.072
451 0.071
453 0.076
455 0.076
457 0.076
459 0.076
461 0.08
463 0.08
465 0.079
467 0.08
469 0.08
471 0.076
473 0.083
475 0.083
477 0.083
479 0.083
481 0.084
483 0.083
485 0.079
487 0.083
489 0.088
491 0.088
493 0.087
495 0.087
497 0.088
499 0.088
501 0.211
503 0.092
505 0.091
507 0.092
509 0.092
511 0.092
513 0.091
515 0.095
517 0.096
519 0.096
521 0.096
523 0.096
525 0.099
527 0.1
529 0.1
531 0.1
533 0.103
535 0.104
537 0.104
539 0.104
541 0.104
543 0.104
545 0.107
547 0.104
549 0.104
551 0.107
553 0.108
555 0.108
557 0.111
559 0.112
561 0.112
563 0.107
565 0.112
567 0.115
569 0.112
571 0.116
573 0.115
575 0.115
577 0.115
579 0.116
581 0.12
583 0.119
585 0.12
587 0.12
589 0.124
591 0.123
593 0.124
595 0.124
597 0.124
599 0.128
601 0.128
603 0.128
605 0.127
607 0.128
609 0.128
611 0.132
613 0.128
615 0.128
617 0.132
619 0.131
621 0.136
623 0.135
625 0.136
627 0.135
629 0.14
631 0.135
633 0.135
635 0.14
637 0.135
639 0.136
641 0.14
643 0.139
645 0.139
647 0.139
649 0.139
651 0.147
653 0.144
655 0.144
657 0.144
659 0.147
661 0.151
663 0.152
665 0.151
667 0.156
669 0.156
671 0.155
673 0.156
675 0.16
677 0.16
679 0.16
681 0.16
683 0.16
685 0.16
687 0.164
689 0.167
691 0.168
693 0.167
695 0.167
697 0.167
699 0.167
701 0.168
703 0.167
705 0.171
707 0.172
709 0.168
711 0.172
713 0.171
715 0.172
717 0.172
719 0.172
721 0.176
723 0.175
725 0.176
727 0.175
729 0.175
731 0.175
733 0.179
735 0.179
737 0.179
739 0.179
741 0.184
743 0.188
745 0.187
747 0.187
749 0.192
751 0.192
753 0.187
755 0.192
757 0.192
759 0.192
761 0.192
763 0.195
765 0.196
767 0.199
769 0.199
771 0.204
773 0.199
775 0.199
777 0.203
779 0.2
781 0.208
783 0.207
785 0.204
787 0.204
789 0.204
791 0.204
793 0.204
795 0.208
797 0.208
799 0.207
801 0.207
803 0.211
805 0.207
807 0.211
809 0.211
811 0.215
813 0.22
815 0.215
817 0.216
819 0.219
821 0.219
823 0.219
825 0.224
827 0.224
829 0.224
831 0.227
833 0.224
835 0.228
837 0.227
839 0.231
841 0.236
843 0.231
845 0.235
847 0.236
849 0.231
851 0.231
853 0.231
855 0.231
857 0.236
859 0.235
861 0.236
863 0.239
865 0.243
867 0.24
869 0.24
871 0.243
873 0.24
875 0.247
877 0.248
879 0.247
881 0.248
883 0.251
885 0.252
887 0.252
889 0.252
891 0.252
893 0.256
895 0.259
897 0.26
899 0.259
901 0.264
903 0.264
905 0.264
907 0.263
909 0.26
911 0.268
913 0.268
915 0.264
917 0.268
919 0.268
921 0.271
923 0.276
925 0.28
927 0.276
929 0.276
931 0.276
933 0.28
935 0.283
937 0.279
939 0.28
941 0.275
943 0.28
945 0.287
947 0.292
949 0.292
951 0.296
953 0.291
955 0.291
957 0.295
959 0.295
961 0.295
963 0.295
965 0.299
967 0.3
969 0.295
971 0.299
973 0.299
975 0.304
977 0.303
979 0.303
981 0.307
983 0.307
985 0.304
987 0.304
989 0.307
991 0.307
993 0.312
995 0.315
997 0.32
999 0.316
1001 0.32
1003 0.324
1005 0.327
1007 0.315
1009 0.32
1011 0.315
1013 0.315
1015 0.32
1017 0.323
1019 0.323
1021 0.323
1023 0.327
1025 0.323
1027 0.324
1029 0.327
1031 0.332
1033 0.332
1035 0.335
1037 0.332
1039 0.335
1041 0.344
1043 0.347
1045 0.348
1047 0.347
1049 0.347
1051 0.344
1053 0.339
1055 0.347
1057 0.347
1059 0.348
1061 0.347
1063 0.351
1065 0.347
1067 0.347
1069 0.352
1071 0.352
1073 0.356
1075 0.355
1077 0.355
1079 0.356
1081 0.367
1083 0.371
1085 0.371
1087 0.371
1089 0.376
1091 0.371
1093 0.368
1095 0.367
1097 0.371
1099 0.371
1101 0.376
1103 0.376
1105 0.376
1107 0.375
1109 0.379
1111 0.38
1113 0.384
1115 0.38
1117 0.391
1119 0.391
1121 0.4
1123 0.4
1125 0.4
1127 0.403
1129 0.399
1131 0.399
1133 0.4
1135 0.403
1137 0.4
1139 0.4
1141 0.404
1143 0.411
1145 0.404
1147 0.403
1149 0.408
1151 0.412
1153 0.411
1155 0.411
1157 0.424
1159 0.424
1161 0.424
1163 0.427
1165 0.416
1167 0.42
1169 0.411
1171 0.42
1173 0.427
1175 0.427
1177 0.42
1179 0.42
1181 0.427
1183 0.435
1185 0.432
1187 0.432
1189 0.432
1191 0.439
1193 0.439
1195 0.443
1197 0.444
1199 0.439
1201 0.435
1203 0.439
1205 0.444
1207 0.443
1209 0.439
1211 0.444
1213 0.447
1215 0.451
1217 0.447
1219 0.456
1221 0.46
1223 0.463
1225 0.463
1227 0.468
1229 0.468
1231 0.455
1233 0.463
1235 0.464
1237 0.456
1239 0.459
1241 0.459
1243 0.463
1245 0.467
1247 0.471
1249 0.468
1251 0.475
1253 0.475
1255 0.479
1257 0.492
1259 0.487
1261 0.487
1263 0.484
1265 0.48
1267 0.483
1269 0.484
1271 0.483
1273 0.487
1275 0.487
1277 0.492
1279 0.5
1281 0.504
1283 0.504
1285 0.508
1287 0.512
1289 0.519
1291 0.516
1293 0.503
1295 0.504
1297 0.512
1299 0.512
1301 0.512
1303 0.512
1305 0.516
1307 0.516
1309 0.519
1311 0.519
1313 0.515
1315 0.531
1317 0.548
1319 0.536
1321 0.524
1323 0.528
1325 0.528
1327 0.531
1329 0.531
1331 0.532
1333 0.536
1335 0.543
1337 0.536
1339 0.536
1341 0.548
1343 0.548
1345 0.548
1347 0.547
1349 0.543
1351 0.548
1353 0.548
1355 0.548
1357 0.551
1359 0.556
1361 0.551
1363 0.548
1365 0.555
1367 0.567
1369 0.568
1371 0.563
1373 0.572
1375 0.563
1377 0.56
1379 0.563
1381 0.568
1383 0.575
1385 0.572
1387 0.572
1389 0.575
1391 0.572
1393 0.572
1395 0.584
1397 0.592
1399 0.588
1401 0.587
1403 0.587
1405 0.588
1407 0.587
1409 0.588
1411 0.584
1413 0.592
1415 0.587
1417 0.587
1419 0.604
1421 0.608
1423 0.611
1425 0.608
1427 0.611
1429 0.615
1431 0.611
1433 0.611
1435 0.615
1437 0.616
1439 0.615
1441 0.615
1443 0.631
1445 0.635
1447 0.632
1449 0.628
1451 0.628
1453 0.627
1455 0.623
1457 0.632
1459 0.635
1461 0.627
1463 0.627
1465 0.635
1467 0.656
1469 0.652
1471 0.651
1473 0.639
1475 0.643
1477 0.635
1479 0.647
1481 0.651
1483 0.643
1485 0.647
1487 0.659
1489 0.667
1491 0.667
1493 0.671
1495 0.656
1497 0.656
1499 0.66
1501 0.659
1503 0.659
1505 0.664
1507 0.675
1509 0.671
1511 0.68
1513 0.692
1515 0.688
1517 0.675
1519 0.671
1521 0.679
1523 0.675
1525 0.68
1527 0.688
1529 0.688
1531 0.687
1533 0.707
1535 0.711
1537 0.692
1539 0.688
1541 0.692
1543 0.692
1545 0.695
1547 0.7
1549 0.704
1551 0.704
1553 0.716
1555 0.719
1557 0.711
1559 0.712
1561 0.719
1563 0.719
1565 0.723
1567 0.743
1569 0.719
1571 0.731
1573 0.739
1575 0.743
1577 0.735
1579 0.743
1581 0.723
1583 0.731
1585 0.74
1587 0.739
1589 0.751
1591 0.743
1593 0.756
1595 0.751
1597 0.756
1599 0.743
1601 0.743
1603 0.752
1605 0.752
1607 0.752
1609 0.756
1611 0.756
1613 0.764
1615 0.776
1617 0.768
1619 0.76
1621 0.759
1623 0.767
1625 0.771
1627 0.768
1629 0.771
1631 0.768
1633 0.792
1635 0.792
1637 0.775
1639 0.78
1641 0.78
1643 0.788
1645 0.792
1647 0.783
1649 0.788
1651 0.807
1653 0.808
1655 0.8
1657 0.8
1659 0.795
1661 0.799
1663 0.808
1665 0.804
1667 0.804
1669 0.807
1671 0.824
1673 0.819
1675 0.819
1677 0.816
1679 0.82
1681 0.819
1683 0.819
1685 0.828
1687 0.832
1689 0.855
1691 0.848
1693 0.843
1695 0.835
1697 0.843
1699 0.836
1701 0.843
1703 0.839
1705 0.852
1707 0.872
1709 0.859
1711 0.852
1713 0.859
1715 0.855
1717 0.855
1719 0.847
1721 0.847
1723 0.887
1725 0.879
1727 0.871
1729 0.863
1731 0.863
1733 0.867
1735 0.855
1737 0.867
1739 0.884
1741 0.891
1743 0.899
1745 0.887
1747 0.872
1749 0.884
1751 0.872
1753 0.883
1755 0.891
1757 0.899
1759 0.908
1761 0.915
1763 0.903
1765 0.891
1767 0.888
1769 0.9
1771 0.903
1773 0.908
1775 0.927
1777 0.927
1779 0.908
1781 0.904
1783 0.908
1785 0.915
1787 0.927
1789 0.923
1791 0.935
1793 0.932
1795 0.956
1797 0.923
1799 0.956
1801 0.939
1803 0.956
1805 0.939
1807 0.975
1809 0.959
1811 0.935
1813 0.951
1815 0.951
1817 0.951
1819 0.971
1821 0.956
1823 0.972
1825 0.96
1827 0.951
1829 0.975
1831 0.975
1833 0.972
1835 0.963
1837 0.971
1839 0.987
1841 0.971
1843 0.971
1845 0.975
1847 0.984
1849 0.975
1851 0.975
1853 0.991
1855 0.995
1857 0.995
1859 0.995
1861 0.992
1863 0.992
1865 0.987
1867 0.992
1869 1.012
1871 1.016
1873 1.004
1875 1.008
1877 1.004
1879 1.003
1881 1.012
1883 1.012
1885 1.04
1887 1.019
1889 1.015
1891 1.019
1893 1.031
1895 1.031
1897 1.048
1899 1.068
1901 1.051
1903 1.043
1905 1.031
1907 1.043
1909 1.04
1911 1.044
1913 1.072
1915 1.063
1917 1.055
1919 1.043
1921 1.06
1923 1.048
1925 1.064
1927 1.096
1929 1.084
1931 1.076
1933 1.067
1935 1.056
1937 1.06
1939 1.088
1941 1.088
1943 1.099
1945 1.072
1947 1.076
1949 1.064
1951 1.087
1953 1.084
1955 1.111
1957 1.108
1959 1.088
1961 1.096
1963 1.088
1965 1.096
1967 1.103
1969 1.108
1971 1.127
1973 1.103
1975 1.095
1977 1.108
1979 1.108
1981 1.112
1983 1.12
1985 1.14
1987 1.112
1989 1.12
1991 1.127
1993 1.16
1995 1.136
1997 1.171
1999 1.148
2001 1.144
2003 1.148
2005 1.163
2007 1.148
2009 1.156
2011 1.163
2013 1.16
2015 1.164
2017 1.151
2019 1.156
2021 1.16
2023 1.163
2025 1.196
2027 1.163
2029 1.171
2031 1.183
2033 1.159
2035 1.171
2037 1.192
2039 1.187
2041 1.188
2043 1.196
2045 1.183
2047 1.183
2049 1.195
2051 1.216
2053 1.195
2055 1.203
2057 1.192
2059 1.191
2061 1.204
2063 1.235
2065 1.224
2067 1.204
2069 1.203
2071 1.204
2073 1.208
2075 1.24
2077 1.244
2079 1.22
2081 1.227
2083 1.22
2085 1.248
2087 1.264
2089 1.271
2091 1.24
2093 1.268
2095 1.248
2097 1.252
2099 1.267
2101 1.3
2103 1.264
2105 1.255
2107 1.252
2109 1.251
2111 1.283
2113 1.279
2115 1.267
2117 1.255
2119 1.271
2121 1.28
2123 1.299
2125 1.3
2127 1.292
2129 1.276
2131 1.284
2133 1.295
2135 1.307
2137 1.295
2139 1.295
2141 1.292
2143 1.3
2145 1.3
2147 1.331
2149 1.3
2151 1.308
2153 1.307
2155 1.312
2157 1.319
2159 1.335
2161 1.312
2163 1.316
2165 1.331
2167 1.327
2169 1.327
2171 1.351
2173 1.372
2175 1.36
2177 1.363
2179 1.359
2181 1.372
2183 1.36
2185 1.351
2187 1.36
2189 1.347
2191 1.347
2193 1.384
2195 1.364
2197 1.371
2199 1.364
2201 1.364
2203 1.379
2205 1.396
2207 1.384
2209 1.388
2211 1.375
2213 1.383
2215 1.396
2217 1.403
2219 1.403
2221 1.379
2223 1.388
2225 1.403
2227 1.432
2229 1.415
2231 1.392
2233 1.392
2235 1.395
2237 1.415
2239 1.443
2241 1.408
2243 1.403
2245 1.411
2247 1.423
2249 1.447
2251 1.432
2253 1.435
2255 1.443
2257 1.475
2259 1.463
2261 1.5
2263 1.459
2265 1.444
2267 1.463
2269 1.463
2271 1.488
2273 1.448
2275 1.46
2277 1.459
2279 1.464
2281 1.48
2283 1.475
2285 1.467
2287 1.491
2289 1.48
2291 1.483
2293 1.488
2295 1.475
2297 1.484
2299 1.487
2301 1.484
2303 1.503
2305 1.5
2307 1.495
2309 1.495
2311 1.503
2313 1.508
2315 1.516
2317 1.507
2319 1.512
2321 1.504
2323 1.519
2325 1.539
2327 1.519
2329 1.528
2331 1.508
2333 1.543
2335 1.548
2337 1.532
2339 1.539
2341 1.559
2343 1.559
2345 1.58
2347 1.551
2349 1.572
2351 1.559
2353 1.576
2355 1.596
2357 1.556
2359 1.551
2361 1.56
2363 1.584
2365 1.607
2367 1.58
2369 1.56
2371 1.575
2373 1.587
2375 1.608
2377 1.588
2379 1.567
2381 1.587
2383 1.604
2385 1.607
2387 1.603
2389 1.591
2391 1.6
2393 1.615
2395 1.623
2397 1.604
2399 1.607
2401 1.615
2403 1.623
2405 1.635
2407 1.62
2409 1.632
2411 1.62
2413 1.635
2415 1.635
2417 1.628
2419 1.636
2421 1.64
2423 1.663
2425 1.672
2427 1.668
2429 1.656
2431 1.663
2433 1.683
2435 1.676
2437 1.68
2439 1.663
2441 1.659
2443 1.727
2445 1.676
2447 1.676
2449 1.663
2451 1.687
2453 1.724
2455 1.683
2457 1.675
2459 1.711
2461 1.724
2463 1.708
2465 1.687
2467 1.683
2469 1.7
2471 1.74
2473 1.707
2475 1.692
2477 1.704
2479 1.724
2481 1.74
2483 1.712
2485 1.732
2487 1.724
2489 1.739
2491 1.744
2493 1.727
2495 1.727
2497 1.751
2499 1.776
2501 1.752
2503 1.788
2505 1.764
2507 1.791
2509 1.788
2511 1.764
2513 1.8
2515 1.767
2517 1.788
2519 1.764
2521 1.772
2523 1.775
2525 1.803
2527 1.827
2529 1.795
2531 1.799
2533 1.776
2535 1.812
2537 1.783
2539 1.788
2541 1.796
2543 1.823
2545 1.831
2547 1.8
2549 1.803
2551 1.803
2553 1.851
2555 1.823
2557 1.819
2559 1.803
2561 1.855
2563 1.843
2565 1.816
2567 1.839
2569 1.864
2571 1.911
2573 1.855
2575 1.836
2577 1.851
2579 1.892
2581 1.86
2583 1.848
2585 1.864
2587 1.888
2589 1.868
2591 1.855
2593 1.879
2595 1.903
2597 1.888
2599 1.864
2601 1.891
2603 1.884
2605 1.911
2607 1.879
2609 1.888
2611 1.892
2613 1.908
2615 1.899
2617 1.903
2619 1.903
2621 1.908
2623 1.94
2625 1.923
2627 1.912
2629 1.903
2631 1.939
2633 1.919
2635 1.912
2637 1.907
2639 1.947
2641 1.936
2643 1.927
2645 1.923
2647 1.995
2649 1.98
2651 1.972
2653 1.956
2655 1.98
2657 2.003
2659 1.964
2661 1.956
2663 1.98
2665 2.
2667 1.968
2669 1.987
2671 1.991
2673 1.995
2675 1.971
2677 1.991
2679 1.991
2681 2.011
2683 1.975
2685 1.991
2687 1.995
2689 2.019
2691 1.987
2693 2.
2695 2.003
2697 2.043
2699 2.019
2701 2.012
2703 2.019
2705 2.052
2707 2.015
2709 2.031
2711 2.039
2713 2.055
2715 2.064
2717 2.04
2719 2.036
2721 2.087
2723 2.072
2725 2.076
2727 2.055
2729 2.1
2731 2.076
2733 2.067
2735 2.08
2737 2.127
2739 2.096
2741 2.096
2743 2.072
2745 2.124
2747 2.08
2749 2.072
2751 2.103
2753 2.128
2755 2.128
2757 2.099
2759 2.091
2761 2.135
2763 2.096
2765 2.096
2767 2.108
2769 2.144
2771 2.104
2773 2.139
2775 2.136
2777 2.144
2779 2.107
2781 2.131
2783 2.155
2785 2.172
2787 2.147
2789 2.2
2791 2.168
2793 2.187
2795 2.179
2797 2.183
2799 2.203
2801 2.175
2803 2.172
2805 2.176
2807 2.195
2809 2.195
2811 2.172
2813 2.176
2815 2.208
2817 2.2
2819 2.195
2821 2.203
2823 2.235
2825 2.195
2827 2.192
2829 2.228
2831 2.24
2833 2.203
2835 2.203
2837 2.235
2839 2.224
2841 2.211
2843 2.231
2845 2.268
2847 2.24
2849 2.22
2851 2.231
2853 2.276
2855 2.247
2857 2.316
2859 2.276
2861 2.304
2863 2.264
2865 2.303
2867 2.271
2869 2.271
2871 2.291
2873 2.264
2875 2.296
2877 2.312
2879 2.304
2881 2.279
2883 2.336
2885 2.299
2887 2.288
2889 2.304
2891 2.332
2893 2.312
2895 2.307
2897 2.336
2899 2.324
2901 2.316
2903 2.316
2905 2.355
2907 2.324
2909 2.32
2911 2.355
2913 2.351
2915 2.34
2917 2.363
2919 2.408
2921 2.348
2923 2.372
2925 2.392
2927 2.391
2929 2.372
2931 2.371
2933 2.38
2935 2.395
2937 2.391
2939 2.367
2941 2.423
2943 2.375
2945 2.384
2947 2.392
2949 2.423
2951 2.387
2953 2.376
2955 2.46
2957 2.387
2959 2.415
2961 2.408
2963 2.435
2965 2.412
2967 2.4
2969 2.436
2971 2.443
2973 2.423
2975 2.456
2977 2.532
2979 2.476
2981 2.491
2983 2.483
2985 2.456
2987 2.444
2989 2.448
2991 2.48
2993 2.467
2995 2.488
2997 2.476
2999 2.495
3001 2.456
3003 2.46
3005 2.511
3007 2.475
3009 2.468
3011 2.507
3013 2.524
3015 2.483
3017 2.512
3019 2.548
3021 2.487
3023 2.496
3025 2.508
3027 2.508
3029 2.508
3031 2.504
3033 2.552
3035 2.523
3037 2.556
3039 2.571
3041 2.612
3043 2.552
3045 2.555
3047 2.62
3049 2.551
3051 2.571
3053 2.572
3055 2.583
3057 2.567
3059 2.559
3061 2.615
3063 2.579
3065 2.576
3067 2.612
3069 2.596
3071 2.567
3073 2.591
3075 2.62
3077 2.584
3079 2.604
3081 2.627
3083 2.62
3085 2.599
3087 2.599
3089 2.644
3091 2.619
3093 2.604
3095 2.667
3097 2.627
3099 2.663
3101 2.688
3103 2.687
3105 2.639
3107 2.663
3109 2.703
3111 2.655
3113 2.655
3115 2.695
3117 2.647
3119 2.652
3121 2.703
3123 2.667
3125 2.675
3127 2.731
3129 2.747
3131 2.744
3133 2.708
3135 2.72
3137 2.679
3139 2.708
3141 2.715
3143 2.711
3145 2.695
3147 2.759
3149 2.711
3151 2.7
3153 2.736
3155 2.74
3157 2.723
3159 2.751
3161 2.836
3163 2.776
3165 2.783
3167 2.779
3169 2.731
3171 2.751
3173 2.804
3175 2.759
3177 2.756
3179 2.788
3181 2.779
3183 2.779
3185 2.791
3187 2.784
3189 2.795
3191 2.776
3193 2.804
3195 2.804
3197 2.783
3199 2.816
3201 2.799
3203 2.783
3205 2.852
3207 2.839
3209 2.824
3211 2.832
3213 2.827
3215 2.796
3217 2.839
3219 2.892
3221 2.871
3223 2.884
3225 2.892
3227 2.863
3229 2.848
3231 2.884
3233 2.872
3235 2.859
3237 2.864
3239 2.895
3241 2.947
3243 2.864
3245 2.919
3247 2.892
3249 2.884
3251 2.927
3253 2.923
3255 2.895
3257 2.923
3259 2.92
3261 2.9
3263 2.907
3265 2.935
3267 2.908
3269 2.928
3271 2.923
3273 2.975
3275 2.983
3277 2.96
3279 2.951
3281 2.963
3283 2.956
3285 2.975
3287 2.932
3289 2.939
3291 2.971
3293 2.943
3295 2.963
3297 2.963
3299 2.967
3301 2.96
3303 2.98
3305 3.035
3307 2.96
3309 2.975
3311 3.052
3313 2.98
3315 3.048
3317 3.028
3319 2.975
3321 3.019
3323 3.019
3325 3.016
3327 3.036
3329 3.028
3331 3.056
3333 3.048
3335 3.036
3337 3.096
3339 3.043
3341 3.04
3343 3.096
3345 3.06
3347 3.08
3349 3.059
3351 3.075
3353 3.056
3355 3.067
3357 3.084
3359 3.068
3361 3.06
3363 3.14
3365 3.079
3367 3.059
3369 3.115
3371 3.119
3373 3.1
3375 3.116
3377 3.136
3379 3.124
3381 3.124
3383 3.132
3385 3.104
3387 3.112
3389 3.163
3391 3.115
3393 3.148
3395 3.204
3397 3.192
3399 3.168
3401 3.195
3403 3.163
3405 3.155
3407 3.187
3409 3.195
3411 3.18
3413 3.155
3415 3.2
3417 3.168
3419 3.147
3421 3.2
3423 3.208
3425 3.187
3427 3.211
3429 3.203
3431 3.192
3433 3.211
3435 3.263
3437 3.216
3439 3.183
3441 3.26
3443 3.211
3445 3.223
3447 3.259
3449 3.231
3451 3.288
3453 3.288
3455 3.271
3457 3.263
3459 3.248
3461 3.288
3463 3.259
3465 3.264
3467 3.311
3469 3.312
3471 3.299
3473 3.315
3475 3.32
3477 3.327
3479 3.327
3481 3.323
3483 3.307
3485 3.324
3487 3.331
3489 3.339
3491 3.347
3493 3.351
3495 3.344
3497 3.36
3499 3.34
3501 3.347
3503 3.359
3505 3.375
3507 3.415
3509 3.407
3511 3.423
3513 3.379
3515 3.395
3517 3.395
3519 3.395
3521 3.387
3523 3.428
3525 3.387
3527 3.415
3529 3.42
3531 3.42
3533 3.416
3535 3.407
3537 3.46
3539 3.415
3541 3.44
3543 3.447
3545 3.443
3547 3.468
3549 3.431
3551 3.46
3553 3.476
3555 3.436
3557 3.468
3559 3.483
3561 3.516
3563 3.519
3565 3.503
3567 3.491
3569 3.511
3571 3.527
3573 3.503
3575 3.528
3577 3.519
3579 3.507
3581 3.576
3583 3.511
3585 3.556
3587 3.508
3589 3.608
3591 3.528
3593 3.507
3595 3.543
3597 3.544
3599 3.543
3601 3.563
3603 3.543
3605 3.543
3607 3.523
3609 3.592
3611 3.596
3613 3.603
3615 3.635
3617 3.624
3619 3.615
3621 3.559
3623 3.595
3625 3.599
3627 3.607
3629 3.655
3631 3.584
3633 3.635
3635 3.587
3637 3.635
3639 3.62
3641 3.632
3643 3.648
3645 3.611
3647 3.639
3649 3.66
3651 3.648
3653 3.655
3655 3.652
3657 3.664
3659 3.679
3661 3.708
3663 3.695
3665 3.72
3667 3.675
3669 3.688
3671 3.711
3673 3.679
3675 3.728
3677 3.679
3679 3.743
3681 3.704
3683 3.695
3685 3.703
3687 3.731
3689 3.748
3691 3.715
3693 3.731
3695 3.748
3697 3.74
3699 3.756
3701 3.708
3703 3.751
3705 3.74
3707 3.764
3709 3.76
3711 3.827
3713 3.827
3715 3.792
3717 3.827
3719 3.796
3721 3.788
3723 3.771
3725 3.827
3727 3.824
3729 3.819
3731 3.827
3733 3.816
3735 3.836
3737 3.884
3739 3.815
3741 3.82
3743 3.831
3745 3.804
3747 3.84
3749 3.871
3751 3.835
3753 3.843
3755 3.831
3757 3.847
3759 3.859
3761 3.911
3763 3.875
3765 3.864
3767 3.943
3769 3.951
3771 3.963
3773 3.876
3775 3.892
3777 3.916
3779 3.912
3781 3.884
3783 3.911
3785 3.94
3787 3.907
3789 3.951
3791 3.903
3793 3.912
3795 3.952
3797 3.927
3799 3.927
3801 3.92
3803 3.936
3805 3.911
3807 3.943
3809 3.931
3811 3.96
3813 4.011
3815 3.987
3817 4.011
3819 4.003
3821 3.996
3823 3.991
3825 4.
3827 4.016
3829 4.003
3831 4.003
3833 4.023
3835 4.028
3837 4.012
3839 4.028
3841 3.996
3843 4.023
3845 4.016
3847 4.031
3849 4.043
3851 4.051
3853 4.023
3855 4.039
3857 4.092
3859 4.027
3861 4.091
3863 4.135
3865 4.111
3867 4.096
3869 4.099
3871 4.099
3873 4.083
3875 4.104
3877 4.076
3879 4.112
3881 4.084
3883 4.112
3885 4.132
3887 4.111
3889 4.107
3891 4.103
3893 4.148
3895 4.103
3897 4.155
3899 4.108
3901 4.159
3903 4.139
3905 4.148
3907 4.155
3909 4.16
3911 4.199
3913 4.248
3915 4.26
3917 4.188
3919 4.179
3921 4.163
3923 4.211
3925 4.208
3927 4.196
3929 4.204
3931 4.22
3933 4.211
3935 4.228
3937 4.228
3939 4.208
3941 4.231
3943 4.228
3945 4.263
3947 4.215
3949 4.251
3951 4.24
3953 4.255
3955 4.264
3957 4.307
3959 4.32
3961 4.32
3963 4.268
3965 4.295
3967 4.291
3969 4.292
3971 4.3
3973 4.311
3975 4.391
3977 4.263
3979 4.512
3981 4.327
3983 4.335
3985 4.324
3987 4.324
3989 4.331
3991 4.351
3993 4.336
3995 4.327
3997 4.355
3999 4.355
4001 4.364
4003 4.4
4005 4.428
4007 4.38
4009 4.427
4011 4.384
4013 4.391
4015 4.384
4017 4.376
4019 4.411
4021 4.428
4023 4.403
4025 4.384
4027 4.416
4029 4.407
4031 4.447
4033 4.4
4035 4.44
4037 4.408
4039 4.483
4041 4.42
4043 4.463
4045 4.456
4047 4.456
4049 4.452
4051 4.516
4053 4.476
4055 4.472
4057 4.483
4059 4.46
4061 4.5
4063 4.491
4065 4.531
4067 4.472
4069 4.527
4071 4.548
4073 4.539
4075 4.615
4077 4.552
4079 4.519
4081 4.588
4083 4.544
4085 4.576
4087 4.563
4089 4.576
4091 4.563
4093 4.576
4095 4.572
4097 4.596
4099 4.567
4101 4.628
4103 4.644
4105 4.648
4107 4.612
4109 4.643
4111 4.639
4113 4.604
4115 4.66
4117 4.64
4119 4.648
4121 4.624
4123 4.644
4125 4.655
4127 4.659
4129 4.672
4131 4.655
4133 4.643
4135 4.687
4137 4.659
4139 4.683
4141 4.664
4143 4.707
4145 4.652
4147 4.844
4149 4.719
4151 4.763
4153 4.735
4155 4.747
4157 4.719
4159 4.768
4161 4.764
4163 4.736
4165 4.696
4167 4.748
4169 4.708
4171 4.739
4173 4.743
4175 4.739
4177 4.768
4179 4.76
4181 4.735
4183 4.759
4185 4.788
4187 4.784
4189 4.78
4191 4.8
4193 4.824
4195 4.827
4197 4.827
4199 4.847
4201 4.815
4203 4.831
4205 4.835
4207 4.807
4209 4.867
4211 4.855
4213 4.819
4215 4.839
4217 4.851
4219 4.827
4221 4.852
4223 4.84
4225 4.851
4227 4.836
4229 4.856
4231 4.864
4233 4.887
4235 4.843
4237 4.907
4239 4.955
4241 4.943
4243 4.919
4245 4.891
4247 4.927
4249 4.915
4251 4.916
4253 4.912
4255 4.912
4257 4.916
4259 4.923
4261 4.923
4263 4.923
4265 4.988
4267 4.932
4269 4.956
4271 5.076
4273 4.947
4275 4.976
4277 4.996
4279 4.963
4281 5.012
4283 5.052
4285 5.036
4287 5.059
4289 5.015
4291 5.047
4293 5.019
4295 5.031
4297 5.011
4299 5.043
4301 5.032
4303 5.023
4305 5.071
4307 5.043
4309 5.091
4311 5.047
4313 5.019
4315 5.059
4317 5.059
4319 5.087
4321 5.051
4323 5.092
4325 5.123
4327 5.112
4329 5.124
4331 5.108
4333 5.099
4335 5.112
4337 5.132
4339 5.115
4341 5.144
4343 5.175
4345 5.184
4347 5.268
4349 5.132
4351 5.135
4353 5.143
4355 5.123
4357 5.152
4359 5.144
4361 5.16
4363 5.139
4365 5.159
4367 5.168
4369 5.215
4371 5.215
4373 5.268
4375 5.192
4377 5.228
4379 5.2
4381 5.24
4383 5.264
4385 5.299
4387 5.26
4389 5.291
4391 5.268
4393 5.271
4395 5.268
4397 5.311
4399 5.283
4401 5.295
4403 5.291
4405 5.299
4407 5.315
4409 5.431
4411 5.367
4413 5.336
4415 5.347
4417 5.324
4419 5.351
4421 5.348
4423 5.36
4425 5.408
4427 5.351
4429 5.344
4431 5.396
4433 5.367
4435 5.388
4437 5.375
4439 5.375
4441 5.423
4443 5.367
4445 5.428
4447 5.403
4449 5.411
4451 5.435
4453 5.48
4455 5.459
4457 5.431
4459 5.488
4461 5.423
4463 5.44
4465 5.439
4467 5.451
4469 5.456
4471 5.488
4473 5.447
4475 5.467
4477 5.448
4479 5.48
4481 5.452
4483 5.467
4485 5.476
4487 5.488
4489 5.536
4491 5.476
4493 5.471
4495 5.532
4497 5.587
4499 5.524
4501 5.547
4503 5.547
4505 5.56
4507 5.551
4509 5.579
4511 5.543
4513 5.56
4515 5.539
4517 5.572
4519 5.547
4521 5.555
4523 5.547
4525 5.596
4527 5.576
4529 5.56
4531 5.507
4533 5.536
4535 5.551
4537 5.536
4539 5.659
4541 5.684
4543 5.615
4545 5.619
4547 5.595
4549 5.592
4551 5.579
4553 5.604
4555 5.584
4557 5.587
4559 5.615
4561 5.595
4563 5.627
4565 5.644
4567 5.619
4569 5.612
4571 5.644
4573 5.64
4575 5.648
4577 5.64
4579 5.655
4581 5.716
4583 5.716
4585 5.748
4587 5.695
4589 5.72
4591 5.708
4593 5.743
4595 5.695
4597 5.684
4599 5.671
4601 5.683
4603 5.728
4605 5.739
4607 5.7
4609 5.703
4611 5.7
4613 5.724
4615 5.764
4617 5.728
4619 5.727
4621 5.719
4623 5.8
4625 5.796
4627 5.764
4629 5.748
4631 5.764
4633 5.752
4635 5.788
4637 5.752
4639 5.775
4641 5.78
4643 5.779
4645 5.844
4647 5.799
4649 5.804
4651 5.783
4653 5.824
4655 5.819
4657 5.823
4659 5.839
4661 5.827
4663 5.856
4665 5.904
4667 5.884
4669 5.836
4671 5.88
4673 5.884
4675 5.887
4677 5.875
4679 5.927
4681 5.916
4683 5.872
4685 5.824
4687 5.84
4689 5.863
4691 5.836
4693 5.827
4695 5.876
4697 5.871
4699 5.876
4701 5.884
4703 5.887
4705 5.952
4707 5.948
4709 5.916
4711 5.916
4713 5.935
4715 5.899
4717 5.963
4719 5.979
4721 5.923
4723 5.923
4725 5.956
4727 5.956
4729 6.115
4731 5.963
4733 5.984
4735 5.96
4737 6.003
4739 5.927
4741 5.899
4743 5.908
4745 5.963
4747 5.992
4749 5.984
4751 5.935
4753 5.944
4755 5.963
4757 5.968
4759 5.963
4761 5.98
4763 5.992
4765 5.96
4767 5.992
4769 5.96
4771 5.955
4773 5.935
4775 5.96
4777 5.928
4779 5.948
4781 5.943
4783 5.996
4785 6.032
4787 6.
4789 6.003
4791 6.011
4793 5.991
4795 5.996
4797 6.195
4799 6.
4801 6.036
4803 6.015
4805 6.023
4807 6.044
4809 6.032
4811 6.003
4813 6.043
4815 6.036
4817 6.047
4819 6.059
4821 6.072
4823 6.144
4825 6.087
4827 6.06
4829 6.144
4831 6.1
4833 6.104
4835 6.108
4837 6.108
4839 6.083
4841 6.103
4843 6.107
4845 6.127
4847 6.112
4849 6.119
4851 6.147
4853 6.123
4855 6.104
4857 6.176
4859 6.144
4861 6.148
4863 6.192
4865 6.231
4867 6.203
4869 6.176
4871 6.188
4873 6.196
4875 6.199
4877 6.208
4879 6.224
4881 6.216
4883 6.192
4885 6.252
4887 6.199
4889 6.248
4891 6.199
4893 6.264
4895 6.251
4897 6.231
4899 6.215
4901 6.259
4903 6.307
4905 6.368
4907 6.3
4909 6.283
4911 6.336
4913 6.319
4915 6.287
4917 6.352
4919 6.311
4921 6.279
4923 6.339
4925 6.331
4927 6.315
4929 6.296
4931 6.34
4933 6.347
4935 6.351
4937 6.344
4939 6.347
4941 6.32
4943 6.376
4945 6.568
4947 6.38
4949 6.395
4951 6.403
4953 6.395
4955 6.363
4957 6.563
4959 6.395
4961 6.387
4963 6.391
4965 6.431
4967 6.432
4969 6.412
4971 6.456
4973 6.412
4975 6.456
4977 6.431
4979 6.467
4981 6.443
4983 6.516
4985 6.516
4987 6.511
4989 6.479
4991 6.483
4993 6.48
4995 6.676
4997 6.524
4999 6.472