1 0.3
2 0.191
3 0.192
4 0.191
5 0.3
6 0.195
7 0.196
8 0.192
9 0.191
10 0.187
11 0.192
12 0.196
13 0.204
14 0.195
15 0.192
16 0.192
17 0.191
18 0.192
19 0.195
20 0.196
21 0.195
22 0.196
23 0.192
24 0.195
25 0.195
26 0.196
27 0.195
28 0.208
29 0.199
30 0.195
31 0.196
32 0.191
33 0.204
34 0.196
35 0.199
36 0.196
37 0.199
38 0.199
39 0.199
40 0.196
41 0.204
42 0.199
43 0.195
44 0.204
45 0.204
46 0.199
47 0.199
48 0.196
49 0.199
50 0.199
51 0.204
52 0.199
53 0.204
54 0.199
55 0.199
56 0.2
57 0.203
58 0.204
59 0.199
60 0.2
61 0.199
62 0.195
63 0.28
64 0.211
65 0.204
66 0.208
67 0.208
68 0.204
69 0.204
70 0.204
71 0.211
72 0.207
73 0.199
74 0.208
75 0.208
76 0.207
77 0.204
78 0.203
79 0.208
80 0.204
81 0.211
82 0.208
83 0.207
84 0.212
85 0.207
86 0.208
87 0.207
88 0.211
89 0.211
90 0.219
91 0.199
92 0.204
93 0.211
94 0.208
95 0.211
96 0.207
97 0.216
98 0.204
99 0.207
100 0.208
101 0.207
102 0.207
103 0.212
104 0.207
105 0.211
106 0.204
107 0.207
108 0.208
109 0.207
110 0.208
111 0.211
112 0.211
113 0.211
114 0.211
115 0.212
116 0.211
117 0.212
118 0.219
119 0.211
120 0.208
121 0.207
122 0.211
123 0.211
124 0.211
125 0.212
126 0.215
127 0.216
128 0.216
129 0.207
130 0.211
131 0.212
132 0.216
133 0.216
134 0.211
135 0.211
136 0.211
137 0.22
138 0.223
139 0.216
140 0.216
141 0.216
142 0.215
143 0.22
144 0.219
145 0.216
146 0.211
147 0.211
148 0.22
149 0.219
150 0.223
151 0.22
152 0.216
153 0.219
154 0.216
155 0.223
156 0.22
157 0.219
158 0.216
159 0.228
160 0.216
161 0.219
162 0.22
163 0.212
164 0.22
165 0.219
166 0.228
167 0.228
168 0.223
169 0.219
170 0.228
171 0.211
172 0.219
173 0.22
174 0.216
175 0.223
176 0.223
177 0.223
178 0.228
179 0.228
180 0.223
181 0.22
182 0.22
183 0.219
184 0.223
185 0.223
186 0.224
187 0.231
188 0.232
189 0.227
190 0.22
191 0.223
192 0.228
193 0.228
194 0.231
195 0.224
196 0.227
197 0.228
198 0.228
199 0.228
200 0.223
201 0.228
202 0.232
203 0.231
204 0.228
205 0.228
206 0.235
207 0.235
208 0.235
209 0.235
210 0.228
211 0.231
212 0.232
213 0.231
214 0.235
215 0.235
216 0.236
217 0.231
218 0.231
219 0.252
220 0.232
221 0.24
222 0.235
223 0.231
224 0.228
225 0.231
226 0.232
227 0.228
228 0.228
229 0.228
230 0.227
231 0.232
232 0.228
233 0.232
234 0.228
235 0.228
236 0.228
237 0.228
238 0.223
239 0.231
240 0.236
241 0.227
242 0.232
243 0.231
244 0.232
245 0.231
246 0.228
247 0.239
248 0.232
249 0.228
250 0.231
251 0.232
252 0.232
253 0.235
254 0.231
255 0.232
256 0.235
257 0.235
258 0.24
259 0.244
260 0.24
261 0.244
262 0.24
263 0.247
264 0.24
265 0.235
266 0.235
267 0.235
268 0.235
269 0.244
270 0.24
271 0.247
272 0.244
273 0.235
274 0.24
275 0.239
276 0.24
277 0.247
278 0.235
279 0.247
280 0.244
281 0.243
282 0.24
283 0.235
284 0.247
285 0.244
286 0.24
287 0.239
288 0.24
289 0.247
290 0.247
291 0.247
292 0.248
293 0.24
294 0.244
295 0.244
296 0.24
297 0.24
298 0.24
299 0.251
300 0.252
301 0.247
302 0.24
303 0.235
304 0.24
305 0.239
306 0.24
307 0.24
308 0.252
309 0.251
310 0.244
311 0.243
312 0.244
313 0.24
314 0.244
315 0.255
316 0.252
317 0.243
318 0.247
319 0.247
320 0.247
321 0.244
322 0.255
323 0.256
324 0.247
325 0.255
326 0.248
327 0.247
328 0.247
329 0.252
330 0.252
331 0.255
332 0.252
333 0.247
334 0.256
335 0.252
336 0.247
337 0.255
338 0.248
339 0.251
340 0.247
341 0.252
342 0.247
343 0.259
344 0.252
345 0.264
346 0.247
347 0.252
348 0.243
349 0.247
350 0.256
351 0.255
352 0.255
353 0.252
354 0.247
355 0.259
356 0.252
357 0.256
358 0.252
359 0.256
360 0.243
361 0.247
362 0.259
363 0.259
364 0.256
365 0.255
366 0.26
367 0.255
368 0.264
369 0.259
370 0.267
371 0.252
372 0.252
373 0.252
374 0.252
375 0.256
376 0.256
377 0.256
378 0.259
379 0.26
380 0.267
381 0.255
382 0.271
383 0.26
384 0.256
385 0.256
386 0.264
387 0.264
388 0.255
389 0.255
390 0.259
391 0.256
392 0.256
393 0.26
394 0.263
395 0.256
396 0.251
397 0.259
398 0.259
399 0.259
400 0.264
401 0.264
402 0.264
403 0.259
404 0.264
405 0.271
406 0.271
407 0.264
408 0.271
409 0.271
410 0.264
411 0.264
412 0.271
413 0.271
414 0.264
415 0.271
416 0.288
417 0.267
418 0.271
419 0.271
420 0.279
421 0.271
422 0.276
423 0.276
424 0.267
425 0.268
426 0.268
427 0.267
428 0.268
429 0.267
430 0.272
431 0.271
432 0.271
433 0.267
434 0.268
435 0.271
436 0.259
437 0.264
438 0.267
439 0.272
440 0.271
441 0.267
442 0.271
443 0.283
444 0.268
445 0.264
446 0.271
447 0.279
448 0.268
449 0.271
450 0.271
451 0.267
452 0.264
453 0.268
454 0.272
455 0.271
456 0.283
457 0.271
458 0.276
459 0.271
460 0.276
461 0.276
462 0.275
463 0.264
464 0.267
465 0.276
466 0.275
467 0.288
468 0.268
469 0.271
470 0.271
471 0.275
472 0.276
473 0.276
474 0.276
475 0.275
476 0.271
477 0.267
478 0.279
479 0.28
480 0.279
481 0.284
482 0.291
483 0.283
484 0.276
485 0.271
486 0.276
487 0.271
488 0.276
489 0.279
490 0.276
491 0.279
492 0.28
493 0.283
494 0.283
495 0.292
496 0.275
497 0.271
498 0.276
499 0.276
500 0.279
501 0.279
502 0.28
503 0.279
504 0.28
505 0.275
506 0.276
507 0.279
508 0.28
509 0.283
510 0.279
511 0.283
512 0.279
513 0.284
514 0.283
515 0.283
516 0.279
517 0.283
518 0.28
519 0.279
520 0.284
521 0.279
522 0.283
523 0.28
524 0.283
525 0.284
526 0.295
527 0.292
528 0.291
529 0.279
530 0.288
531 0.287
532 0.284
533 0.283
534 0.288
535 0.283
536 0.28
537 0.283
538 0.288
539 0.292
540 0.291
541 0.288
542 0.288
543 0.283
544 0.292
545 0.287
546 0.288
547 0.3
548 0.295
549 0.283
550 0.287
551 0.288
552 0.288
553 0.292
554 0.299
555 0.288
556 0.292
557 0.295
558 0.288
559 0.291
560 0.304
561 0.287
562 0.288
563 0.292
564 0.288
565 0.296
566 0.291
567 0.291
568 0.296
569 0.291
570 0.3
571 0.291
572 0.288
573 0.292
574 0.291
575 0.292
576 0.295
577 0.291
578 0.292
579 0.299
580 0.3
581 0.291
582 0.3
583 0.3
584 0.3
585 0.307
586 0.307
587 0.296
588 0.295
589 0.307
590 0.327
591 0.3
592 0.303
593 0.303
594 0.312
595 0.295
596 0.295
597 0.295
598 0.3
599 0.295
600 0.296
601 0.295
602 0.304
603 0.295
604 0.295
605 0.3
606 0.295
607 0.295
608 0.303
609 0.304
610 0.3
611 0.307
612 0.303
613 0.295
614 0.303
615 0.303
616 0.3
617 0.303
618 0.307
619 0.312
620 0.299
621 0.3
622 0.3
623 0.308
624 0.319
625 0.299
626 0.312
627 0.3
628 0.3
629 0.307
630 0.303
631 0.32
632 0.303
633 0.311
634 0.3
635 0.299
636 0.308
637 0.307
638 0.303
639 0.303
640 0.307
641 0.312
642 0.3
643 0.3
644 0.312
645 0.307
646 0.307
647 0.304
648 0.312
649 0.308
650 0.307
651 0.303
652 0.312
653 0.303
654 0.304
655 0.304
656 0.311
657 0.312
658 0.304
659 0.316
660 0.312
661 0.319
662 0.303
663 0.307
664 0.307
665 0.312
666 0.315
667 0.307
668 0.319
669 0.312
670 0.312
671 0.307
672 0.312
673 0.32
674 0.311
675 0.307
676 0.307
677 0.316
678 0.32
679 0.315
680 0.315
681 0.308
682 0.312
683 0.319
684 0.315
685 0.312
686 0.319
687 0.312
688 0.319
689 0.324
690 0.315
691 0.312
692 0.307
693 0.311
694 0.319
695 0.324
696 0.319
697 0.311
698 0.324
699 0.315
700 0.316
701 0.327
702 0.316
703 0.315
704 0.319
705 0.312
706 0.312
707 0.316
708 0.324
709 0.316
710 0.316
711 0.319
712 0.327
713 0.319
714 0.316
715 0.315
716 0.324
717 0.316
718 0.315
719 0.312
720 0.328
721 0.319
722 0.324
723 0.324
724 0.331
725 0.316
726 0.319
727 0.327
728 0.336
729 0.34
730 0.328
731 0.324
732 0.324
733 0.327
734 0.328
735 0.347
736 0.328
737 0.34
738 0.331
739 0.327
740 0.324
741 0.336
742 0.327
743 0.328
744 0.327
745 0.323
746 0.328
747 0.335
748 0.331
749 0.328
750 0.324
751 0.327
752 0.328
753 0.323
754 0.328
755 0.324
756 0.335
757 0.324
758 0.336
759 0.327
760 0.328
761 0.328
762 0.323
763 0.324
764 0.324
765 0.324
766 0.328
767 0.327
768 0.327
769 0.343
770 0.336
771 0.339
772 0.339
773 0.336
774 0.339
775 0.331
776 0.332
777 0.327
778 0.331
779 0.331
780 0.339
781 0.336
782 0.331
783 0.331
784 0.327
785 0.336
786 0.331
787 0.336
788 0.331
789 0.336
790 0.331
791 0.344
792 0.347
793 0.348
794 0.343
795 0.348
796 0.347
797 0.348
798 0.348
799 0.343
800 0.343
801 0.34
802 0.336
803 0.339
804 0.336
805 0.328
806 0.336
807 0.336
808 0.347
809 0.343
810 0.343
811 0.343
812 0.343
813 0.339
814 0.339
815 0.336
816 0.336
817 0.348
818 0.343
819 0.352
820 0.348
821 0.347
822 0.343
823 0.336
824 0.352
825 0.347
826 0.343
827 0.339
828 0.339
829 0.339
830 0.34
831 0.348
832 0.348
833 0.348
834 0.343
835 0.339
836 0.351
837 0.348
838 0.343
839 0.339
840 0.339
841 0.348
842 0.343
843 0.348
844 0.343
845 0.348
846 0.351
847 0.36
848 0.351
849 0.352
850 0.364
851 0.348
852 0.351
853 0.355
854 0.379
855 0.351
856 0.36
857 0.368
858 0.348
859 0.347
860 0.347
861 0.364
862 0.347
863 0.355
864 0.36
865 0.351
866 0.347
867 0.348
868 0.359
869 0.348
870 0.351
871 0.364
872 0.343
873 0.351
874 0.364
875 0.347
876 0.351
877 0.364
878 0.351
879 0.347
880 0.347
881 0.347
882 0.36
883 0.368
884 0.36
885 0.367
886 0.355
887 0.355
888 0.368
889 0.352
890 0.36
891 0.351
892 0.355
893 0.368
894 0.351
895 0.367
896 0.355
897 0.36
898 0.351
899 0.351
900 0.36
901 0.355
902 0.368
903 0.355
904 0.355
905 0.355
906 0.36
907 0.36
908 0.355
909 0.367
910 0.355
911 0.368
912 0.351
913 0.371
914 0.355
915 0.371
916 0.355
917 0.372
918 0.355
919 0.36
920 0.355
921 0.371
922 0.36
923 0.371
924 0.36
925 0.371
926 0.36
927 0.375
928 0.364
929 0.375
930 0.36
931 0.355
932 0.36
933 0.363
934 0.36
935 0.36
936 0.371
937 0.36
938 0.371
939 0.36
940 0.359
941 0.368
942 0.364
943 0.375
944 0.359
945 0.368
946 0.368
947 0.364
948 0.379
949 0.364
950 0.36
951 0.368
952 0.367
953 0.375
954 0.36
955 0.364
956 0.375
957 0.367
958 0.375
959 0.399
960 0.372
961 0.383
962 0.376
963 0.367
964 0.379
965 0.379
966 0.384
967 0.379
968 0.387
969 0.375
970 0.379
971 0.38
972 0.376
973 0.367
974 0.375
975 0.364
976 0.363
977 0.375
978 0.372
979 0.364
980 0.371
981 0.388
982 0.367
983 0.368
984 0.375
985 0.391
986 0.364
987 0.364
988 0.379
989 0.392
990 0.371
991 0.375
992 0.384
993 0.388
994 0.367
995 0.371
996 0.376
997 0.371
998 0.384
999 0.379
1000 0.367