1 0.092
2 0.091
3 0.099
4 0.1
5 0.108
6 0.1
7 0.112
8 0.112
9 0.115
10 0.115
11 0.119
12 0.119
13 0.123
14 0.123
15 0.127
16 0.128
17 0.128
18 0.132
19 0.135
20 0.135
21 0.139
22 0.144
23 0.147
24 0.144
25 0.148
26 0.152
27 0.148
28 0.155
29 0.151
30 0.16
31 0.159
32 0.16
33 0.163
34 0.163
35 0.164
36 0.172
37 0.175
38 0.172
39 0.175
40 0.175
41 0.18
42 0.183
43 0.184
44 0.187
45 0.192
46 0.188
47 0.192
48 0.192
49 0.192
50 0.199
51 0.199
52 0.2
53 0.203
54 0.207
55 0.2
56 0.207
57 0.211
58 0.216
59 0.211
60 0.215
61 0.211
62 0.224
63 0.219
64 0.224
65 0.228
66 0.231
67 0.224
68 0.231
69 0.232
70 0.239
71 0.235
72 0.24
73 0.251
74 0.239
75 0.248
76 0.255
77 0.255
78 0.26
79 0.264
80 0.263
81 0.268
82 0.255
83 0.263
84 0.275
85 0.28
86 0.276
87 0.268
88 0.279
89 0.279
90 0.279
91 0.284
92 0.284
93 0.276
94 0.284
95 0.291
96 0.295
97 0.295
98 0.303
99 0.304
100 0.304
101 0.307
102 0.316
103 0.311
104 0.316
105 0.315
106 0.315
107 0.307
108 0.316
109 0.324
110 0.32
111 0.324
112 0.327
113 0.332
114 0.324
115 0.336
116 0.335
117 0.344
118 0.347
119 0.336
120 0.347
121 0.351
122 0.351
123 0.347
124 0.351
125 0.355
126 0.355
127 0.364
128 0.364
129 0.36
130 0.364
131 0.36
132 0.371
133 0.375
134 0.372
135 0.371
136 0.38
137 0.376
138 0.38
139 0.384
140 0.384
141 0.387
142 0.391
143 0.384
144 0.395
145 0.395
146 0.395
147 0.403
148 0.399
149 0.403
150 0.407
151 0.403
152 0.412
153 0.416
154 0.415
155 0.42
156 0.416
157 0.416
158 0.423
159 0.42
160 0.423
161 0.423
162 0.432
163 0.428
164 0.427
165 0.436
166 0.436
167 0.44
168 0.443
169 0.435
170 0.443
171 0.452
172 0.452
173 0.456
174 0.455
175 0.456
176 0.46
177 0.46
178 0.456
179 0.463
180 0.467
181 0.467
182 0.471
183 0.464
184 0.471
185 0.48
186 0.471
187 0.48
188 0.483
189 0.475
190 0.492
191 0.488
192 0.491
193 0.491
194 0.496
195 0.492
196 0.5
197 0.503
198 0.5
199 0.503
200 0.503
201 0.5
202 0.503
203 0.512
204 0.516
205 0.512
206 0.516
207 0.519
208 0.524
209 0.524
210 0.536
211 0.536
212 0.536
213 0.539
214 0.536
215 0.543
216 0.539
217 0.539
218 0.547
219 0.556
220 0.552
221 0.552
222 0.556
223 0.552
224 0.543
225 0.556
226 0.568
227 0.564
228 0.563
229 0.563
230 0.567
231 0.568
232 0.563
233 0.572
234 0.576
235 0.568
236 0.58
237 0.583
238 0.579
239 0.584
240 0.587
241 0.596
242 0.596
243 0.596
244 0.592
245 0.592
246 0.596
247 0.599
248 0.6
249 0.607
250 0.608
251 0.612
252 0.615
253 0.607
254 0.612
255 0.62
256 0.619
257 0.623
258 0.619
259 0.628
260 0.628
261 0.632
262 0.632
263 0.632
264 0.635
265 0.635
266 0.635
267 0.632
268 0.643
269 0.647
270 0.644
271 0.648
272 0.655
273 0.652
274 0.652
275 0.655
276 0.655
277 0.659
278 0.66
279 0.664
280 0.663
281 0.667
282 0.668
283 0.672
284 0.675
285 0.676
286 0.684
287 0.684
288 0.688
289 0.683
290 0.688
291 0.688
292 0.692
293 0.692
294 0.692
295 0.695
296 0.699
297 0.708
298 0.704
299 0.704
300 0.708
301 0.708
302 0.711
303 0.715
304 0.715
305 0.715
306 0.716
307 0.724
308 0.724
309 0.724
310 0.728
311 0.728
312 0.731
313 0.735
314 0.739
315 0.74
316 0.74
317 0.74
318 0.74
319 0.744
320 0.747
321 0.751
322 0.748
323 0.748
324 0.751
325 0.743
326 0.807
327 0.78
328 0.788
329 0.784
330 0.792
331 0.795
332 0.796
333 0.791
334 0.804
335 0.807
336 0.8
337 0.807
338 0.816
339 0.811
340 0.815
341 0.8
342 0.811
343 0.816
344 0.815
345 0.816
346 0.819
347 0.823
348 0.824
349 0.816
350 0.827
351 0.827
352 0.832
353 0.835
354 0.836
355 0.843
356 0.836
357 0.847
358 0.843
359 0.847
360 0.855
361 0.852
362 0.855
363 0.848
364 0.855
365 0.859
366 0.852
367 0.867
368 0.867
369 0.86
370 0.884
371 0.868
372 0.864
373 0.88
374 0.871
375 0.88
376 0.88
377 0.876
378 0.887
379 0.884
380 0.888
381 0.896
382 0.887
383 0.896
384 0.9
385 0.9
386 0.9
387 0.9
388 0.896
389 0.908
390 0.911
391 0.908
392 0.92
393 0.912
394 0.916
395 0.916
396 0.92
397 0.923
398 0.927
399 0.927
400 0.927
401 0.932
402 0.932
403 0.936
404 0.936
405 0.94
406 0.944
407 0.943
408 0.943
409 0.947
410 0.951
411 0.951
412 0.951
413 0.951
414 0.955
415 0.963
416 0.96
417 0.967
418 0.967
419 0.967
420 0.971
421 0.976
422 0.972
423 0.98
424 0.983
425 0.979
426 0.98
427 0.983
428 0.984
429 0.983
430 0.992
431 0.992
432 0.995
433 0.996
434 0.995
435 0.996
436 1.
437 1.007
438 1.012
439 1.012
440 1.016
441 1.019
442 1.019
443 1.027
444 1.032
445 1.023
446 1.032
447 1.023
448 1.027
449 1.027
450 1.039
451 1.032
452 1.032
453 1.048
454 1.039
455 1.036
456 1.048
457 1.048
458 1.043
459 1.052
460 1.048
461 1.059
462 1.052
463 1.079
464 1.035
465 1.039
466 1.036
467 1.048
468 1.039
469 1.056
470 1.047
471 1.059
472 1.056
473 1.051
474 1.076
475 1.055
476 1.059
477 1.067
478 1.067
479 1.059
480 1.072
481 1.072
482 1.072
483 1.084
484 1.08
485 1.079
486 1.079
487 1.079
488 1.084
489 1.088
490 1.092
491 1.096
492 1.092
493 1.096
494 1.096
495 1.096
496 1.104
497 1.103
498 1.108
499 1.112
500 1.111
501 1.115
502 1.115
503 1.115
504 1.119
505 1.119
506 1.127
507 1.123
508 1.128
509 1.127
510 1.132
511 1.131
512 1.132
513 1.139
514 1.14
515 1.14
516 1.144
517 1.143
518 1.144
519 1.152
520 1.152
521 1.152
522 1.152
523 1.151
524 1.159
525 1.164
526 1.164
527 1.164
528 1.168
529 1.168
530 1.172
531 1.172
532 1.176
533 1.18
534 1.18
535 1.179
536 1.184
537 1.195
538 1.196
539 1.199
540 1.199
541 1.2
542 1.203
543 1.207
544 1.211
545 1.211
546 1.211
547 1.195
548 1.204
549 1.211
550 1.215
551 1.215
552 1.216
553 1.211
554 1.224
555 1.215
556 1.224
557 1.219
558 1.235
559 1.235
560 1.231
561 1.232
562 1.228
563 1.244
564 1.244
565 1.239
566 1.244
567 1.24
568 1.251
569 1.248
570 1.248
571 1.264
572 1.248
573 1.256
574 1.255
575 1.26
576 1.259
577 1.264
578 1.272
579 1.268
580 1.271
581 1.255
582 1.283
583 1.279
584 1.28
585 1.284
586 1.28
587 1.288
588 1.295
589 1.291
590 1.284
591 1.315
592 1.327
593 1.32
594 1.311
595 1.327
596 1.335
597 1.331
598 1.332
599 1.332
600 1.336
601 1.344
602 1.344
603 1.347
604 1.347
605 1.347
606 1.34
607 1.344
608 1.351
609 1.36
610 1.364
611 1.364
612 1.36
613 1.371
614 1.371
615 1.371
616 1.367
617 1.376
618 1.375
619 1.372
620 1.379
621 1.384
622 1.384
623 1.38
624 1.379
625 1.384
626 1.391
627 1.395
628 1.384
629 1.403
630 1.403
631 1.407
632 1.412
633 1.411
634 1.42
635 1.415
636 1.424
637 1.42
638 1.412
639 1.416
640 1.427
641 1.423
642 1.423
643 1.423
644 1.42
645 1.423
646 1.432
647 1.436
648 1.44
649 1.436
650 1.44
651 1.435
652 1.44
653 1.448
654 1.448
655 1.443
656 1.451
657 1.447
658 1.508
659 1.46
660 1.46
661 1.475
662 1.463
663 1.463
664 1.472
665 1.475
666 1.471
667 1.472
668 1.472
669 1.472
670 1.476
671 1.475
672 1.483
673 1.483
674 1.476
675 1.487
676 1.492
677 1.492
678 1.492
679 1.496
680 1.5
681 1.5
682 1.507
683 1.496
684 1.508
685 1.488
686 1.508
687 1.503
688 1.511
689 1.519
690 1.523
691 1.519
692 1.523
693 1.523
694 1.519
695 1.527
696 1.527
697 1.536
698 1.539
699 1.544
700 1.528
701 1.543
702 1.547
703 1.552
704 1.544
705 1.539
706 1.548
707 1.547
708 1.552
709 1.556
710 1.547
711 1.551
712 1.563
713 1.559
714 1.572
715 1.572
716 1.571
717 1.572
718 1.576
719 1.58
720 1.579
721 1.583
722 1.583
723 1.587
724 1.588
725 1.584
726 1.584
727 1.592
728 1.596
729 1.599
730 1.604
731 1.596
732 1.603
733 1.603
734 1.612
735 1.615
736 1.612
737 1.615
738 1.608
739 1.623
740 1.619
741 1.624
742 1.619
743 1.619
744 1.635
745 1.632
746 1.627
747 1.632
748 1.635
749 1.635
750 1.64
751 1.639
752 1.632
753 1.643
754 1.648
755 1.648
756 1.647
757 1.655
758 1.655
759 1.659
760 1.652
761 1.664
762 1.668
763 1.668
764 1.675
765 1.672
766 1.667
767 1.664
768 1.671
769 1.675
770 1.672
771 1.675
772 1.683
773 1.688
774 1.692
775 1.688
776 1.692
777 1.695
778 1.7
779 1.699
780 1.703
781 1.708
782 1.708
783 1.711
784 1.712
785 1.712
786 1.708
787 1.711
788 1.72
789 1.715
790 1.719
791 1.72
792 1.724
793 1.719
794 1.72
795 1.731
796 1.74
797 1.748
798 1.739
799 1.748
800 1.755
801 1.751
802 1.756
803 1.739
804 1.755
805 1.755
806 1.748
807 1.759
808 1.764
809 1.756
810 1.755
811 1.764
812 1.768
813 1.76
814 1.768
815 1.771
816 1.775
817 1.775
818 1.779
819 1.771
820 1.775
821 1.776
822 1.78
823 1.791
824 1.796
825 1.784
826 1.788
827 1.8
828 1.792
829 1.799
830 1.803
831 1.799
832 1.804
833 1.807
834 1.804
835 1.82
836 1.803
837 1.808
838 1.819
839 1.824
840 1.824
841 1.827
842 1.827
843 1.819
844 1.831
845 1.832
846 1.827
847 1.82
848 1.835
849 1.836
850 1.839
851 1.836
852 1.844
853 1.844
854 1.844
855 1.852
856 1.847
857 1.851
858 1.851
859 1.851
860 1.855
861 1.851
862 1.864
863 1.868
864 1.871
865 1.875
866 1.876
867 1.88
868 1.867
869 1.888
870 1.884
871 1.884
872 1.895
873 1.895
874 1.895
875 1.9
876 1.899
877 1.891
878 1.895
879 1.903
880 1.891
881 1.9
882 1.907
883 1.912
884 1.916
885 1.911
886 1.916
887 1.92
888 1.92
889 1.92
890 1.923
891 1.927
892 1.927
893 1.927
894 1.923
895 1.931
896 1.948
897 1.94
898 1.939
899 1.948
900 1.947
901 1.952
902 1.952
903 1.948
904 1.956
905 1.952
906 1.951
907 1.956
908 1.956
909 1.956
910 1.96
911 1.963
912 1.967
913 1.963
914 1.967
915 1.972
916 1.976
917 1.979
918 1.98
919 1.987
920 1.988
921 1.988
922 1.984
923 1.987
924 1.992
925 1.992
926 1.992
927 1.987
928 2.
929 2.
930 2.003
931 2.003
932 2.008
933 2.007
934 2.012
935 2.007
936 2.011
937 2.016
938 2.023
939 2.024
940 2.036
941 2.032
942 2.051
943 2.047
944 2.044
945 2.043
946 2.036
947 2.028
948 2.043
949 2.043
950 2.043
951 2.052
952 2.047
953 2.036
954 2.051
955 2.056
956 2.056
957 2.043
958 2.064
959 2.056
960 2.055
961 2.056
962 2.063
963 2.067
964 2.068
965 2.068
966 2.06
967 2.075
968 2.079
969 2.068
970 2.068
971 2.068
972 2.087
973 2.076
974 2.088
975 2.087
976 2.092
977 2.095
978 2.095
979 2.096
980 2.1
981 2.104
982 2.095
983 2.1
984 2.096
985 2.099
986 2.112
987 2.108
988 2.1
989 2.112
990 2.111
991 2.115
992 2.115
993 2.115
994 2.115
995 2.131
996 2.127
997 2.136
998 2.131
999 2.123
1000 2.143