1 0.188
2 0.196
3 0.191
4 0.192
5 0.192
6 0.196
7 0.199
8 0.196
9 0.192
10 0.196
11 0.196
12 0.195
13 0.196
14 0.192
15 0.196
16 0.195
17 0.2
18 0.196
19 0.196
20 0.195
21 0.2
22 0.196
23 0.199
24 0.196
25 0.196
26 0.203
27 0.2
28 0.195
29 0.196
30 0.2
31 0.199
32 0.2
33 0.196
34 0.203
35 0.2
36 0.196
37 0.203
38 0.196
39 0.196
40 0.195
41 0.2
42 0.199
43 0.2
44 0.2
45 0.199
46 0.2
47 0.196
48 0.203
49 0.2
50 0.208
51 0.199
52 0.208
53 0.203
54 0.203
55 0.204
56 0.203
57 0.204
58 0.211
59 0.203
60 0.204
61 0.211
62 0.203
63 0.211
64 0.204
65 0.207
66 0.207
67 0.208
68 0.211
69 0.207
70 0.207
71 0.211
72 0.207
73 0.208
74 0.211
75 0.211
76 0.211
77 0.203
78 0.208
79 0.207
80 0.211
81 0.207
82 0.216
83 0.211
84 0.211
85 0.211
86 0.212
87 0.211
88 0.212
89 0.207
90 0.216
91 0.211
92 0.211
93 0.207
94 0.224
95 0.22
96 0.215
97 0.216
98 0.22
99 0.22
100 0.22
101 0.216
102 0.212
103 0.227
104 0.22
105 0.223
106 0.22
107 0.22
108 0.223
109 0.216
110 0.224
111 0.22
112 0.223
113 0.224
114 0.223
115 0.22
116 0.22
117 0.223
118 0.228
119 0.219
120 0.224
121 0.22
122 0.223
123 0.228
124 0.224
125 0.22
126 0.223
127 0.22
128 0.223
129 0.224
130 0.224
131 0.227
132 0.231
133 0.228
134 0.223
135 0.235
136 0.224
137 0.227
138 0.228
139 0.227
140 0.228
141 0.231
142 0.231
143 0.228
144 0.228
145 0.235
146 0.231
147 0.227
148 0.232
149 0.24
150 0.227
151 0.231
152 0.232
153 0.235
154 0.231
155 0.227
156 0.224
157 0.227
158 0.227
159 0.232
160 0.231
161 0.235
162 0.24
163 0.235
164 0.231
165 0.235
166 0.231
167 0.232
168 0.231
169 0.231
170 0.231
171 0.231
172 0.235
173 0.24
174 0.244
175 0.235
176 0.231
177 0.235
178 0.235
179 0.24
180 0.235
181 0.244
182 0.235
183 0.24
184 0.235
185 0.244
186 0.236
187 0.244
188 0.244
189 0.24
190 0.255
191 0.24
192 0.247
193 0.248
194 0.247
195 0.252
196 0.247
197 0.248
198 0.247
199 0.248
200 0.248
201 0.247
202 0.248
203 0.247
204 0.244
205 0.244
206 0.243
207 0.259
208 0.252
209 0.259
210 0.271
211 0.255
212 0.268
213 0.268
214 0.268
215 0.267
216 0.272
217 0.268
218 0.268
219 0.275
220 0.275
221 0.272
222 0.275
223 0.264
224 0.264
225 0.268
226 0.264
227 0.255
228 0.251
229 0.251
230 0.252
231 0.255
232 0.251
233 0.255
234 0.268
235 0.259
236 0.264
237 0.264
238 0.264
239 0.255
240 0.255
241 0.255
242 0.259
243 0.268
244 0.259
245 0.264
246 0.26
247 0.264
248 0.259
249 0.255
250 0.272
251 0.268
252 0.264
253 0.263
254 0.259
255 0.259
256 0.272
257 0.268
258 0.264
259 0.267
260 0.264
261 0.264
262 0.264
263 0.268
264 0.264
265 0.259
266 0.267
267 0.272
268 0.267
269 0.268
270 0.259
271 0.268
272 0.267
273 0.272
274 0.264
275 0.275
276 0.268
277 0.271
278 0.268
279 0.268
280 0.268
281 0.267
282 0.272
283 0.271
284 0.276
285 0.271
286 0.272
287 0.268
288 0.268
289 0.276
290 0.268
291 0.268
292 0.279
293 0.271
294 0.272
295 0.283
296 0.275
297 0.276
298 0.283
299 0.271
300 0.276
301 0.279
302 0.272
303 0.275
304 0.272
305 0.271
306 0.279
307 0.272
308 0.275
309 0.276
310 0.271
311 0.276
312 0.276
313 0.271
314 0.272
315 0.275
316 0.279
317 0.28
318 0.279
319 0.275
320 0.276
321 0.288
322 0.275
323 0.288
324 0.275
325 0.283
326 0.275
327 0.268
328 0.271
329 0.272
330 0.283
331 0.279
332 0.275
333 0.276
334 0.283
335 0.279
336 0.279
337 0.279
338 0.28
339 0.283
340 0.275
341 0.279
342 0.283
343 0.284
344 0.28
345 0.283
346 0.288
347 0.295
348 0.279
349 0.292
350 0.279
351 0.279
352 0.276
353 0.279
354 0.291
355 0.284
356 0.291
357 0.279
358 0.283
359 0.283
360 0.288
361 0.296
362 0.283
363 0.283
364 0.291
365 0.288
366 0.283
367 0.283
368 0.288
369 0.296
370 0.279
371 0.288
372 0.291
373 0.292
374 0.288
375 0.291
376 0.292
377 0.283
378 0.292
379 0.291
380 0.292
381 0.296
382 0.295
383 0.288
384 0.296
385 0.291
386 0.292
387 0.292
388 0.307
389 0.292
390 0.288
391 0.295
392 0.296
393 0.291
394 0.296
395 0.303
396 0.292
397 0.288
398 0.296
399 0.307
400 0.288
401 0.292
402 0.296
403 0.299
404 0.292
405 0.292
406 0.295
407 0.299
408 0.304
409 0.303
410 0.292
411 0.299
412 0.299
413 0.3
414 0.299
415 0.296
416 0.291
417 0.299
418 0.32
419 0.316
420 0.3
421 0.303
422 0.303
423 0.307
424 0.303
425 0.328
426 0.324
427 0.303
428 0.303
429 0.307
430 0.312
431 0.303
432 0.312
433 0.299
434 0.32
435 0.312
436 0.296
437 0.303
438 0.303
439 0.307
440 0.303
441 0.303
442 0.307
443 0.3
444 0.308
445 0.311
446 0.307
447 0.316
448 0.312
449 0.32
450 0.315
451 0.312
452 0.32
453 0.303
454 0.303
455 0.307
456 0.307
457 0.299
458 0.303
459 0.304
460 0.304
461 0.299
462 0.303
463 0.303
464 0.312
465 0.327
466 0.316
467 0.319
468 0.324
469 0.319
470 0.324
471 0.319
472 0.32
473 0.307
474 0.312
475 0.316
476 0.303
477 0.316
478 0.311
479 0.312
480 0.312
481 0.312
482 0.323
483 0.32
484 0.319
485 0.312
486 0.316
487 0.312
488 0.307
489 0.312
490 0.307
491 0.316
492 0.323
493 0.312
494 0.312
495 0.319
496 0.316
497 0.316
498 0.324
499 0.327
500 0.316
501 0.312
502 0.319
503 0.316
504 0.323
505 0.331
506 0.312
507 0.316
508 0.319
509 0.328
510 0.319
511 0.316
512 0.319
513 0.324
514 0.327
515 0.316
516 0.316
517 0.319
518 0.332
519 0.323
520 0.319
521 0.324
522 0.331
523 0.316
524 0.327
525 0.323
526 0.331
527 0.32
528 0.32
529 0.331
530 0.336
531 0.323
532 0.324
533 0.331
534 0.323
535 0.319
536 0.328
537 0.327
538 0.323
539 0.327
540 0.327
541 0.32
542 0.327
543 0.327
544 0.32
545 0.331
546 0.328
547 0.32
548 0.331
549 0.323
550 0.324
551 0.328
552 0.327
553 0.336
554 0.327
555 0.327
556 0.331
557 0.327
558 0.344
559 0.327
560 0.323
561 0.336
562 0.327
563 0.336
564 0.323
565 0.327
566 0.331
567 0.331
568 0.34
569 0.327
570 0.34
571 0.323
572 0.34
573 0.327
574 0.34
575 0.327
576 0.323
577 0.331
578 0.331
579 0.327
580 0.331
581 0.355
582 0.331
583 0.355
584 0.336
585 0.335
586 0.331
587 0.34
588 0.344
589 0.344
590 0.364
591 0.335
592 0.36
593 0.336
594 0.364
595 0.335
596 0.336
597 0.327
598 0.336
599 0.331
600 0.34
601 0.351
602 0.34
603 0.347
604 0.331
605 0.336
606 0.351
607 0.331
608 0.347
609 0.336
610 0.335
611 0.348
612 0.336
613 0.351
614 0.344
615 0.34
616 0.351
617 0.335
618 0.34
619 0.351
620 0.34
621 0.343
622 0.348
623 0.347
624 0.344
625 0.348
626 0.336
627 0.348
628 0.351
629 0.344
630 0.339
631 0.352
632 0.351
633 0.347
634 0.355
635 0.347
636 0.355
637 0.344
638 0.351
639 0.347
640 0.348
641 0.344
642 0.355
643 0.351
644 0.347
645 0.348
646 0.347
647 0.347
648 0.344
649 0.347
650 0.355
651 0.351
652 0.355
653 0.344
654 0.347
655 0.352
656 0.355
657 0.348
658 0.347
659 0.347
660 0.36
661 0.351
662 0.348
663 0.347
664 0.347
665 0.355
666 0.355
667 0.355
668 0.355
669 0.348
670 0.343
671 0.347
672 0.355
673 0.355
674 0.364
675 0.36
676 0.348
677 0.347
678 0.347
679 0.344
680 0.36
681 0.355
682 0.364
683 0.36
684 0.36
685 0.368
686 0.36
687 0.355
688 0.351
689 0.351
690 0.355
691 0.355
692 0.351
693 0.355
694 0.36
695 0.363
696 0.364
697 0.368
698 0.359
699 0.368
700 0.363
701 0.364
702 0.363
703 0.364
704 0.368
705 0.368
706 0.367
707 0.368
708 0.364
709 0.367
710 0.364
711 0.367
712 0.368
713 0.367
714 0.375
715 0.364
716 0.388
717 0.379
718 0.379
719 0.379
720 0.38
721 0.387
722 0.379
723 0.371
724 0.372
725 0.363
726 0.375
727 0.368
728 0.371
729 0.379
730 0.375
731 0.375
732 0.368
733 0.367
734 0.372
735 0.371
736 0.375
737 0.368
738 0.375
739 0.371
740 0.375
741 0.368
742 0.367
743 0.379
744 0.371
745 0.379
746 0.375
747 0.372
748 0.375
749 0.375
750 0.371
751 0.375
752 0.372
753 0.371
754 0.384
755 0.376
756 0.371
757 0.371
758 0.376
759 0.379
760 0.372
761 0.379
762 0.375
763 0.371
764 0.375
765 0.372
766 0.375
767 0.367
768 0.379
769 0.371
770 0.372
771 0.376
772 0.38
773 0.375
774 0.371
775 0.379
776 0.375
777 0.379
778 0.371
779 0.384
780 0.379
781 0.379
782 0.384
783 0.375
784 0.375
785 0.379
786 0.379
787 0.375
788 0.388
789 0.379
790 0.379
791 0.387
792 0.379
793 0.375
794 0.388
795 0.379
796 0.375
797 0.388
798 0.372
799 0.387
800 0.379
801 0.379
802 0.384
803 0.379
804 0.388
805 0.384
806 0.379
807 0.387
808 0.375
809 0.388
810 0.384
811 0.379
812 0.387
813 0.376
814 0.391
815 0.379
816 0.384
817 0.379
818 0.387
819 0.384
820 0.379
821 0.391
822 0.396
823 0.411
824 0.392
825 0.408
826 0.384
827 0.423
828 0.387
829 0.424
830 0.384
831 0.396
832 0.379
833 0.396
834 0.379
835 0.399
836 0.384
837 0.395
838 0.379
839 0.395
840 0.388
841 0.391
842 0.399
843 0.388
844 0.399
845 0.379
846 0.399
847 0.384
848 0.38
849 0.395
850 0.391
851 0.399
852 0.388
853 0.403
854 0.391
855 0.384
856 0.408
857 0.387
858 0.403
859 0.396
860 0.379
861 0.403
862 0.395
863 0.388
864 0.403
865 0.392
866 0.395
867 0.403
868 0.392
869 0.379
870 0.4
871 0.399
872 0.384
873 0.4
874 0.399
875 0.391
876 0.399
877 0.399
878 0.384
879 0.408
880 0.399
881 0.395
882 0.388
883 0.399
884 0.399
885 0.391
886 0.412
887 0.395
888 0.388
889 0.384
890 0.399
891 0.403
892 0.392
893 0.387
894 0.4
895 0.403
896 0.399
897 0.388
898 0.395
899 0.403
900 0.403
901 0.395
902 0.392
903 0.399
904 0.408
905 0.399
906 0.399
907 0.391
908 0.396
909 0.403
910 0.412
911 0.399
912 0.392
913 0.396
914 0.403
915 0.411
916 0.4
917 0.4
918 0.4
919 0.391
920 0.391
921 0.399
922 0.408
923 0.399
924 0.419
925 0.42
926 0.415
927 0.419
928 0.403
929 0.412
930 0.415
931 0.423
932 0.427
933 0.444
934 0.415
935 0.412
936 0.408
937 0.408
938 0.412
939 0.411
940 0.408
941 0.408
942 0.399
943 0.403
944 0.407
945 0.399
946 0.403
947 0.403
948 0.408
949 0.408
950 0.403
951 0.408
952 0.408
953 0.412
954 0.408
955 0.411
956 0.408
957 0.415
958 0.412
959 0.412
960 0.403
961 0.403
962 0.411
963 0.408
964 0.423
965 0.403
966 0.408
967 0.416
968 0.415
969 0.416
970 0.415
971 0.419
972 0.412
973 0.395
974 0.412
975 0.412
976 0.408
977 0.415
978 0.419
979 0.42
980 0.411
981 0.412
982 0.415
983 0.399
984 0.408
985 0.419
986 0.427
987 0.419
988 0.423
989 0.42
990 0.415
991 0.412
992 0.42
993 0.427
994 0.415
995 0.423
996 0.408
997 0.408
998 0.42
999 0.423
1000 0.427