1 0.02
2 0.024
3 0.024
4 0.024
5 0.024
6 0.028
7 0.027
8 0.024
9 0.024
10 0.024
11 0.024
12 0.024
13 0.028
14 0.024
15 0.024
16 0.024
17 0.024
18 0.028
19 0.024
20 0.024
21 0.024
22 0.028
23 0.028
24 0.024
25 0.024
26 0.032
27 0.024
28 0.024
29 0.028
30 0.028
31 0.027
32 0.028
33 0.024
34 0.028
35 0.024
36 0.024
37 0.028
38 0.028
39 0.028
40 0.024
41 0.028
42 0.027
43 0.028
44 0.028
45 0.028
46 0.028
47 0.028
48 0.028
49 0.028
50 0.032
51 0.028
52 0.032
53 0.032
54 0.027
55 0.028
56 0.028
57 0.032
58 0.036
59 0.028
60 0.028
61 0.032
62 0.028
63 0.031
64 0.028
65 0.028
66 0.028
67 0.032
68 0.036
69 0.028
70 0.028
71 0.031
72 0.027
73 0.028
74 0.032
75 0.032
76 0.028
77 0.027
78 0.032
79 0.028
80 0.032
81 0.031
82 0.035
83 0.031
84 0.031
85 0.028
86 0.036
87 0.031
88 0.032
89 0.032
90 0.032
91 0.032
92 0.032
93 0.031
94 0.04
95 0.036
96 0.035
97 0.035
98 0.035
99 0.039
100 0.036
101 0.036
102 0.036
103 0.043
104 0.036
105 0.039
106 0.039
107 0.039
108 0.035
109 0.035
110 0.036
111 0.04
112 0.043
113 0.04
114 0.035
115 0.035
116 0.04
117 0.039
118 0.036
119 0.039
120 0.039
121 0.04
122 0.039
123 0.044
124 0.035
125 0.04
126 0.043
127 0.039
128 0.043
129 0.043
130 0.04
131 0.043
132 0.048
133 0.04
134 0.039
135 0.048
136 0.039
137 0.04
138 0.039
139 0.043
140 0.04
141 0.043
142 0.036
143 0.04
144 0.048
145 0.043
146 0.043
147 0.043
148 0.043
149 0.052
150 0.039
151 0.043
152 0.04
153 0.052
154 0.043
155 0.039
156 0.043
157 0.043
158 0.039
159 0.04
160 0.039
161 0.048
162 0.052
163 0.043
164 0.043
165 0.043
166 0.043
167 0.043
168 0.043
169 0.043
170 0.043
171 0.043
172 0.048
173 0.048
174 0.052
175 0.043
176 0.043
177 0.048
178 0.048
179 0.043
180 0.043
181 0.052
182 0.043
183 0.048
184 0.043
185 0.048
186 0.048
187 0.052
188 0.048
189 0.048
190 0.056
191 0.048
192 0.048
193 0.052
194 0.048
195 0.052
196 0.051
197 0.048
198 0.048
199 0.048
200 0.048
201 0.051
202 0.052
203 0.051
204 0.048
205 0.052
206 0.048
207 0.059
208 0.056
209 0.056
210 0.067
211 0.055
212 0.059
213 0.06
214 0.056
215 0.059
216 0.059
217 0.06
218 0.06
219 0.056
220 0.056
221 0.056
222 0.055
223 0.052
224 0.052
225 0.056
226 0.06
227 0.052
228 0.052
229 0.048
230 0.048
231 0.056
232 0.052
233 0.055
234 0.067
235 0.059
236 0.06
237 0.056
238 0.056
239 0.052
240 0.052
241 0.048
242 0.055
243 0.063
244 0.06
245 0.06
246 0.056
247 0.055
248 0.055
249 0.051
250 0.067
251 0.06
252 0.06
253 0.051
254 0.059
255 0.055
256 0.063
257 0.064
258 0.06
259 0.055
260 0.055
261 0.059
262 0.059
263 0.056
264 0.06
265 0.056
266 0.063
267 0.064
268 0.055
269 0.056
270 0.052
271 0.06
272 0.059
273 0.056
274 0.052
275 0.067
276 0.06
277 0.055
278 0.055
279 0.06
280 0.06
281 0.055
282 0.063
283 0.059
284 0.06
285 0.059
286 0.059
287 0.06
288 0.059
289 0.064
290 0.059
291 0.056
292 0.072
293 0.059
294 0.06
295 0.067
296 0.059
297 0.06
298 0.067
299 0.063
300 0.056
301 0.072
302 0.06
303 0.063
304 0.064
305 0.055
306 0.067
307 0.06
308 0.059
309 0.064
310 0.059
311 0.068
312 0.064
313 0.059
314 0.064
315 0.063
316 0.064
317 0.064
318 0.059
319 0.059
320 0.064
321 0.072
322 0.059
323 0.067
324 0.063
325 0.072
326 0.059
327 0.059
328 0.059
329 0.06
330 0.067
331 0.059
332 0.06
333 0.06
334 0.067
335 0.059
336 0.063
337 0.063
338 0.067
339 0.06
340 0.063
341 0.063
342 0.067
343 0.064
344 0.068
345 0.067
346 0.068
347 0.075
348 0.064
349 0.076
350 0.059
351 0.063
352 0.063
353 0.063
354 0.075
355 0.064
356 0.076
357 0.063
358 0.063
359 0.067
360 0.067
361 0.076
362 0.064
363 0.068
364 0.072
365 0.067
366 0.063
367 0.063
368 0.067
369 0.076
370 0.064
371 0.067
372 0.072
373 0.067
374 0.067
375 0.072
376 0.067
377 0.063
378 0.072
379 0.072
380 0.067
381 0.076
382 0.063
383 0.067
384 0.076
385 0.067
386 0.067
387 0.072
388 0.08
389 0.067
390 0.067
391 0.076
392 0.068
393 0.067
394 0.072
395 0.079
396 0.067
397 0.067
398 0.072
399 0.084
400 0.067
401 0.068
402 0.072
403 0.075
404 0.067
405 0.067
406 0.076
407 0.067
408 0.076
409 0.072
410 0.067
411 0.076
412 0.067
413 0.076
414 0.072
415 0.067
416 0.067
417 0.075
418 0.083
419 0.088
420 0.072
421 0.067
422 0.072
423 0.072
424 0.079
425 0.088
426 0.096
427 0.072
428 0.067
429 0.072
430 0.076
431 0.072
432 0.072
433 0.076
434 0.084
435 0.083
436 0.067
437 0.072
438 0.076
439 0.076
440 0.072
441 0.072
442 0.075
443 0.068
444 0.08
445 0.075
446 0.083
447 0.083
448 0.084
449 0.088
450 0.083
451 0.083
452 0.084
453 0.076
454 0.08
455 0.072
456 0.076
457 0.072
458 0.072
459 0.072
460 0.076
461 0.072
462 0.072
463 0.072
464 0.08
465 0.083
466 0.084
467 0.087
468 0.091
469 0.087
470 0.087
471 0.087
472 0.084
473 0.076
474 0.079
475 0.076
476 0.076
477 0.08
478 0.079
479 0.076
480 0.072
481 0.076
482 0.087
483 0.084
484 0.087
485 0.076
486 0.084
487 0.076
488 0.072
489 0.075
490 0.076
491 0.084
492 0.083
493 0.08
494 0.08
495 0.079
496 0.08
497 0.08
498 0.087
499 0.083
500 0.08
501 0.08
502 0.076
503 0.072
504 0.087
505 0.087
506 0.079
507 0.076
508 0.079
509 0.091
510 0.083
511 0.08
512 0.083
513 0.076
514 0.087
515 0.076
516 0.08
517 0.079
518 0.092
519 0.08
520 0.083
521 0.08
522 0.087
523 0.076
524 0.084
525 0.08
526 0.091
527 0.08
528 0.084
529 0.087
530 0.091
531 0.083
532 0.084
533 0.088
534 0.076
535 0.079
536 0.088
537 0.084
538 0.079
539 0.083
540 0.083
541 0.084
542 0.087
543 0.083
544 0.084
545 0.087
546 0.08
547 0.08
548 0.091
549 0.079
550 0.08
551 0.088
552 0.08
553 0.091
554 0.084
555 0.079
556 0.087
557 0.083
558 0.091
559 0.084
560 0.079
561 0.091
562 0.08
563 0.091
564 0.083
565 0.079
566 0.091
567 0.083
568 0.091
569 0.083
570 0.096
571 0.079
572 0.096
573 0.083
574 0.096
575 0.084
576 0.079
577 0.087
578 0.083
579 0.083
580 0.087
581 0.104
582 0.083
583 0.108
584 0.088
585 0.083
586 0.087
587 0.091
588 0.084
589 0.087
590 0.112
591 0.087
592 0.103
593 0.087
594 0.104
595 0.087
596 0.091
597 0.079
598 0.087
599 0.083
600 0.091
601 0.087
602 0.084
603 0.1
604 0.088
605 0.088
606 0.096
607 0.084
608 0.1
609 0.088
610 0.083
611 0.1
612 0.087
613 0.1
614 0.096
615 0.084
616 0.104
617 0.087
618 0.083
619 0.1
620 0.091
621 0.088
622 0.096
623 0.091
624 0.091
625 0.1
626 0.084
627 0.083
628 0.1
629 0.092
630 0.087
631 0.1
632 0.1
633 0.087
634 0.1
635 0.091
636 0.091
637 0.091
638 0.1
639 0.096
640 0.088
641 0.091
642 0.1
643 0.096
644 0.087
645 0.091
646 0.1
647 0.099
648 0.087
649 0.091
650 0.104
651 0.096
652 0.092
653 0.087
654 0.091
655 0.096
656 0.096
657 0.091
658 0.091
659 0.087
660 0.103
661 0.099
662 0.092
663 0.091
664 0.087
665 0.096
666 0.096
667 0.096
668 0.092
669 0.088
670 0.091
671 0.087
672 0.1
673 0.1
674 0.104
675 0.1
676 0.088
677 0.091
678 0.091
679 0.088
680 0.103
681 0.1
682 0.1
683 0.1
684 0.1
685 0.104
686 0.096
687 0.091
688 0.091
689 0.091
690 0.096
691 0.091
692 0.091
693 0.1
694 0.1
695 0.099
696 0.1
697 0.1
698 0.096
699 0.1
700 0.099
701 0.1
702 0.099
703 0.1
704 0.1
705 0.1
706 0.099
707 0.1
708 0.1
709 0.104
710 0.096
711 0.103
712 0.1
713 0.104
714 0.111
715 0.1
716 0.104
717 0.104
718 0.103
719 0.1
720 0.096
721 0.1
722 0.096
723 0.095
724 0.091
725 0.091
726 0.111
727 0.104
728 0.1
729 0.1
730 0.099
731 0.107
732 0.1
733 0.099
734 0.1
735 0.103
736 0.115
737 0.1
738 0.104
739 0.103
740 0.103
741 0.096
742 0.096
743 0.107
744 0.1
745 0.107
746 0.103
747 0.096
748 0.1
749 0.107
750 0.103
751 0.107
752 0.096
753 0.096
754 0.116
755 0.108
756 0.107
757 0.099
758 0.1
759 0.112
760 0.108
761 0.104
762 0.1
763 0.099
764 0.111
765 0.1
766 0.1
767 0.096
768 0.111
769 0.103
770 0.1
771 0.1
772 0.112
773 0.108
774 0.1
775 0.108
776 0.104
777 0.107
778 0.099
779 0.111
780 0.103
781 0.1
782 0.111
783 0.108
784 0.104
785 0.108
786 0.108
787 0.104
788 0.112
789 0.108
790 0.104
791 0.115
792 0.107
793 0.099
794 0.107
795 0.108
796 0.104
797 0.112
798 0.1
799 0.111
800 0.103
801 0.103
802 0.107
803 0.107
804 0.108
805 0.112
806 0.1
807 0.111
808 0.099
809 0.111
810 0.108
811 0.104
812 0.111
813 0.1
814 0.107
815 0.107
816 0.111
817 0.108
818 0.111
819 0.107
820 0.104
821 0.104
822 0.104
823 0.123
824 0.103
825 0.12
826 0.104
827 0.128
828 0.104
829 0.128
830 0.103
831 0.112
832 0.103
833 0.111
834 0.104
835 0.115
836 0.104
837 0.111
838 0.104
839 0.12
840 0.108
841 0.111
842 0.115
843 0.107
844 0.115
845 0.104
846 0.115
847 0.108
848 0.1
849 0.111
850 0.103
851 0.115
852 0.104
853 0.115
854 0.115
855 0.104
856 0.115
857 0.1
858 0.123
859 0.112
860 0.104
861 0.116
862 0.115
863 0.112
864 0.12
865 0.107
866 0.111
867 0.115
868 0.108
869 0.1
870 0.108
871 0.107
872 0.104
873 0.112
874 0.112
875 0.107
876 0.115
877 0.115
878 0.104
879 0.12
880 0.115
881 0.111
882 0.104
883 0.111
884 0.111
885 0.107
886 0.124
887 0.12
888 0.108
889 0.1
890 0.107
891 0.12
892 0.112
893 0.1
894 0.112
895 0.12
896 0.115
897 0.103
898 0.103
899 0.111
900 0.12
901 0.111
902 0.104
903 0.111
904 0.12
905 0.12
906 0.12
907 0.103
908 0.108
909 0.116
910 0.12
911 0.115
912 0.104
913 0.104
914 0.115
915 0.12
916 0.116
917 0.112
918 0.115
919 0.107
920 0.107
921 0.111
922 0.12
923 0.115
924 0.131
925 0.128
926 0.124
927 0.124
928 0.115
929 0.108
930 0.115
931 0.107
932 0.115
933 0.128
934 0.124
935 0.124
936 0.123
937 0.12
938 0.124
939 0.115
940 0.12
941 0.12
942 0.108
943 0.108
944 0.115
945 0.107
946 0.111
947 0.107
948 0.115
949 0.112
950 0.112
951 0.107
952 0.111
953 0.111
954 0.116
955 0.111
956 0.111
957 0.107
958 0.115
959 0.112
960 0.108
961 0.104
962 0.115
963 0.12
964 0.12
965 0.115
966 0.116
967 0.12
968 0.123
969 0.124
970 0.12
971 0.127
972 0.124
973 0.104
974 0.115
975 0.111
976 0.115
977 0.12
978 0.12
979 0.124
980 0.12
981 0.12
982 0.124
983 0.107
984 0.111
985 0.12
986 0.124
987 0.127
988 0.123
989 0.124
990 0.111
991 0.116
992 0.124
993 0.124
994 0.12
995 0.123
996 0.111
997 0.115
998 0.12
999 0.124
1000 0.128