123 0.048
126 0.016
129 0.024
247 0.016
132 0.032
135 0.124
138 0.064
254 0.123
141 0.063
144 0.08
261 0.06
147 0.083
495 0.043
150 0.096
268 0.091
153 0.112
156 0.116
159 0.127
275 0.115
162 0.132
510 0.096
165 0.144
282 0.148
168 0.159
171 0.184
289 0.175
174 0.188
177 0.195
525 0.164
991 0.103
180 0.224
296 0.2
183 0.236
186 0.259
303 0.259
189 0.251
192 0.267
540 0.228
310 0.263
195 0.292
198 0.303
201 0.32
317 0.307
204 0.32
207 0.375
555 0.292
324 0.34
210 0.379
1022 0.24
213 0.4
331 0.367
216 0.4
219 0.435
222 0.456
338 0.42
570 0.379
225 0.463
228 0.48
345 0.483
231 0.476
234 0.5
352 0.5
237 0.527
585 0.463
240 0.527
1053 0.387
243 0.564
359 0.544
1983 0.236
246 0.548
249 0.592
366 0.556
252 0.619
600 0.556
255 0.62
373 0.619
258 0.656
261 0.699
264 0.692
380 0.663
267 0.695
615 0.635
270 0.768
387 0.716
1084 0.579
273 0.76
276 0.739
394 0.776
279 0.76
282 0.791
630 0.72
285 0.839
401 0.796
288 0.847
291 0.879
408 0.884
294 0.888
297 0.948
645 0.864
415 0.919
300 0.943
303 1.004
1115 0.771
306 1.
422 1.
2046 0.588
309 1.087
312 1.024
660 0.947
429 1.06
315 1.076
318 1.079
436 1.048
321 1.091
324 1.14
327 1.207
443 1.152
675 1.067
330 1.219
333 1.235
450 1.248
1146 1.004
336 1.216
339 1.259
457 1.267
342 1.271
690 1.184
345 1.307
348 1.34
464 1.396
351 1.396
354 1.475
471 1.371
357 1.408
705 1.323
360 1.448
478 1.423
363 1.468
1177 1.247
366 1.527
369 1.524
485 1.471
2109 0.999
3967 0.56
372 1.595
720 1.519
375 1.676
492 1.556
378 1.672
381 1.679
499 1.696
384 1.683
387 1.664
735 1.784
390 1.756
506 1.679
393 1.811
396 1.852
1208 1.556
513 1.832
399 1.799
402 1.867
750 1.844
520 1.94
405 1.884
408 1.963
411 2.032
527 1.975
414 2.047
417 2.072
765 1.867
534 1.936
420 2.028
423 2.155
541 2.048
426 2.208
1239 1.84
429 2.175
432 2.164
548 2.115
780 2.028
2172 1.548
435 2.268
438 2.415
555 2.203
441 2.32
444 2.311
562 2.316
447 2.352
795 2.251
450 2.468
453 2.551
569 2.516
456 2.468
1270 2.195
459 2.492
576 2.519
462 2.543
810 2.412
465 2.727
583 2.491
468 2.628
471 3.48
474 2.699
590 2.667
477 2.82
825 2.579
480 2.883
597 2.748
483 2.843
486 2.867
604 2.884
489 3.008
1301 2.715
492 3.015
840 2.804
495 2.944
611 2.996
2235 2.212
498 3.123
4094 1.575
501 3.135
618 3.003
504 3.104
507 3.12
855 3.096
625 3.152
510 3.24
513 3.224
516 3.239
632 3.156
519 3.331
1332 3.071
522 3.431
870 3.124
639 3.283
525 3.403
528 3.539
646 3.496
531 3.563
534 3.516
537 3.447
653 3.467
885 3.372
540 3.647
543 3.48
660 3.584
546 3.584
549 3.631
667 3.767
1363 3.352
552 3.66
900 3.591
555 3.719
558 3.727
674 3.951
2298 3.035
561 3.776
564 3.788
681 3.907
567 3.771
915 3.908
570 4.087
688 3.96
573 3.963
576 3.96
579 4.116
695 4.168
582 4.104
930 4.155
1394 3.799
585 4.115
702 4.251
588 4.235
591 4.271
709 4.508
594 4.192
597 4.36
945 4.231
600 4.339
716 4.46
603 4.403
606 4.568
723 4.587
609 4.467
612 4.5
960 4.544
1425 4.244
730 5.147
615 4.696
618 4.632
621 4.639
737 4.724
2361 3.928
624 4.924
4221 3.011
627 4.947
975 4.695
7935 1.516
744 4.975
630 5.387
633 5.24
751 5.163
636 6.136
639 5.24
642 5.275
758 5.284
990 5.22
1456 4.731
645 6.451
648 5.528
765 5.367
651 5.515
654 5.596
772 5.36
657 5.596
1005 5.291
660 5.855
663 5.776
779 5.736
666 5.824
669 5.804
786 5.679
672 5.955
1020 5.464
675 5.995
1487 5.491
793 5.692
678 6.08
681 5.971
684 6.292
800 5.784
2424 4.947
687 7.723
1035 5.864
690 6.272
807 5.851
693 6.211
696 6.344
814 6.036
699 6.383
702 6.451
1050 6.291
705 6.84
821 6.188
1518 5.903
708 6.644
711 6.751
828 6.323
714 6.808
717 6.908
1065 6.447
835 6.54
720 6.863
723 6.968
726 6.987
842 6.447
729 7.056
732 7.179
1080 6.847
849 6.639
735 7.227
1549 6.516
738 7.24
856 6.928
741 7.492
744 7.432
747 7.448
863 7.043
1095 7.276
2487 6.172
750 7.455
4348 4.984
753 7.68
870 7.327
756 7.74
759 7.731
877 7.168
762 7.572
1110 7.495
765 7.987
768 7.947
884 7.407
1580 7.167
771 7.924
774 8.099
891 7.584
777 8.18
1125 7.648
780 8.22
898 7.624
783 8.307
786 8.492
789 8.383
905 10.039
792 8.424
1140 8.271
795 8.632
912 7.96
798 8.747
1611 7.923
801 8.74
919 8.276
804 8.72
807 8.812
1155 8.4
810 8.959
926 8.22
2550 7.332
813 9.168
816 9.584
933 8.515
819 9.095
822 9.248
1170 8.799
940 8.56
825 9.351
828 9.416
1642 8.46
831 9.439
947 8.915
834 10.636
837 9.62
1185 9.307
954 8.895
840 9.74
843 9.783
961 9.087
846 9.855
849 9.951
852 9.944
968 9.848
1200 9.548
855 10.131
858 10.252
975 10.031
861 10.347
1673 9.292
864 10.927
982 10.104
867 10.427
1215 10.111
870 10.531
873 10.6
989 10.488
2613 8.847
876 10.655
879 10.668
4475 7.939
996 10.519
882 10.752
1230 10.192
8190 4.72
885 10.883
1003 10.796
888 10.932
891 11.056
1704 10.207
894 11.432
1010 11.031
897 11.144
1245 10.827
900 11.22
1260 12.395
1735 10.884
1275 11.576
1290 11.819
1766 11.748
1305 12.372
1320 12.799
1797 12.451
1335 13.115
1350 13.675
1828 13.524
1365 14.079
1380 15.016
1859 14.279
1890 19.091
8445 10.416
15871 4.24
16382 16.8
16893 37.995
31743 14.5
32766 63.564
63487 53.435