1 0.016
2 0.108
3 0.04
4 0.059
5 0.071
6 0.087
7 0.104
8 0.119
9 0.135
10 0.16
11 0.175
12 0.268
13 0.216
14 0.24
15 0.263
16 0.279
17 0.296
18 0.311
19 0.336
20 0.364
21 0.391
22 0.408
23 0.432
24 0.471
25 0.496
26 0.511
27 0.551
28 0.568
29 0.599
30 0.632
31 0.652
32 0.688
33 0.692
34 0.743
35 0.768
36 0.807
37 0.839
38 1.259
39 0.928
40 0.955
41 1.008
42 1.048
43 1.059
44 1.08
45 1.099
46 1.144
47 1.2
48 1.223
49 1.256
50 1.288
51 1.324
52 1.384
53 1.432
54 1.488
55 1.548
56 1.599
57 1.647
58 1.62
59 1.683
60 1.751
61 1.788
62 1.819
63 1.859
64 1.916
65 1.995
66 2.072
67 2.119
68 2.127
69 2.136
70 2.203
71 2.276
72 2.299
73 2.415
74 2.508
75 2.488
76 2.539
77 2.596
78 2.619
79 2.688
80 2.811
81 2.903
82 2.82
83 2.943
84 2.983
85 3.039
86 3.211
87 3.224
88 3.219
89 3.259
90 3.36
91 3.519
92 3.476
93 3.571
94 3.596
95 3.728
96 3.819
97 3.792
98 3.871
99 3.963
100 4.116
101 4.079
102 4.144
103 4.279
104 4.355
105 4.328
106 4.419
107 4.648
108 4.579
109 4.604
110 4.771
111 4.812
112 4.872
113 4.987
114 5.12
115 5.056
116 5.3
117 5.331
118 5.324
119 5.475
120 5.508
121 5.539
122 5.759
123 5.72
124 5.799
125 5.996
126 5.895
127 6.167
128 6.127
129 6.204
130 6.379
131 6.367
132 6.628
133 6.488
134 6.728
135 6.667
136 6.903
137 6.836
138 7.019
139 7.107
140 7.168
141 7.311
142 7.344
143 7.536
144 7.503
145 7.711
146 7.68
147 7.912
148 7.867
149 8.104
150 8.115
151 8.231
152 8.284
153 8.447
154 8.508
155 8.624
156 8.771
157 8.748
158 8.96
159 9.059
160 9.032
161 9.26
162 9.384
163 9.364
164 9.599
165 9.731
166 9.684
167 9.951
168 10.043
169 10.064
170 10.288
171 10.759
172 10.288
173 10.567
174 10.711
175 11.204
176 10.76
177 11.007
178 11.16
179 11.683
180 11.139