1 0.204
2 0.207
3 0.208
4 0.211
5 0.22
6 0.223
7 0.223
8 0.223
9 0.22
10 0.228
11 0.227
12 0.224
13 0.223
14 0.228
15 0.235
16 0.231
17 0.231
18 0.232
19 0.24
20 0.228
21 0.223
22 0.231
23 0.235
24 0.236
25 0.231
26 0.24
27 0.243
28 0.236
29 0.24
30 0.24
31 0.235
32 0.235
33 0.243
34 0.244
35 0.243
36 0.243
37 0.244
38 0.247
39 0.244
40 0.248
41 0.243
42 0.248
43 0.244
44 0.251
45 0.251
46 0.259
47 0.248
48 0.244
49 0.251
50 0.255
51 0.252
52 0.256
53 0.259
54 0.264
55 0.251
56 0.255
57 0.256
58 0.255
59 0.259
60 0.259
61 0.268
62 0.263
63 0.268
64 0.263
65 0.268
66 0.267
67 0.264
68 0.272
69 0.267
70 0.268
71 0.275
72 0.276
73 0.271
74 0.268
75 0.275
76 0.268
77 0.268
78 0.263
79 0.279
80 0.275
81 0.276
82 0.288
83 0.276
84 0.275
85 0.272
86 0.283
87 0.284
88 0.279
89 0.288
90 0.288
91 0.279
92 0.283
93 0.283
94 0.292
95 0.288
96 0.36
97 0.291
98 0.291
99 0.284
100 0.279
101 0.276
102 0.284
103 0.288
104 0.284
105 0.287
106 0.288
107 0.291
108 0.299
109 0.3
110 0.295
111 0.304
112 0.296
113 0.319
114 0.307
115 0.303
116 0.315
117 0.304
118 0.32
119 0.307
120 0.332
121 0.316
122 0.324
123 0.319
124 0.311
125 0.316
126 0.312
127 0.312
128 0.307
129 0.312
130 0.303
131 0.312
132 0.303
133 0.303
134 0.316
135 0.312
136 0.304
137 0.319
138 0.316
139 0.303
140 0.311
141 0.319
142 0.311
143 0.311
144 0.32
145 0.316
146 0.307
147 0.324
148 0.319
149 0.319
150 0.324
151 0.323
152 0.32
153 0.327
154 0.331
155 0.324
156 0.327
157 0.327
158 0.319
159 0.327
160 0.327
161 0.324
162 0.332
163 0.331
164 0.332
165 0.336
166 0.336
167 0.327
168 0.331
169 0.332
170 0.331
171 0.336
172 0.332
173 0.336
174 0.339
175 0.331
176 0.336
177 0.336
178 0.336
179 0.327
180 0.339
181 0.339
182 0.34
183 0.347
184 0.336
185 0.344
186 0.344
187 0.336
188 0.34
189 0.347
190 0.344
191 0.339
192 0.351
193 0.344
194 0.347
195 0.352
196 0.344
197 0.352
198 0.351
199 0.352
200 0.355
201 0.351
202 0.351
203 0.355
204 0.355
205 0.352
206 0.359
207 0.355
208 0.348
209 0.359
210 0.359
211 0.352
212 0.364
213 0.355
214 0.364
215 0.364
216 0.355
217 0.364
218 0.355
219 0.363
220 0.368
221 0.364
222 0.367
223 0.367
224 0.367
225 0.364
226 0.372
227 0.367
228 0.38
229 0.363
230 0.372
231 0.371
232 0.371
233 0.372
234 0.38
235 0.371
236 0.38
237 0.375
238 0.375
239 0.38
240 0.379
241 0.376
242 0.383
243 0.375
244 0.38
245 0.387
246 0.372
247 0.38
248 0.387
249 0.384
250 0.388
251 0.383
252 0.388
253 0.387
254 0.379
255 0.383
256 0.392
257 0.387
258 0.392
259 0.392
260 0.391
261 0.408
262 0.395
263 0.403
264 0.4
265 0.4
266 0.392
267 0.412
268 0.415
269 0.412
270 0.408
271 0.415
272 0.415
273 0.423
274 0.412
275 0.415
276 0.416
277 0.419
278 0.423
279 0.42
280 0.42
281 0.415
282 0.415
283 0.424
284 0.415
285 0.42
286 0.42
287 0.423
288 0.428
289 0.423
290 0.428
291 0.423
292 0.428
293 0.427
294 0.428
295 0.432
296 0.423
297 0.428
298 0.428
299 0.432
300 0.435
301 0.436
302 0.435
303 0.435
304 0.44
305 0.435
306 0.432
307 0.44
308 0.435
309 0.44
310 0.443
311 0.435
312 0.436
313 0.44
314 0.44
315 0.439
316 0.443
317 0.44
318 0.44
319 0.44
320 0.44
321 0.447
322 0.44
323 0.451
324 0.443
325 0.443
326 0.443
327 0.444
328 0.451
329 0.448
330 0.459
331 0.451
332 0.451
333 0.447
334 0.456
335 0.451
336 0.448
337 0.455
338 0.451
339 0.455
340 0.456
341 0.455
342 0.456
343 0.455
344 0.464
345 0.463
346 0.463
347 0.455
348 0.468
349 0.463
350 0.464
351 0.467
352 0.463
353 0.468
354 0.463
355 0.471
356 0.463
357 0.471
358 0.468
359 0.471
360 0.471
361 0.48
362 0.471
363 0.476
364 0.468
365 0.471
366 0.471
367 0.471
368 0.475
369 0.471
370 0.48
371 0.476
372 0.48
373 0.479
374 0.472
375 0.483
376 0.475
377 0.483
378 0.48
379 0.488
380 0.48
381 0.488
382 0.483
383 0.488
384 0.48
385 0.484
386 0.487
387 0.48
388 0.488
389 0.483
390 0.487
391 0.491
392 0.496
393 0.5
394 0.504
395 0.496
396 0.508
397 0.5
398 0.504
399 0.5
400 0.503
401 0.508
402 0.523
403 0.508
404 0.519
405 0.504
406 0.511
407 0.503
408 0.508
409 0.508
410 0.511
411 0.504
412 0.503
413 0.503
414 0.512
415 0.503
416 0.511
417 0.504
418 0.516
419 0.503
420 0.516
421 0.508
422 0.516
423 0.511
424 0.516
425 0.508
426 0.519
427 0.515
428 0.523
429 0.516
430 0.524
431 0.515
432 0.524
433 0.519
434 0.528
435 0.519
436 0.523
437 0.52
438 0.536
439 0.516
440 0.528
441 0.523
442 0.536
443 0.523
444 0.528
445 0.524
446 0.535
447 0.528
448 0.54
449 0.527
450 0.536
451 0.519
452 0.539
453 0.528
454 0.531
455 0.528
456 0.536
457 0.531
458 0.54
459 0.531
460 0.539
461 0.531
462 0.539
463 0.532
464 0.543
465 0.532
466 0.539
467 0.539
468 0.544
469 0.539
470 0.551
471 0.536
472 0.539
473 0.535
474 0.543
475 0.535
476 0.548
477 0.539
478 0.552
479 0.543
480 0.551
481 0.543
482 0.552
483 0.544
484 0.551
485 0.548
486 0.556
487 0.551
488 0.559
489 0.551
490 0.559
491 0.556
492 0.555
493 0.559
494 0.564
495 0.563
496 0.56
497 0.564
498 0.556
499 0.564
500 0.56
501 0.559
502 0.559
503 0.56
504 0.563
505 0.559
506 0.564
507 0.564
508 0.563
509 0.564
510 0.56
511 0.567
512 0.584
513 0.576
514 0.591
515 0.58
516 0.584
517 0.579
518 0.583
519 0.6
520 0.599
521 0.596
522 0.587
523 0.591
524 0.576
525 0.583
526 0.58
527 0.587
528 0.583
529 0.588
530 0.583
531 0.587
532 0.588
533 0.584
534 0.596
535 0.587
536 0.591
537 0.587
538 0.576
539 0.584
540 0.588
541 0.596
542 0.571
543 0.579
544 0.576
545 0.583
546 0.583
547 0.584
548 0.584
549 0.583
550 0.588
551 0.587
552 0.599
553 0.575
554 0.588
555 0.583
556 0.588
557 0.579
558 0.587
559 0.584
560 0.584
561 0.587
562 0.588
563 0.591
564 0.587
565 0.592
566 0.587
567 0.591
568 0.584
569 0.592
570 0.579
571 0.596
572 0.587
573 0.596
574 0.596
575 0.596
576 0.596
577 0.596
578 0.6
579 0.599
580 0.6
581 0.596
582 0.6
583 0.6
584 0.599
585 0.604
586 0.592
587 0.607
588 0.604
589 0.611
590 0.6
591 0.592
592 0.607
593 0.604
594 0.612
595 0.604
596 0.612
597 0.611
598 0.607
599 0.612
600 0.603
601 0.612
602 0.607
603 0.615
604 0.604
605 0.615
606 0.607
607 0.62
608 0.612
609 0.612
610 0.615
611 0.612
612 0.62
613 0.615
614 0.619
615 0.612
616 0.615
617 0.632
618 0.632
619 0.635
620 0.631
621 0.636
622 0.619
623 0.639
624 0.644
625 0.636
626 0.644
627 0.635
628 0.631
629 0.624
630 0.624
631 0.635
632 0.628
633 0.64
634 0.631
635 0.64
636 0.635
637 0.631
638 0.639
639 0.635
640 0.64
641 0.636
642 0.64
643 0.644
644 0.635
645 0.644
646 0.64
647 0.647
648 0.644
649 0.647
650 0.648
651 0.644
652 0.652
653 0.644
654 0.652
655 0.655
656 0.647
657 0.652
658 0.64
659 0.648
660 0.64
661 0.648
662 0.651
663 0.644
664 0.659
665 0.648
666 0.655
667 0.652
668 0.652
669 0.656
670 0.652
671 0.655
672 0.651
673 0.66
674 0.66
675 0.655
676 0.66
677 0.656
678 0.66
679 0.659
680 0.655
681 0.66
682 0.652
683 0.663
684 0.668
685 0.659
686 0.663
687 0.66
688 0.663
689 0.663
690 0.659
691 0.672
692 0.663
693 0.668
694 0.672
695 0.668
696 0.675
697 0.667
698 0.672
699 0.668
700 0.667
701 0.675
702 0.672
703 0.675
704 0.68
705 0.675
706 0.687
707 0.68
708 0.675
709 0.68
710 0.672
711 0.68
712 0.683
713 0.68
714 0.683
715 0.672
716 0.683
717 0.68
718 0.679
719 0.692
720 0.688
721 0.7
722 0.696
723 0.692
724 0.703
725 0.7
726 0.708
727 0.699
728 0.7
729 0.7
730 0.692
731 0.692
732 0.703
733 0.687
734 0.708
735 0.695
736 0.696
737 0.7
738 0.7
739 0.7
740 0.703
741 0.7
742 0.708
743 0.7
744 0.704
745 0.7
746 0.703
747 0.712
748 0.703
749 0.703
750 0.708
751 0.7
752 0.711
753 0.708
754 0.711
755 0.723
756 0.703
757 0.711
758 0.711
759 0.708
760 0.711
761 0.711
762 0.715
763 0.72
764 0.707
765 0.715
766 0.715
767 0.711
768 0.72
769 0.715
770 0.711
771 0.715
772 0.72
773 0.723
774 0.724
775 0.715
776 0.723
777 0.719
778 0.723
779 0.723
780 0.72
781 0.728
782 0.724
783 0.723
784 0.731
785 0.724
786 0.723
787 0.724
788 0.723
789 0.727
790 0.728
791 0.723
792 0.731
793 0.728
794 0.735
795 0.736
796 0.736
797 0.735
798 0.736
799 0.728
800 0.74
801 0.74
802 0.728
803 0.744
804 0.735
805 0.74
806 0.735
807 0.736
808 0.739
809 0.735
810 0.755
811 0.763
812 0.775
813 0.771
814 0.78
815 0.788
816 0.764
817 0.791
818 0.788
819 0.784
820 0.784
821 0.784
822 0.768
823 0.775
824 0.788
825 0.768
826 0.776
827 0.768
828 0.779
829 0.772
830 0.788
831 0.779
832 0.78
833 0.784
834 0.768
835 0.788
836 0.788
837 0.776
838 0.788
839 0.788
840 0.783
841 0.779
842 0.792
843 0.788
844 0.791
845 0.788
846 0.78
847 0.775
848 0.796
849 0.763
850 0.763
851 0.775
852 0.764
853 0.764
854 0.779
855 0.768
856 0.763
857 0.78
858 0.771
859 0.768
860 0.779
861 0.771
862 0.775
863 0.775
864 0.763
865 0.776
866 0.775
867 0.776
868 0.784
869 0.779
870 0.776
871 0.779
872 0.78
873 0.784
874 0.784
875 0.775
876 0.78
877 0.791
878 0.783
879 0.783
880 0.788
881 0.783
882 0.788
883 0.788
884 0.775
885 0.784
886 0.796
887 0.788
888 0.815
889 0.82
890 0.807
891 0.811
892 0.811
893 0.811
894 0.807
895 0.819
896 0.827
897 0.815
898 0.812
899 0.844
900 0.839
901 0.836
902 0.836
903 0.831
904 0.835
905 0.848
906 0.835
907 0.828
908 0.827
909 0.835
910 0.832
911 0.831
912 0.84
913 0.831
914 0.84
915 0.847
916 0.84
917 0.835
918 0.84
919 0.84
920 0.827
921 0.835
922 0.836
923 0.835
924 0.843
925 0.847
926 0.836
927 0.847
928 0.844
929 0.844
930 0.832
931 0.844
932 0.835
933 0.844
934 0.851
935 0.848
936 0.839
937 0.844
938 0.843
939 0.844
940 0.843
941 0.847
942 0.844
943 0.851
944 0.864
945 0.847
946 0.847
947 0.847
948 0.851
949 0.844
950 0.851
951 0.856
952 0.864
953 0.864
954 0.855
955 0.843
956 0.856
957 0.86
958 0.856
959 0.859
960 0.839
961 0.836
962 0.835
963 0.84
964 0.844
965 0.836
966 0.835
967 0.839
968 0.836
969 0.847
970 0.844
971 0.836
972 0.844
973 0.851
974 0.84
975 0.84
976 0.851
977 0.84
978 0.844
979 0.848
980 0.859
981 0.856
982 0.871
983 0.864
984 0.856
985 0.875
986 0.879
987 0.863
988 0.864
989 0.86
990 0.864
991 0.86
992 0.864
993 0.86
994 0.855
995 0.867
996 0.859
997 0.859
998 0.863
999 0.864
1000 0.863