7 0.
10 0.
13 0.004
15 0.048
16 0.
19 0.004
22 0.
22 0.
25 0.003
28 0.004
29 0.004
31 0.008
31 0.
34 0.003
36 0.
37 0.004
40 0.004
43 0.008
43 0.003
46 0.008
46 0.004
49 0.008
50 0.
52 0.012
55 0.011
57 0.003
58 0.016
61 0.012
61 0.004
63 0.004
64 0.016
64 0.008
67 0.016
70 0.016
71 0.012
73 0.019
76 0.02
76 0.007
78 0.011
79 0.019
82 0.024
85 0.024
85 0.015
88 0.027
91 0.028
91 0.012
92 0.016
94 0.027
94 0.004
97 0.028
99 0.019
100 0.032
103 0.035
106 0.036
106 0.024
106 0.016
109 0.035
112 0.04
113 0.023
115 0.04
118 0.044
120 0.023
121 0.043
121 0.016
124 0.043
125 0.012
127 0.047
127 0.027
127 0.004
130 0.052
133 0.051
134 0.031
136 0.06
136 0.019
139 0.059
141 0.039
142 0.06
145 0.064
148 0.064
148 0.04
151 0.067
151 0.023
154 0.067
155 0.048
156 0.016
157 0.072
160 0.076
162 0.048
163 0.08
166 0.08
166 0.027
169 0.083
169 0.051
172 0.087
175 0.092
176 0.056
178 0.092
181 0.096
181 0.036
183 0.059
184 0.096
187 0.103
187 0.023
190 0.108
190 0.064
190 0.008
193 0.108
196 0.112
196 0.039
197 0.076
199 0.115
202 0.119
204 0.079
205 0.124
208 0.124
211 0.128
211 0.084
211 0.044
214 0.131
217 0.14
218 0.092
218 0.028
220 0.14
223 0.143
225 0.096
226 0.148
226 0.051
229 0.151
232 0.156
232 0.099
235 0.16
238 0.167
239 0.104
241 0.167
241 0.06
244 0.172
246 0.115
247 0.179
249 0.036
250 0.184
253 0.192
253 0.111
253 0.095
255 0.008
256 0.191
256 0.067
259 0.204
260 0.12
262 0.204
265 0.224
267 0.132
268 0.219
271 0.216
271 0.068
274 0.231
274 0.135
277 0.227
280 0.227
280 0.039
281 0.144
283 0.24
286 0.227
286 0.079
288 0.151
289 0.236
292 0.243
295 0.248
295 0.16
298 0.251
301 0.256
301 0.092
302 0.163
304 0.268
307 0.268
309 0.171
310 0.275
311 0.056
313 0.279
316 0.26
316 0.18
316 0.103
316 0.027
319 0.267
322 0.272
323 0.187
325 0.271
328 0.295
330 0.203
331 0.292
331 0.112
334 0.307
337 0.303
337 0.204
340 0.315
342 0.063
343 0.327
344 0.211
346 0.332
346 0.123
349 0.332
351 0.223
352 0.32
355 0.332
358 0.335
358 0.228
361 0.344
361 0.132
364 0.347
365 0.247
367 0.356
370 0.355
372 0.248
373 0.364
373 0.079
376 0.371
376 0.14
379 0.371
379 0.256
379 0.039
382 0.379
382 0.024
385 0.383
386 0.264
388 0.391
391 0.42
391 0.155
393 0.275
394 0.431
397 0.435
400 0.435
400 0.292
403 0.487
404 0.096
406 0.483
406 0.163
407 0.299
409 0.483
412 0.488
414 0.711
415 0.503
418 0.504
421 0.507
421 0.324
421 0.18
424 0.516
427 0.516
428 0.336
430 0.532
433 0.539
435 0.352
435 0.112
436 0.56
436 0.188
439 0.588
442 0.579
442 0.371
442 0.06
445 0.615
448 0.591
449 0.372
451 0.596
451 0.211
454 0.6
456 0.415
457 0.599
460 0.607
463 0.615
463 0.408
466 0.619
466 0.227
466 0.132
469 0.631
470 0.403
472 0.648
475 0.676
477 0.423
478 0.687
481 0.704
481 0.24
484 0.696
484 0.412
487 0.687
490 0.7
491 0.42
493 0.699
496 0.707
496 0.264
497 0.139
498 0.447
499 0.712
502 0.719
505 0.76
505 0.46
505 0.076
508 0.775
509 0.036
511 0.788
511 0.275
511 0.016
512 0.471
514 0.783
517 0.768
519 0.471
520 0.771
523 0.795
526 0.792
526 0.484
526 0.288
528 0.168
529 0.804
532 0.811
533 0.5
535 0.868
538 0.871
540 0.511
541 0.792
541 0.307
544 0.775
547 0.78
547 0.524
550 0.788
553 0.792
554 0.536
556 0.795
556 0.32
559 0.812
559 0.179
561 0.548
562 0.831
565 0.868
568 0.884
568 0.567
568 0.095
571 0.864
571 0.339
574 0.859
575 0.591
577 0.867
580 0.876
582 0.612
583 0.879
586 0.896
586 0.352
589 0.956
589 0.627
590 0.2
592 0.943
595 0.94
596 0.692
598 0.931
601 0.94
601 0.371
603 0.683
604 0.943
607 0.952
610 0.963
610 0.696
613 1.012
616 1.043
616 0.387
617 0.715
619 1.007
621 0.231
622 1.007
624 0.7
625 1.016
628 1.019
631 1.031
631 0.703
631 0.416
631 0.124
634 1.096
636 0.064
637 1.087
638 0.74
640 1.08
643 1.075
645 0.751
646 1.084
646 0.427
649 1.087
652 1.1
652 0.772
652 0.244
655 1.179
658 1.164
659 0.788
661 1.14
661 0.447
664 1.14
666 0.799
667 1.152
670 1.159
673 1.212
673 0.796
676 1.247
676 0.467
679 1.195
680 0.807
682 1.212
683 0.279
685 1.215
687 0.836
688 1.219
691 1.284
691 0.492
694 1.307
694 0.867
694 0.147
697 1.263
700 1.264
701 0.884
703 1.275
706 1.311
706 0.507
708 0.943
709 1.368
712 1.331
714 0.307
715 1.316
715 0.98
718 1.331
721 1.331
721 0.528
722 0.98
724 1.404
727 1.435
729 0.936
730 1.379
733 1.391
736 1.387
736 0.943
736 0.563
739 1.472
742 1.468
743 0.967
745 1.436
745 0.34
748 1.451
750 1.019
751 1.448
751 0.592
754 1.508
757 1.551
757 1.036
757 0.175
760 1.496
763 1.5
763 0.079
764 1.056
766 1.508
766 0.623
766 0.044
769 1.599
771 1.067
772 1.584
775 1.551
776 0.356
778 1.564
778 1.087
781 1.579
781 0.664
784 1.664
785 1.155
787 1.627
790 1.611
792 1.2
793 1.616
796 1.695
796 0.711
799 1.687
799 1.171
802 1.664
805 1.671
806 1.176
807 0.375
808 1.704
811 1.783
811 0.692
813 1.187
814 1.716
817 1.727
820 1.731
820 1.179
820 0.207
823 1.816
826 1.799
826 0.704
827 1.196
829 1.768
832 1.776
834 1.248
835 1.876
838 1.835
838 0.4
841 1.819
841 1.279
841 0.731
844 1.828
847 1.911
848 1.303
850 1.915
853 1.872
855 1.375
856 1.876
856 0.755
859 1.975
862 1.939
862 1.423
865 1.927
868 1.939
869 1.327
869 0.416
871 2.06
871 0.744
874 1.972
876 1.395
877 1.975
880 2.027
883 2.088
883 1.412
883 0.211
886 2.024
886 0.811
889 2.027
890 1.42
890 0.115
892 2.151
895 2.076
897 1.432
898 2.071
900 0.46
901 2.156
901 0.84
904 2.143
904 1.471
907 2.115
910 2.135
911 1.556
913 2.244
916 2.168
916 0.876
918 1.599
919 2.171
922 2.28
925 2.219
925 1.519
928 2.211
931 2.3
931 0.903
931 0.503
932 1.519
934 2.276
937 2.255
939 1.584
940 2.311
943 2.356
946 2.303
946 1.619
946 0.931
946 0.268
949 2.348
952 2.408
953 1.623
955 2.348
958 2.372
960 1.723
961 2.468
961 1.352
962 0.536
964 2.391
967 2.408
967 1.771
970 2.536
973 2.475
974 1.72
976 2.483
976 1.047
979 2.6
981 1.744
982 2.503
985 2.508
988 2.64
988 1.72
991 2.539
991 1.059
993 0.563
994 2.556
995 1.763
997 2.683
1000 2.596
1002 1.816
1003 2.591
1006 2.735
1006 1.088
1009 2.624
1009 1.94
1009 0.288
1012 2.651
1015 2.788
1016 1.867
1017 0.148
1018 2.672
1021 2.699
1021 1.047
1021 0.075
1023 1.872
1023 0.032
1024 2.84
1024 0.6
1027 2.731
1030 2.764
1030 1.915
1033 2.872
1036 2.779
1036 1.079
1037 1.951
1039 2.815
1042 2.903
1044 1.995
1045 2.831
1048 2.884
1051 2.939
1051 2.104
1051 1.124
1054 2.879
1055 0.648
1057 2.984
1058 2.024
1060 2.931
1063 2.924
1065 2.
1066 3.075
1066 1.168
1069 2.948
1072 3.007
1072 2.059
1072 0.327
1075 3.072
1078 3.
1079 2.099
1081 3.103
1081 1.179
1084 3.092
1086 2.208
1086 0.671
1087 3.048
1090 3.208
1093 3.091
1093 2.235
1096 3.136
1096 1.24
1099 3.231
1100 2.188
1102 3.144
1105 3.267
1107 2.22
1108 3.196
1111 3.211
1111 1.275
1114 3.315
1114 2.2
1117 3.232
1117 0.716
1120 3.351
1121 2.311
1123 3.275
1126 3.308
1126 1.367
1128 2.396
1129 3.395
1132 3.315
1135 3.456
1135 2.268
1135 0.376
1138 3.36
1141 3.451
1141 1.435
1142 2.371
1144 3.42
1144 0.195
1147 3.419
1148 0.759
1149 2.388
1150 3.54
1153 3.439
1156 3.572
1156 2.511
1156 1.372
1159 3.483
1162 3.592
1163 2.5
1165 3.528
1168 3.567
1170 2.467
1171 3.627
1171 1.384
1174 3.568
1177 3.704
1177 2.468
1179 0.784
1180 3.596
1183 3.732
1184 2.536
1186 3.644
1186 1.467
1189 3.775
1191 2.715
1192 3.668
1195 3.8
1198 3.72
1198 2.572
1198 0.427
1201 3.827
1201 1.516
1204 3.768
1205 2.635
1207 3.843
1210 3.824
1210 0.851
1212 2.643
1213 3.836
1216 3.92
1216 1.527
1219 3.851
1219 2.824
1222 3.984
1225 3.876
1226 2.715
1228 4.008
1231 4.259
1231 1.632
1233 2.716
1234 4.056
1237 3.915
1240 4.087
1240 2.787
1241 0.928
1243 3.995
1246 4.392
1246 1.711
1247 2.927
1249 3.943
1252 4.159
1254 2.896
1255 4.06
1258 4.196
1261 4.095
1261 2.859
1261 1.668
1261 0.452
1264 4.496
1267 4.163
1268 2.86
1270 4.367
1271 0.231
1272 0.991
1273 4.216
1275 3.052
1276 4.399
1276 1.704
1276 0.119
1279 4.663
1282 4.46
1282 2.967
1285 4.283
1288 4.487
1289 3.079
1291 4.396
1291 1.683
1294 4.843
1296 3.064
1297 4.348
1300 4.591
1303 4.463
1303 3.223
1303 1.012
1306 4.608
1306 1.756
1309 4.891
1310 3.088
1312 4.631
1315 4.568
1317 3.132
1318 4.699
1321 4.608
1321 1.819
1324 4.751
1324 3.208
1324 0.488
1327 4.644
1330 4.807
1331 3.323
1333 4.692
1334 1.039
1336 4.86
1336 1.963
1338 3.272
1339 4.719
1342 5.672
1345 5.863
1345 3.255
1348 5.6
1351 5.432
1351 1.915
1352 3.471
1354 5.668
1357 5.587
1359 3.284
1360 5.663
1363 5.696
1365 1.076
1366 5.683
1366 3.423
1366 1.956
1369 5.772
1372 5.683
1373 3.519
1375 5.836
1378 5.727
1380 3.559
1381 5.895
1381 2.003
1384 5.752
1387 5.947
1387 3.436
1387 0.535
1390 5.831
1393 6.
1394 3.559
1396 5.927
1396 2.024
1396 1.115
1398 0.283
1399 5.987
1401 3.707
1402 6.059
1405 5.972
1408 6.115
1408 3.615
1411 6.019
1411 2.123
1414 6.139
1415 3.659
1417 6.131
1420 6.148
1422 3.836
1423 6.251
1426 6.128
1426 2.256
1427 1.172
1429 6.299
1429 3.671
1432 6.18
1435 6.355
1436 3.772
1438 6.367
1441 6.276
1441 2.143
1443 3.943
1444 6.419
1447 6.299
1450 6.475
1450 3.847
1450 0.583
1453 6.451
1456 6.36
1456 2.144
1457 3.835
1458 1.259
1459 6.563
1462 6.42
1464 4.06
1465 6.595
1468 6.552
1471 6.611
1471 3.911
1471 2.295
1474 6.7
1477 6.587
1478 4.003
1480 6.711
1483 6.708
1485 4.196
1486 6.731
1486 2.356
1489 6.839
1489 1.284
1492 6.72
1492 4.035
1495 6.899
1498 6.819
1499 4.148
1501 6.895
1501 2.456
1504 6.98
1506 4.28
1507 6.859
1510 7.052
1513 6.991
1513 4.215
1513 0.644
1516 7.067
1516 2.539
1519 7.127
1520 4.248
1520 1.744
1522 7.02
1525 7.207
1525 0.339
1527 4.427
1528 7.1
1531 7.231
1531 2.447
1531 0.195
1534 7.268
1534 4.28
1534 0.088
1537 7.175
1540 7.347
1541 4.411
1543 7.244
1546 7.339
1546 2.456
1548 4.512
1549 7.395
1551 1.483
1552 7.283
1555 7.484
1555 4.407
1558 7.391
1561 7.488
1561 2.675
1562 4.619
1564 7.556
1567 7.46
1569 4.472
1570 7.607
1573 7.619
1576 7.516
1576 4.583
1576 2.588
1576 0.703
1579 7.672
1582 7.695
1582 1.496
1583 4.756
1585 7.6
1588 7.768
1590 4.692
1591 7.715
1591 2.643
1594 7.731
1597 7.847
1597 4.779
1600 8.316
1603 7.672
1604 4.78
1606 7.971
1606 2.72
1609 7.983
1611 4.771
1612 7.916
1613 1.452
1615 8.059
1618 8.483
1618 4.94
1621 7.956
1621 2.855
1624 8.096
1625 4.804
1627 8.211
1630 8.668
1632 5.031
1633 8.031
1636 8.276
1636 2.872
1639 8.704
1639 4.956
1639 0.844
1642 8.179
1644 1.523
1645 8.263
1646 4.947
1648 8.384
1651 8.792
1651 2.815
1652 0.404
1653 5.084
1654 8.351
1657 8.388
1660 8.511
1660 5.083
1663 8.888
1666 8.556
1666 2.923
1667 5.239
1669 8.46
1672 8.663
1674 5.124
1675 8.695
1675 1.648
1678 9.14
1681 8.74
1681 5.324
1681 3.112
1684 8.748
1687 9.192
1688 5.231
1690 8.811
1693 8.839
1695 5.387
1696 8.796
1696 3.019
1699 8.907
1702 8.98
1702 5.284
1702 0.92
1705 8.896
1706 1.692
1708 9.035
1709 5.423
1711 9.056
1711 3.063
1714 9.519
1716 5.552
1717 9.015
1720 9.192
1723 9.676
1723 5.423
1726 8.991
1726 3.168
1729 9.243
1730 5.648
1732 9.304
1735 9.771
1737 5.556
1737 1.779
1738 9.159
1741 9.392
1741 3.295
1744 9.755
1744 5.755
1747 9.375
1750 9.292
1751 5.632
1753 9.523
1756 9.543
1756 3.155
1758 6.251
1759 10.
1762 9.463
1765 9.635
1765 5.648
1765 0.996
1768 9.672
1768 1.94
1771 10.155
1771 3.324
1772 5.94
1774 9.584
1777 9.784
1779 5.78
1779 0.467
1780 10.235
1783 9.74
1786 9.711
1786 6.039
1786 3.487
1786 0.271
1789 9.935
1792 9.951
1793 5.891
1795 10.488
1798 9.816
1799 1.896
1800 6.092
1801 10.04
1801 3.452
1804 10.099
1807 6.032
1814 6.215
1816 3.419
1821 6.072
1828 6.307
1828 1.043
1830 1.887
1831 3.652
1835 6.199
1842 6.344
1846 3.588
1849 6.347
1856 6.512
1861 3.668
1861 2.039
1863 6.447
1870 6.588
1876 3.819
1877 6.603
1884 6.615
1891 6.792
1891 3.807
1891 1.523
1892 2.088
1898 6.675
1905 6.864
1906 3.82
1906 0.532
1912 6.748
1919 6.951
1921 4.012
1923 2.275
1926 6.9
1933 6.932
1936 4.008
1940 7.115
1947 6.967
1951 3.995
1954 7.228
1954 2.295
1954 1.276
1961 7.159
1966 4.248
1968 7.2
1975 7.38
1981 4.092
1982 6.4
1985 2.316
1989 6.431
1996 6.516
1996 4.231
2003 6.384
2010 6.608
2011 4.452
2016 2.307
2017 6.587
2017 1.367
2024 6.572
2026 4.288
2031 6.755
2033 0.612
2038 6.652
2041 4.556
2041 0.344
2045 6.8
2045 0.179
2047 2.488
2047 0.072
2052 6.887
2056 4.515
2059 6.8
2066 6.971
2071 4.576
2073 7.62
2078 2.707
2080 7.915
2080 1.387
2086 4.763
2087 8.296
2094 8.275
2101 8.211
2101 4.648
2108 8.463
2109 2.552
2115 8.427
2116 4.911
2122 8.467
2129 8.544
2131 4.832
2136 9.119
2140 2.724
2143 8.536
2143 1.44
2146 4.976
2150 8.867
2157 8.912
2160 0.695
2161 4.991
2164 9.207
2171 8.776
2171 2.804
2176 5.068
2178 8.963
2185 9.5
2191 5.288
2192 8.844
2199 9.135
2202 3.027
2206 9.235
2206 5.179
2206 1.488
2213 9.731
2220 9.172
2221 5.396
2227 9.407
2233 2.952
2234 9.915
2236 5.396
2241 9.34
2248 9.503
2251 5.587
2255 9.648
2262 10.027
2264 3.011
2266 5.46
2269 9.7
2269 1.595
2276 9.867
2281 5.736
2283 9.775
2287 0.8
2290 10.012
2295 3.143
2296 5.655
2296 0.416
2297 10.079
2304 10.615
2311 9.996
2311 5.867
2318 10.195
2325 10.344
2326 5.784
2326 3.34
2332 10.403
2332 1.768
2339 10.976
2341 6.076
2346 10.288
2353 10.588
2356 5.931
2357 3.364
2360 10.739
2367 11.052
2371 6.168
2374 10.659
2381 10.852
2386 6.28
2388 10.903
2388 3.384
2395 1.935
2401 6.387
2414 0.931
2416 6.268
2419 3.635
2431 6.559
2446 6.48
2450 3.547
2458 2.008
2461 6.704
2476 6.647
2481 3.715
2491 6.936
2506 6.867
2512 3.928
2521 7.008
2521 2.059
2536 7.152
2541 1.156
2543 3.864
2551 7.059
2551 0.507
2556 0.279
2566 7.344
2574 3.976
2581 7.283
2584 2.172
2596 7.452
2605 4.172
2611 7.491
2626 7.476
2636 4.219
2641 6.659
2647 2.259
2656 7.052
2667 4.416
2668 1.183
2671 6.508
2686 6.864
2698 4.403
2701 6.907
2710 2.536
2716 6.871
2729 4.556
2731 7.063
2746 7.488
2760 4.755
2761 7.007
2773 2.468
2776 7.28
2791 7.364
2791 4.755
2795 1.22
2806 7.871
2806 0.624
2821 7.344
2822 4.996
2836 9.
2836 2.395
2851 9.456
2853 4.936
2866 9.103
2881 9.152
2884 5.152
2896 9.327
2899 2.384
2911 9.492
2915 5.331
2922 1.287
2926 10.
2941 9.635
2946 5.28
2956 9.684
2962 2.635
2971 9.956
2977 5.495
2986 10.035
3001 10.68
3008 5.559
3016 10.003
3025 2.604
3039 5.807
3049 1.368
3061 0.731
3067 0.42
3070 5.764
3070 0.203
3088 2.659
3101 6.088
3132 6.051
3151 2.904
3163 6.292
3176 1.56
3194 6.859
3214 2.979
3225 6.464
3256 6.703
3287 6.652
3303 1.651
3316 0.844
3318 7.004
3349 7.
3380 7.268
3411 7.475
3430 1.752
3442 7.44
3473 7.751
3504 7.892
3535 7.763
3557 1.991
3566 8.179
3571 1.035
3578 0.604
3597 8.336
3628 8.355
3659 8.675
3684 2.443
3690 8.76
3721 9.376
3752 9.091
3783 9.344
3811 2.58
3814 9.996
3826 1.204
3845 9.471
3876 9.768
3907 10.128
3938 10.199
3938 2.867
3969 10.859
4000 10.387
4031 10.579
4062 10.884
4065 2.96
4081 1.76
4089 0.804
4093 0.403
4095 0.164
4192 3.296
4319 3.359
4336 1.983
4446 3.716
4573 4.164
4591 2.172
4600 1.059
4700 4.152
4827 4.316
4846 2.387
4954 4.643
5081 4.916
5101 2.623
5111 1.412
5116 0.755
5208 5.119
5356 2.832
5611 3.227
5622 1.868
5866 3.468
6121 3.931
6133 2.051
6139 1.096
6142 0.496
6376 4.556
6631 4.559
6644 2.479
6886 5.048
7141 5.372
7155 2.992
7162 1.599
7396 5.844
7651 6.308
7666 3.623
7906 7.019
8161 7.231
8177 3.96
8185 2.064
8189 1.035
8191 0.432
8416 7.956
8671 8.62
8688 4.648
8926 9.195
9181 9.931
9199 5.416
9208 2.735
9436 10.352
9691 10.944
9710 5.912
9946 11.976
10201 12.496
10221 6.396
10231 3.468
10456 13.383
10732 7.436
11243 7.939
11254 4.159
11754 8.587
12265 9.507
12277 5.163
12286 1.299
12776 11.084
13287 11.528
13300 6.231
13798 13.003
14309 13.6
14323 7.363
14820 15.22
15331 16.632
15346 8.144
15842 17.883
16353 19.072
16369 9.788
16381 2.544
16383 1.016
16864 20.04
17375 21.123
17392 11.219
17886 22.892
18397 24.3
18415 12.959
18908 25.74
19419 27.064
19438 14.108
19930 27.823
20441 30.519
20461 15.399
20952 31.015
21484 17.408
22507 18.016
23530 20.747
24553 22.584
24574 2.852
25576 23.899
26599 27.727
27622 28.728
28645 31.087
29668 34.139
30691 36.227
31714 38.18
32737 41.015
32765 5.407
32767 2.196
33760 43.992
34783 47.035
35806 49.019
36829 52.16
37852 54.456
38875 57.955
39898 61.599
40921 64.676
41944 67.051
49150 6.091
65533 11.912
65535 4.687
98302 11.988
131069 23.711
131071 9.2
196606 25.031
262141 46.82