2 0.048
3 0.048
5 0.048
7 0.059
9 0.051
11 0.056
13 0.052
15 0.051
17 0.051
19 0.048
21 0.052
23 0.052
25 0.044
27 0.059
29 0.06
31 0.06
33 0.055
35 0.056
37 0.06
39 0.071
41 0.06
43 0.064
45 0.06
47 0.087
49 0.067
51 0.08
53 0.068
55 0.064
57 0.06
59 0.06
61 0.064
63 0.064
65 0.076
67 0.072
69 0.067
71 0.08
73 0.075
75 0.072
77 0.072
79 0.067
81 0.092
83 0.08
85 0.092
87 0.08
89 0.076
91 0.08
93 0.076
95 0.083
97 0.088
99 0.1
101 0.084
103 0.099
105 0.087
107 0.099
109 0.084
111 0.087
113 0.087
115 0.087
117 0.1
119 0.083
121 0.083
123 0.1
125 0.092
127 0.099
129 0.103
131 0.096
133 0.091
135 0.108
137 0.096
139 0.103
141 0.112
143 0.103
145 0.1
147 0.099
149 0.115
151 0.108
153 0.103
155 0.115
157 0.128
159 0.135
161 0.124
163 0.108
165 0.099
167 0.108
169 0.115
171 0.123
173 0.123
175 0.123
177 0.12
179 0.115
181 0.12
183 0.115
185 0.119
187 0.119
189 0.119
191 0.119
193 0.124
195 0.131
197 0.128
199 0.128
201 0.144
203 0.143
205 0.14
207 0.14
209 0.14
211 0.139
213 0.148
215 0.139
217 0.152
219 0.131
221 0.136
223 0.135
225 0.139
227 0.14
229 0.147
231 0.148
233 0.136
235 0.14
237 0.143
239 0.147
241 0.147
243 0.148
245 0.152
247 0.147
249 0.148
251 0.147
253 0.159
255 0.164
257 0.164
259 0.155
261 0.152
263 0.151
265 0.167
267 0.16
269 0.171
271 0.164
273 0.164
275 0.164
277 0.159
279 0.159
281 0.163
283 0.171
285 0.171
287 0.163
289 0.164
291 0.167
293 0.167
295 0.167
297 0.176
299 0.167
301 0.172
303 0.183
305 0.179
307 0.179
309 0.183
311 0.179
313 0.192
315 0.183
317 0.188
319 0.195
321 0.2
323 0.192
325 0.191
327 0.192
329 0.2
331 0.195
333 0.188
335 0.196
337 0.2
339 0.184
341 0.188
343 0.191
345 0.195
347 0.199
349 0.2
351 0.191
353 0.195
355 0.2
357 0.219
359 0.212
361 0.22
363 0.207
365 0.216
367 0.215
369 0.207
371 0.224
373 0.219
375 0.203
377 0.219
379 0.207
381 0.215
383 0.216
385 0.22
387 0.215
389 0.216
391 0.212
393 0.219
395 0.223
397 0.224
399 0.219
401 0.227
403 0.223
405 0.224
407 0.231
409 0.248
411 0.231
413 0.231
415 0.232
417 0.251
419 0.256
421 0.243
423 0.224
425 0.236
427 0.236
429 0.239
431 0.239
433 0.243
435 0.236
437 0.236
439 0.239
441 0.243
443 0.251
445 0.256
447 0.256
449 0.248
451 0.251
453 0.248
455 0.256
457 0.268
459 0.259
461 0.272
463 0.272
465 0.28
467 0.283
469 0.272
471 0.263
473 0.26
475 0.26
477 0.263
479 0.26
481 0.26
483 0.263
485 0.263
487 0.263
489 0.275
491 0.28
493 0.276
495 0.275
497 0.268
499 0.272
501 0.28
503 0.275
505 0.284
507 0.275
509 0.304
511 0.299
513 0.299
515 0.292
517 0.292
519 0.311
521 0.296
523 0.296
525 0.284
527 0.296
529 0.292
531 0.283
533 0.304
535 0.295
537 0.292
539 0.304
541 0.292
543 0.304
545 0.304
547 0.295
549 0.308
551 0.324
553 0.307
555 0.316
557 0.319
559 0.311
561 0.34
563 0.312
565 0.328
567 0.323
569 0.312
571 0.319
573 0.312
575 0.327
577 0.312
579 0.323
581 0.323
583 0.323
585 0.316
587 0.331
589 0.319
591 0.336
593 0.336
595 0.324
597 0.351
599 0.331
601 0.36
603 0.36
605 0.367
607 0.343
609 0.355
611 0.343
613 0.352
615 0.355
617 0.343
619 0.364
621 0.352
623 0.36
625 0.352
627 0.355
629 0.376
631 0.368
633 0.375
635 0.391
637 0.391
639 0.38
641 0.396
643 0.42
645 0.383
647 0.384
649 0.379
651 0.392
653 0.395
655 0.379
657 0.388
659 0.388
661 0.392
663 0.384
665 0.395
667 0.403
669 0.412
671 0.38
673 0.388
675 0.4
677 0.388
679 0.4
681 0.388
683 0.412
685 0.408
687 0.42
689 0.391
691 0.383
693 0.391
695 0.436
697 0.447
699 0.412
701 0.412
703 0.423
705 0.415
707 0.415
709 0.424
711 0.431
713 0.424
715 0.467
717 0.424
719 0.439
721 0.451
723 0.455
725 0.46
727 0.427
729 0.431
731 0.447
733 0.44
735 0.443
737 0.448
739 0.451
741 0.427
743 0.444
745 0.444
747 0.448
749 0.439
751 0.487
753 0.475
755 0.484
757 0.484
759 0.463
761 0.451
763 0.467
765 0.46
767 0.475
769 0.475
771 0.463
773 0.456
775 0.463
777 0.479
779 0.484
781 0.471
783 0.5
785 0.491
787 0.5
789 0.515
791 0.48
793 0.491
795 0.491
797 0.496
799 0.472
801 0.483
803 0.487
805 0.496
807 0.48
809 0.491
811 0.512
813 0.503
815 0.515
817 0.523
819 0.531
821 0.532
823 0.519
825 0.5
827 0.524
829 0.524
831 0.516
833 0.512
835 0.528
837 0.52
839 0.524
841 0.524
843 0.552
845 0.536
847 0.508
849 0.568
851 0.56
853 0.54
855 0.536
857 0.519
859 0.543
861 0.536
863 0.544
865 0.548
867 0.54
869 0.543
871 0.539
873 0.572
875 0.576
877 0.588
879 0.579
881 0.551
883 0.564
885 0.567
887 0.56
889 0.555
891 0.56
893 0.556
895 0.575
897 0.567
899 0.603
901 0.575
903 0.596
905 0.591
907 0.579
909 0.572
911 0.579
913 0.579
915 0.572
917 0.579
919 0.587
921 0.584
923 0.584
925 0.588
927 0.615
929 0.615
931 0.615
933 0.624
935 0.588
937 0.591
939 0.596
941 0.599
943 0.599
945 0.604
947 0.6
949 0.599
951 0.588
953 0.603
955 0.627
957 0.616
959 0.636
961 0.648
963 0.636
965 0.62
967 0.632
969 0.611
971 0.623
973 0.62
975 0.616
977 0.62
979 0.624
981 0.624
983 0.616
985 0.632
987 0.663
989 0.66
991 0.696
993 0.671
995 0.648
997 0.64
999 0.639
1001 0.64
1003 0.648
1005 0.656
1007 0.652
1009 0.644
1011 0.631
1013 0.663
1015 0.687
1017 0.695
1019 0.683
1021 0.692
1023 0.699
1025 0.656
1027 0.651
1029 0.659
1031 0.671
1033 0.68
1035 0.692
1037 0.668
1039 0.672
1041 0.68
1043 0.68
1045 0.704
1047 0.695
1049 0.692
1051 0.74
1053 0.704
1055 0.695
1057 0.687
1059 0.696
1061 0.699
1063 0.707
1065 0.699
1067 0.716
1069 0.695
1071 0.716
1073 0.699
1075 0.744
1077 0.728
1079 0.735
1081 0.764
1083 0.735
1085 0.719
1087 0.732
1089 0.724
1091 0.735
1093 0.743
1095 0.731
1097 0.736
1099 0.748
1101 0.747
1103 0.767
1105 0.764
1107 0.795
1109 0.747
1111 0.743
1113 0.743
1115 0.752
1117 0.759
1119 0.764
1121 0.74
1123 0.755
1125 0.764
1127 0.756
1129 0.788
1131 0.799
1133 0.788
1135 0.8
1137 0.767
1139 0.744
1141 0.756
1143 0.771
1145 0.776
1147 0.78
1149 0.887
1151 0.759
1153 0.76
1155 0.768
1157 0.775
1159 0.776
1161 0.788
1163 0.788
1165 0.779
1167 0.779
1169 0.771
1171 0.779
1173 0.783
1175 0.78
1177 0.779
1179 0.771
1181 0.791
1183 0.788
1185 0.788
1187 0.824
1189 0.831
1191 0.807
1193 0.812
1195 0.795
1197 0.78
1199 0.807
1201 0.791
1203 0.787
1205 0.815
1207 0.791
1209 0.807
1211 0.847
1213 0.819
1215 0.855
1217 0.831
1219 0.816
1221 0.807
1223 0.836
1225 0.812
1227 0.831
1229 0.823
1231 0.827
1233 0.823
1235 0.84
1237 0.879
1239 0.843
1241 0.875
1243 0.872
1245 0.839
1247 0.84
1249 0.86
1251 0.839
1253 0.851
1255 0.859
1257 0.852
1259 0.871
1261 0.872
1263 0.891
1265 0.872
1267 0.884
1269 0.863
1271 0.867
1273 0.851
1275 0.851
1277 0.872
1279 0.88
1281 0.879
1283 0.875
1285 0.875
1287 0.876
1289 0.908
1291 0.931
1293 0.923
1295 0.92
1297 0.903
1299 0.891
1301 0.899
1303 0.908
1305 0.916
1307 0.915
1309 0.919
1311 0.92
1313 0.935
1315 0.948
1317 0.971
1319 0.944
1321 0.939
1323 0.943
1325 0.932
1327 0.927
1329 0.943
1331 0.951
1333 0.963
1335 0.979
1337 0.96
1339 0.98
1341 0.951
1343 0.943
1345 0.955
1347 0.951
1349 0.94
1351 0.944
1353 0.956
1355 0.983
1357 0.984
1359 1.011
1361 0.984
1363 0.951
1365 0.963
1367 0.956
1369 0.964
1371 0.968
1373 0.964
1375 0.968
1377 1.032
1379 0.995
1381 1.019
1383 1.003
1385 0.967
1387 0.992
1389 0.975
1391 0.984
1393 0.988
1395 0.984
1397 0.988
1399 1.032
1401 1.012
1403 1.052
1405 1.004
1407 1.003
1409 1.004
1411 1.008
1413 1.
1415 1.004
1417 1.
1419 1.008
1421 1.028
1423 1.06
1425 1.056
1427 1.028
1429 1.048
1431 1.032
1433 1.04
1435 1.035
1437 1.039
1439 1.168
1441 1.072
1443 1.064
1445 1.104
1447 1.12
1449 1.104
1451 1.08
1453 1.091
1455 1.091
1457 1.091
1459 1.104
1461 1.092
1463 1.096
1465 1.091
1467 1.139
1469 1.147
1471 1.14
1473 1.12
1475 1.084
1477 1.087
1479 1.099
1481 1.127
1483 1.12
1485 1.107
1487 1.096
1489 1.123
1491 1.156
1493 1.159
1495 1.183
1497 1.144
1499 1.127
1501 1.128
1503 1.144
1505 1.156
1507 1.14
1509 1.144
1511 1.151
1513 1.159
1515 1.187
1517 1.207
1519 1.199
1521 1.187
1523 1.164
1525 1.172
1527 1.168
1529 1.163
1531 1.183
1533 1.172
1535 1.163
1537 1.2
1539 1.203
1541 1.24
1543 1.187
1545 1.176
1547 1.172
1549 1.187
1551 1.192
1553 1.204
1555 1.196
1557 1.187
1559 1.204
1561 1.239
1563 1.224
1565 1.252
1567 1.231
1569 1.216
1571 1.211
1573 1.22
1575 1.216
1577 1.231
1579 1.22
1581 1.219
1583 1.228
1585 1.272
1587 1.275
1589 1.268
1591 1.244
1593 1.231
1595 1.235
1597 1.255
1599 1.247
1601 1.256
1603 1.231
1605 1.259
1607 1.323
1609 1.403
1611 1.303
1613 1.276
1615 1.275
1617 1.264
1619 1.3
1621 1.268
1623 1.299
1625 1.303
1627 1.287
1629 1.347
1631 1.327
1633 1.32
1635 1.324
1637 1.307
1639 1.296
1641 1.331
1643 1.319
1645 1.303
1647 1.303
1649 1.312
1651 1.324
1653 1.379
1655 1.392
1657 1.364
1659 1.331
1661 1.34
1663 1.332
1665 1.323
1667 1.355
1669 1.336
1671 1.36
1673 1.347
1675 1.392
1677 1.415
1679 1.375
1681 1.344
1683 1.371
1685 1.344
1687 1.355
1689 1.371
1691 1.36
1693 1.36
1695 1.408
1697 1.403
1699 1.395
1701 1.411
1703 1.371
1705 1.403
1707 1.376
1709 1.403
1711 1.379
1713 1.399
1715 1.392
1717 1.447
1719 1.464
1721 1.42
1723 1.396
1725 1.427
1727 1.424
1729 1.423
1731 1.423
1733 1.399
1735 1.432
1737 1.472
1739 1.495
1741 1.447
1743 1.427
1745 1.431
1747 1.451
1749 1.447
1751 1.436
1753 1.443
1755 1.44
1757 1.491
1759 1.539
1761 1.48
1763 1.48
1765 1.463
1767 1.491
1769 1.471
1771 1.48
1773 1.471
1775 1.508
1777 1.5
1779 1.532
1781 1.48
1783 1.504
1785 1.484
1787 1.495
1789 1.5
1791 1.512
1793 1.512
1795 1.495
1797 1.548
1799 1.58
1801 1.528
1803 1.512
1805 1.511
1807 1.52
1809 1.511
1811 1.543
1813 1.5
1815 1.507
1817 1.519
1819 1.551
1821 1.572
1823 1.543
1825 1.539
1827 1.536
1829 1.528
1831 1.536
1833 1.535
1835 1.544
1837 1.548
1839 1.552
1841 1.572
1843 1.58
1845 1.596
1847 1.576
1849 1.552
1851 1.552
1853 1.556
1855 1.552
1857 1.548
1859 1.552
1861 1.576
1863 1.611
1865 1.636
1867 1.615
1869 1.579
1871 1.591
1873 1.596
1875 1.604
1877 1.608
1879 1.62
1881 1.599
1883 1.624
1885 1.663
1887 1.679
1889 1.639
1891 1.635
1893 1.62
1895 1.624
1897 1.635
1899 1.631
1901 1.636
1903 1.62
1905 1.644
1907 1.683
1909 1.704
1911 1.663
1913 1.672
1915 1.639
1917 1.663
1919 1.652
1921 1.675
1923 1.66
1925 1.651
1927 1.72
1929 1.72
1931 1.696
1933 1.676
1935 1.68
1937 1.667
1939 1.7
1941 1.675
1943 1.672
1945 1.68
1947 1.692
1949 1.672
1951 1.731
1953 1.676
1955 1.679
1957 1.663
1959 1.668
1961 1.663
1963 1.763
1965 1.7
1967 1.692
1969 1.756
1971 1.768
1973 1.739
1975 1.74
1977 1.724
1979 1.727
1981 1.727
1983 1.744
1985 1.747
1987 1.731
1989 1.783
1991 1.799
1993 1.791
1995 1.759
1997 1.775
1999 1.779
2001 1.772
2003 1.799
2005 1.788
2007 1.831
2009 1.824
2011 1.84
2013 1.831
2015 1.787
2017 1.796
2019 1.812
2021 1.804
2023 1.811
2025 1.807
2027 1.892
2029 1.875
2031 1.824
2033 1.807
2035 1.836
2037 1.819
2039 1.836
2041 1.831
2043 1.816
2045 1.819
2047 1.887
2049 1.903
2051 1.836
2053 1.867
2055 1.855
2057 1.851
2059 1.859
2061 1.851
2063 1.86
2065 1.892
2067 1.923
2069 1.935
2071 1.903
2073 1.892
2075 1.872
2077 1.892
2079 1.88
2081 1.888
2083 1.94
2085 1.947
2087 1.96
2089 1.936
2091 1.928
2093 1.928
2095 1.936
2097 1.928
2099 1.927
2101 1.995
2103 1.991
2105 1.943
2107 1.915
2109 1.94
2111 1.939
2113 1.935
2115 1.943
2117 1.951
2119 2.016
2121 2.004
2123 1.98
2125 1.943
2127 1.947
2129 1.964
2131 1.963
2133 1.984
2135 1.971
2137 1.98
2139 2.011
2141 1.971
2143 1.987
2145 1.975
2147 1.964
2149 1.971
2151 1.971
2153 1.98
2155 2.031
2157 2.028
2159 2.024
2161 2.015
2163 2.003
2165 1.995
2167 1.991
2169 2.003
2171 1.988
2173 2.052
2175 2.035
2177 2.048
2179 2.035
2181 2.011
2183 2.016
2185 2.008
2187 2.016
2189 2.008
2191 2.048
2193 2.059
2195 2.059
2197 2.044
2199 2.015
2201 2.
2203 2.
2205 2.043
2207 2.039
2209 2.052
2211 2.079
2213 2.099
2215 2.08
2217 2.051
2219 2.067
2221 2.056
2223 2.064
2225 2.076
2227 2.055
2229 2.124
2231 2.096
2233 2.107
2235 2.076
2237 2.072
2239 2.096
2241 2.088
2243 2.107
2245 2.096
2247 2.096
2249 2.172
2251 2.155
2253 2.14
2255 2.115
2257 2.115
2259 2.127
2261 2.099
2263 2.135
2265 2.112
2267 2.132
2269 2.179
2271 2.187
2273 2.159
2275 2.163
2277 2.155
2279 2.144
2281 2.163
2283 2.163
2285 2.152
2287 2.187
2289 2.223
2291 2.223
2293 2.192
2295 2.176
2297 2.18
2299 2.211
2301 2.208
2303 2.18
2305 2.195
2307 2.195
2309 2.275
2311 2.259
2313 2.235
2315 2.216
2317 2.208
2319 2.22
2321 2.22
2323 2.211
2325 2.22
2327 2.235
2329 2.279
2331 2.288
2333 2.256
2335 2.248
2337 2.255
2339 2.256
2341 2.271
2343 2.271
2345 2.264
2347 2.332
2349 2.34
2351 2.307
2353 2.276
2355 2.279
2357 2.316
2359 2.292
2361 2.292
2363 2.307
2365 2.384
2367 2.352
2369 2.323
2371 2.307
2373 2.32
2375 2.307
2377 2.344
2379 2.331
2381 2.347
2383 2.407
2385 2.403
2387 2.391
2389 2.339
2391 2.367
2393 2.384
2395 2.363
2397 2.387
2399 2.387
2401 2.463
2403 2.46
2405 2.419
2407 2.376
2409 2.403
2411 2.399
2413 2.392
2415 2.392
2417 2.432
2419 2.46
2421 2.468
2423 2.48
2425 2.423
2427 2.428
2429 2.44
2431 2.415
2433 2.423
2435 2.431
2437 2.496
2439 2.504
2441 2.48
2443 2.448
2445 2.46
2447 2.471
2449 2.464
2451 2.483
2453 2.475
2455 2.507
2457 2.539
2459 2.511
2461 2.471
2463 2.483
2465 2.483
2467 2.483
2469 2.504
2471 2.491
2473 2.508
2475 2.584
2477 2.559
2479 2.663
2481 2.508
2483 2.519
2485 2.508
2487 2.503
2489 2.515
2491 2.515
2493 2.555
2495 2.608
2497 2.536
2499 2.536
2501 2.524
2503 2.551
2505 2.539
2507 2.524
2509 2.551
2511 2.539
2513 2.58
2515 2.627
2517 2.563
2519 2.523
2521 2.576
2523 2.54
2525 2.576
2527 2.551
2529 2.567
2531 2.571
2533 2.664
2535 2.596
2537 2.607
2539 2.596
2541 2.599
2543 2.599
2545 2.592
2547 2.591
2549 2.6
2551 2.656
2553 2.655
2555 2.635
2557 2.668
2559 2.636
2561 2.644
2563 2.644
2565 2.644
2567 2.635
2569 2.703
2571 2.688
2573 2.676
2575 2.648
2577 2.632
2579 2.64
2581 2.675
2583 2.631
2585 2.656
2587 2.703
2589 2.7
2591 2.688
2593 2.683
2595 2.663
2597 2.68
2599 2.663
2601 2.675
2603 2.683
2605 2.751
2607 2.716
2609 2.723
2611 2.711
2613 2.692
2615 2.724
2617 2.743
2619 2.743
2621 2.763
2623 2.839
2625 2.851
2627 2.792
2629 2.776
2631 2.779
2633 2.775
2635 2.799
2637 2.804
2639 2.791
2641 2.88
2643 2.843
2645 2.824
2647 2.807
2649 2.807
2651 2.816
2653 2.799
2655 2.807
2657 2.827
2659 2.908
2661 2.88
2663 2.855
2665 2.855
2667 2.836
2669 2.855
2671 2.868
2673 2.832
2675 2.887
2677 2.936
2679 2.884
2681 2.887
2683 2.895
2685 2.887
2687 2.888
2689 2.912
2691 2.903
2693 2.991
2695 2.98
2697 2.948
2699 2.92
2701 2.923
2703 2.951
2705 2.92
2707 2.947
2709 2.995
2711 3.028
2713 3.
2715 2.996
2717 2.98
2719 3.004
2721 3.016
2723 2.992
2725 2.983
2727 3.047
2729 3.067
2731 3.052
2733 3.012
2735 3.024
2737 3.019
2739 3.032
2741 3.027
2743 3.059
2745 3.152
2747 3.128
2749 3.088
2751 3.076
2753 3.112
2755 3.115
2757 3.079
2759 3.108
2761 3.092
2763 3.155
2765 3.188
2767 3.128
2769 3.124
2771 3.119
2773 3.144
2775 3.104
2777 3.143
2779 3.196
2781 3.248
2783 3.16
2785 3.152
2787 3.143
2789 3.155
2791 3.179
2793 3.163
2795 3.143
2797 3.256
2799 3.228
2801 3.195
2803 3.199
2805 3.215
2807 3.228
2809 3.199
2811 3.164
2813 3.207
2815 3.244
2817 3.2
2819 3.208
2821 3.175
2823 3.204
2825 3.188
2827 3.199
2829 3.203
2831 3.228
2833 3.275
2835 3.256
2837 3.211
2839 3.235
2841 3.239
2843 3.256
2845 3.248
2847 3.307
2849 3.315
2851 3.307
2853 3.271
2855 3.264
2857 3.268
2859 3.279
2861 3.288
2863 3.311
2865 3.344
2867 3.32
2869 3.304
2871 3.295
2873 3.299
2875 3.28
2877 3.311
2879 3.376
2881 3.38
2883 3.384
2885 3.344
2887 3.396
2889 3.359
2891 3.395
2893 3.359
2895 3.452
2897 3.476
2899 3.436
2901 3.42
2903 3.436
2905 3.427
2907 3.403
2909 3.443
2911 3.492
2913 3.524
2915 3.455
2917 3.452
2919 3.431
2921 3.492
2923 3.46
2925 3.46
2927 3.452
2929 3.539
2931 3.5
2933 3.476
2935 3.467
2937 3.48
2939 3.484
2941 3.487
2943 3.491
2945 3.48
2947 3.572
2949 3.532
2951 3.512
2953 3.491
2955 3.504
2957 3.528
2959 3.527
2961 3.519
2963 3.527
2965 3.652
2967 3.596
2969 3.587
2971 3.548
2973 3.563
2975 3.579
2977 3.583
2979 3.572
2981 3.615
2983 3.652
2985 3.596
2987 3.611
2989 3.58
2991 3.599
2993 3.559
2995 3.572
2997 3.579
2999 3.651
3001 3.663
3003 3.655
3005 3.628
3007 3.604
3009 3.635
3011 3.632
3013 3.655
3015 3.619
3017 3.735
3019 3.687
3021 3.679
3023 3.647
3025 3.668
3027 3.668
3029 3.668
3031 3.663
3033 3.699
3035 3.764
3037 3.692
3039 3.728
3041 3.708
3043 3.684
3045 3.711
3047 3.731
3049 3.695
3051 3.776
3053 3.796
3055 3.748
3057 3.74
3059 3.72
3061 3.748
3063 3.727
3065 3.748
3067 3.735
3069 3.824
3071 3.824
3073 3.771
3075 3.748
3077 3.783
3079 3.76
3081 3.759
3083 3.788
3085 3.779
3087 3.92
3089 3.851
3091 3.836
3093 3.827
3095 3.823
3097 3.815
3099 3.819
3101 3.844
3103 3.935
3105 3.847
3107 3.867
3109 3.859
3111 3.86
3113 3.86
3115 3.847
3117 3.852
3119 3.943
3121 3.896
3123 3.907
3125 3.884
3127 3.875
3129 3.876
3131 3.871
3133 3.891
3135 3.971
3137 3.923
3139 3.94
3141 3.88
3143 3.907
3145 3.911
3147 3.907
3149 3.923
3151 4.024
3153 3.943
3155 3.936
3157 3.888
3159 3.92
3161 3.928
3163 3.939
3165 3.935
3167 4.064
3169 4.007
3171 4.008
3173 3.976
3175 3.992
3177 3.98
3179 3.976
3181 3.967
3183 4.051
3185 4.019
3187 4.016
3189 4.008
3191 4.028
3193 4.011
3195 4.003
3197 4.003
3199 4.14
3201 4.064
3203 4.072
3205 4.052
3207 4.036
3209 4.072
3211 4.067
3213 4.056
3215 4.192
3217 4.103
3219 4.099
3221 4.084
3223 4.072
3225 4.063
3227 4.103
3229 4.079
3231 4.211
3233 4.127
3235 4.172
3237 4.107
3239 4.087
3241 4.128
3243 4.096
3245 4.135
3247 4.211
3249 4.184
3251 4.155
3253 4.152
3255 4.155
3257 4.132
3259 4.175
3261 4.188
3263 4.3
3265 4.2
3267 4.2
3269 4.224
3271 4.192
3273 4.175
3275 4.204
3277 4.216
3279 4.315
3281 4.263
3283 4.215
3285 4.22
3287 4.208
3289 4.231
3291 4.208
3293 4.283
3295 4.291
3297 4.251
3299 4.267
3301 4.251
3303 4.264
3305 4.264
3307 4.268
3309 4.336
3311 4.351
3313 4.311
3315 4.316
3317 4.3
3319 4.304
3321 4.311
3323 4.327
3325 4.376
3327 4.384
3329 4.364
3331 4.408
3333 4.395
3335 4.4
3337 4.388
3339 4.384
3341 4.423
3343 4.467
3345 4.423
3347 4.4
3349 4.395
3351 4.396
3353 4.391
3355 4.423
3357 4.412
3359 4.5
3361 4.496
3363 4.487
3365 4.427
3367 4.447
3369 4.475
3371 4.46
3373 4.476
3375 4.508
3377 4.591
3379 4.536
3381 4.524
3383 4.516
3385 4.488
3387 4.472
3389 4.519
3391 4.528
3393 4.647
3395 4.572
3397 4.567
3399 4.528
3401 4.539
3403 4.532
3405 4.532
3407 4.559
3409 4.675
3411 4.596
3413 4.596
3415 4.588
3417 4.588
3419 4.567
3421 4.563
3423 4.584
3425 4.699
3427 4.628
3429 4.612
3431 4.568
3433 4.596
3435 4.599
3437 4.615
3439 4.639
3441 4.704
3443 4.639
3445 4.635
3447 4.608
3449 4.607
3451 4.639
3453 4.628
3455 4.648
3457 4.768
3459 4.692
3461 4.731
3463 4.692
3465 4.664
3467 4.723
3469 4.708
3471 4.7
3473 4.819
3475 4.78
3477 4.751
3479 4.728
3481 4.72
3483 4.731
3485 4.715
3487 4.736
3489 4.855
3491 4.784
3493 4.78
3495 4.719
3497 4.768
3499 4.764
3501 4.768
3503 4.763
3505 4.768
3507 4.888
3509 4.823
3511 4.84
3513 4.788
3515 4.824
3517 4.804
3519 4.807
3521 4.86
3523 4.935
3525 4.86
3527 4.867
3529 4.88
3531 4.867
3533 4.856
3535 4.855
3537 4.888
3539 4.996
3541 4.955
3543 4.952
3545 4.916
3547 4.94
3549 4.939
3551 4.952
3553 4.956
3555 5.059
3557 4.98
3559 5.011
3561 4.983
3563 4.976
3565 4.988
3567 4.967
3569 5.019
3571 5.132
3573 5.043
3575 5.032
3577 4.984
3579 4.992
3581 5.012
3583 5.043
3585 5.087
3587 5.135
3589 5.096
3591 5.083
3593 5.063
3595 5.044
3597 5.076
3599 5.064
3601 5.132
3603 5.148
3605 5.108
3607 5.128
3609 5.087
3611 5.115
3613 5.119
3615 5.1
3617 5.188
3619 5.22
3621 5.179
3623 5.148
3625 5.183
3627 5.172
3629 5.14
3631 5.151
3633 5.231
3635 5.271
3637 5.219
3639 5.199
3641 5.188
3643 5.224
3645 5.215
3647 5.215
3649 5.307
3651 5.291
3653 5.26
3655 5.248
3657 5.228
3659 5.247
3661 5.251
3663 5.255
3665 5.347
3667 5.324
3669 5.292
3671 5.275
3673 5.319
3675 5.307
3677 5.336
3679 5.284
3681 5.423
3683 5.38
3685 5.327
3687 5.328
3689 5.296
3691 5.351
3693 5.347
3695 5.324
3697 5.372
3699 5.475
3701 5.396
3703 5.387
3705 5.387
3707 5.391
3709 5.403
3711 5.391
3713 5.391
3715 5.483
3717 5.471
3719 5.431
3721 5.447
3723 5.423
3725 5.427
3727 5.467
3729 5.428
3731 5.448
3733 5.587
3735 5.507
3737 5.539
3739 5.503
3741 5.492
3743 5.503
3745 5.492
3747 5.488
3749 5.619
3751 5.536
3753 5.539
3755 5.508
3757 5.524
3759 5.52
3761 5.532
3763 5.519
3765 5.671
3767 5.591
3769 5.608
3771 5.552
3773 5.588
3775 5.587
3777 5.564
3779 5.576
3781 5.703
3783 5.639
3785 5.615
3787 5.596
3789 5.648
3791 5.631
3793 5.615
3795 5.652
3797 5.688
3799 5.724
3801 5.68
3803 5.708
3805 5.692
3807 5.668
3809 5.684
3811 5.655
3813 5.739
3815 5.792
3817 5.695
3819 5.739
3821 5.712
3823 5.755
3825 5.768
3827 5.736
3829 5.764
3831 5.8
3833 5.815
3835 5.76
3837 5.752
3839 5.76
3841 5.768
3843 5.756
3845 5.784
3847 5.931
3849 5.847
3851 5.851
3853 5.831
3855 5.836
3857 5.824
3859 5.832
3861 5.832
3863 6.003
3865 5.92
3867 5.895
3869 5.871
3871 5.864
3873 5.86
3875 5.86
3877 5.863
3879 6.028
3881 5.936
3883 5.948
3885 5.935
3887 5.904
3889 5.92
3891 5.92
3893 5.947
3895 6.076
3897 5.975
3899 5.991
3901 5.956
3903 5.967
3905 5.943
3907 5.96
3909 6.023
3911 6.1
3913 6.028
3915 6.043
3917 6.043
3919 6.031
3921 6.047
3923 6.068
3925 6.092
3927 6.195
3929 6.127
3931 6.14
3933 6.123
3935 6.119
3937 6.115
3939 6.108
3941 6.208
3943 6.187
3945 6.199
3947 6.172
3949 6.168
3951 6.14
3953 6.176
3955 6.155
3957 6.216
3959 6.239
3961 6.18
3963 6.152
3965 6.155
3967 6.184
3969 6.207
3971 6.192
3973 6.303
3975 6.288
3977 6.216
3979 6.227
3981 6.26
3983 6.247
3985 6.248
3987 6.268
3989 6.283
3991 6.372
3993 6.295
3995 6.304
3997 6.275
3999 6.276
4001 6.328
4003 6.336
4005 6.38
4007 6.44
4009 6.38
4011 6.356
4013 6.38
4015 6.384
4017 6.371
4019 6.391
4021 6.519
4023 6.46
4025 6.496
4027 6.456
4029 6.448
4031 6.423
4033 6.484
4035 6.443
4037 6.587
4039 6.524
4041 6.472
4043 6.484
4045 6.435
4047 6.492
4049 6.471
4051 6.576
4053 6.572
4055 6.559
4057 6.507
4059 6.547
4061 6.543
4063 6.547
4065 6.52
4067 6.684
4069 6.588
4071 6.556
4073 6.588
4075 6.572
4077 6.576
4079 6.56
4081 6.619
4083 6.719
4085 6.612
4087 6.643
4089 6.583
4091 6.619
4093 6.643
4095 6.631
4097 6.724
4099 6.739
4101 6.695
4103 6.711
4105 6.703
4107 6.676
4109 6.724
4111 6.699
4113 6.779
4115 6.792
4117 6.712
4119 6.715
4121 6.712
4123 6.692
4125 6.719
4127 6.739
4129 6.844
4131 6.844
4133 6.804
4135 6.775
4137 6.792
4139 6.783
4141 6.819
4143 6.807
4145 6.84
4147 6.9
4149 6.86
4151 6.823
4153 6.847
4155 6.847
4157 6.872
4159 6.903
4161 6.916
4163 6.976
4165 6.916
4167 6.927
4169 6.907
4171 6.896
4173 6.88
4175 6.891
4177 6.943
4179 7.024
4181 6.976
4183 6.956
4185 6.923
4187 6.927
4189 6.94
4191 6.931
4193 6.98
4195 7.02
4197 6.976
4199 6.971
4201 6.963
4203 6.983
4205 6.963
4207 6.992
4209 7.052
4211 7.103
4213 7.051
4215 7.
4217 7.024
4219 7.032
4221 7.043
4223 7.032
4225 7.064
4227 7.171
4229 7.107
4231 7.131
4233 7.1
4235 7.079
4237 7.1
4239 7.095
4241 7.131
4243 7.244
4245 7.179
4247 7.184
4249 7.148
4251 7.148
4253 7.155
4255 7.148
4257 7.203
4259 7.311
4261 7.279
4263 7.268
4265 7.235
4267 7.231
4269 7.231
4271 7.271
4273 7.355
4275 7.344
4277 7.347
4279 7.167
4281 7.148
4283 7.183
4285 7.18
4287 7.18
4289 7.22
4291 7.315
4293 7.272
4295 7.248
4297 7.251
4299 7.239
4301 7.22
4303 7.24
4305 7.3
4307 7.327
4309 7.311
4311 7.268
4313 7.236
4315 7.231
4317 7.256
4319 7.272
4321 7.332
4323 7.304
4325 7.336
4327 7.291
4329 7.295
4331 7.292
4333 7.292
4335 7.288
4337 7.376
4339 7.436
4341 7.42
4343 7.351
4345 7.347
4347 7.363
4349 7.384
4351 7.372
4353 7.524
4355 7.436
4357 7.471
4359 7.387
4361 7.42
4363 7.423
4365 7.427
4367 7.463
4369 7.547
4371 7.492
4373 7.528
4375 7.463
4377 7.479
4379 7.484
4381 7.467
4383 7.572
4385 7.572
4387 7.559
4389 7.511
4391 7.503
4393 7.496
4395 7.507
4397 7.512
4399 7.647
4401 7.584
4403 7.576
4405 7.527
4407 7.515
4409 7.576
4411 7.556
4413 7.612
4415 7.631
4417 7.652
4419 7.572
4421 7.591
4423 7.604
4425 7.612
4427 7.587
4429 7.692
4431 7.703
4433 7.68
4435 7.623
4437 7.599
4439 7.631
4441 7.628
4443 7.671
4445 7.76
4447 7.748
4449 7.716
4451 7.715
4453 7.703
4455 7.695
4457 7.703
4459 7.848
4461 7.788
4463 7.815
4465 7.755
4467 7.744
4469 7.792
4471 7.739
4473 7.756
4475 7.927
4477 7.791
4479 7.804
4481 7.815
4483 7.819
4485 7.811
4487 7.811
4489 7.88
4491 7.944
4493 7.94
4495 7.851
4497 7.868
4499 7.844
4501 7.867
4503 7.876
4505 8.039
4507 8.
4509 8.012
4511 7.912
4513 7.923
4515 7.963
4517 7.963
4519 8.084
4521 8.096
4523 8.096
4525 8.036
4527 8.039
4529 8.007
4531 8.003
4533 8.019
4535 8.18
4537 8.079
4539 8.076
4541 8.027
4543 8.027
4545 8.056
4547 8.072
4549 8.08
4551 8.243
4553 8.155
4555 8.155
4557 8.107
4559 8.127
4561 8.131
4563 8.131
4565 8.131
4567 8.271
4569 8.211
4571 8.216
4573 8.155
4575 8.171
4577 8.184
4579 8.184
4581 8.164
4583 8.307
4585 8.24
4587 8.244
4589 8.192
4591 8.224
4593 8.264
4595 8.216
4597 8.268
4599 8.359
4601 8.347
4603 8.344
4605 8.271
4607 8.3
4609 8.292
4611 8.292
4613 8.331
4615 8.416
4617 8.367
4619 8.332
4621 8.34
4623 8.324
4625 8.36
4627 8.347
4629 8.416
4631 8.439
4633 8.404
4635 8.371
4637 8.384
4639 8.395
4641 8.384
4643 8.431
4645 8.587
4647 8.672
4649 8.636
4651 8.624
4653 8.576
4655 8.583
4657 8.619
4659 8.619
4661 8.688
4663 8.775
4665 8.7
4667 8.699
4669 8.639
4671 8.668
4673 8.692
4675 8.707
4677 8.807
4679 8.788
4681 8.783
4683 8.724
4685 8.747
4687 8.711
4689 8.728
4691 8.755
4693 8.887
4695 8.828
4697 8.775
4699 8.751
4701 8.752
4703 8.771
4705 8.78
4707 8.78
4709 8.908
4711 8.855
4713 8.84
4715 8.811
4717 8.835
4719 8.787
4721 8.84
4723 8.84
4725 9.019
4727 8.927
4729 8.956
4731 8.908
4733 8.944
4735 8.916
4737 8.932
4739 8.991
4741 9.048
4743 8.967
4745 8.987
4747 8.924
4749 8.92
4751 8.943
4753 8.979
4755 9.059
4757 9.051
4759 9.048
4761 8.987
4763 9.
4765 9.028
4767 9.056
4769 9.055
4771 9.184
4773 9.095
4775 9.108
4777 9.084
4779 9.036
4781 9.056
4783 9.067
4785 9.159
4787 9.224
4789 9.192
4791 9.179
4793 9.176
4795 9.203
4797 9.208
4799 9.18
4801 9.331
4803 9.323
4805 9.279
4807 9.26
4809 9.283
4811 9.195
4813 9.212
4815 9.244
4817 9.427
4819 9.344
4821 9.332
4823 9.327
4825 9.275
4827 9.311
4829 9.316
4831 9.448
4833 9.423
4835 9.363
4837 9.355
4839 9.327
4841 9.307
4843 9.327
4845 9.316
4847 9.52
4849 9.368
4851 9.379
4853 9.336
4855 9.352
4857 9.316
4859 9.352
4861 9.459
4863 9.451
4865 9.415
4867 9.38
4869 9.384
4871 9.4
4873 9.396
4875 9.395
4877 9.575
4879 9.488
4881 9.496
4883 9.439
4885 9.447
4887 9.424
4889 9.484
4891 9.491
4893 9.592
4895 9.515
4897 9.504
4899 9.476
4901 9.467
4903 9.484
4905 9.471
4907 9.639
4909 9.6
4911 9.615
4913 9.52
4915 9.547
4917 9.556
4919 9.572
4921 9.595
4923 9.703
4925 9.648
4927 9.631
4929 9.584
4931 9.628
4933 9.663
4935 9.624
4937 9.816
4939 9.755
4941 9.747
4943 9.744
4945 9.731
4947 9.724
4949 9.723
4951 9.935
4953 9.799
4955 9.787
4957 9.788
4959 9.787
4961 9.783
4963 9.819
4965 9.924
4967 9.851
4969 9.907
4971 9.847
4973 9.876
4975 9.871
4977 9.895
4979 9.931
4981 10.
4983 9.943
4985 9.891
4987 9.916
4989 9.899
4991 9.927
4993 9.927
4995 10.079
4997 10.004
4999 10.043