1 0.04
2 0.008
3 0.015
4 0.103
5 0.024
6 0.032
7 0.068
8 0.044
9 0.052
10 0.056
11 0.064
12 0.067
13 0.071
14 0.08
15 0.088
16 0.096
17 0.1
18 0.111
19 0.112
20 0.124
21 0.132
22 0.135
23 0.144
24 0.156
25 0.163
26 0.172
27 0.175
28 0.188
29 0.192
30 0.204
31 0.208
32 0.227
33 0.232
34 0.239
35 0.244
36 0.256
37 0.267
38 0.275
39 0.288
40 0.292
41 0.307
42 0.316
43 0.327
44 0.339
45 0.348
46 0.355
47 0.355
48 0.368
49 0.387
50 0.395
51 0.407
52 0.416
53 0.439
54 0.44
55 0.451
56 0.468
57 0.475
58 0.5
59 0.508
60 0.519
61 0.524
62 0.536
63 0.544
64 0.547
65 0.564
66 0.568
67 0.591
68 0.596
69 0.615
70 0.624
71 0.64
72 0.655
73 0.655
74 0.679
75 0.699
76 0.716
77 0.731
78 0.739
79 0.772
80 0.795
81 0.791
82 0.807
83 0.8
84 0.82
85 0.836
86 0.847
87 0.859
88 0.871
89 0.892
90 0.911
91 0.923
92 0.948
93 0.975
94 0.987
95 1.004
96 1.035
97 1.04
98 1.031
99 1.064
100 1.072
101 1.088
102 1.1
103 1.112
104 1.131
105 1.167
106 1.196
107 1.216
108 1.239
109 1.236
110 1.235
111 1.26
112 1.279
113 1.3
114 1.307
115 1.335
116 1.367
117 1.408
118 1.42
119 1.415
120 1.423
121 1.444
122 1.463
123 1.48
124 1.495
125 1.519
126 1.567
127 1.587
128 1.624
129 1.596
130 1.615
131 1.635
132 1.647
133 1.68
134 1.739
135 1.768
136 1.78
137 1.759
138 1.788
139 1.804
140 1.819
141 1.876
142 1.915
143 1.923
144 1.916
145 1.935
146 1.932
147 1.979
148 2.04
149 2.087
150 2.043
151 2.072
152 2.079
153 2.1
154 2.167
155 2.228
156 2.195
157 2.2
158 2.215
159 2.244
160 2.319
161 2.355
162 2.319
163 2.343
164 2.364
165 2.42
166 2.496
167 2.448
168 2.463
169 2.479
170 2.555
171 2.62
172 2.568
173 2.587
174 2.62
175 2.692
176 2.74
177 2.699
178 2.712
179 2.768
180 2.859
181 2.816
182 3.068
183 2.963
184 3.051
185 3.084
186 3.056
187 3.063
188 3.144
189 3.219
190 3.175
191 3.2
192 3.236
193 3.375
194 3.3
195 3.304
196 3.352
197 3.5
198 3.427
199 3.447
200 3.472
201 3.62
202 3.536
203 3.543
204 3.624
205 3.707
206 3.671
207 3.676
208 3.775
209 3.812
210 3.771
211 3.812
212 3.951
213 3.884
214 3.887
215 4.019
216 4.007
217 3.992
218 4.079
219 4.131
220 4.112
221 4.144
222 4.279
223 4.196
224 4.22
225 4.396
226 4.295
227 4.328
228 4.491
229 4.403
230 4.427
231 4.596
232 4.495
233 4.524
234 4.687
235 4.592
236 4.623
237 4.788
238 4.704
239 4.755
240 4.859
241 4.8
242 4.903
243 4.919
244 4.9
245 5.08
246 4.983
247 5.019
248 5.184
249 5.091
250 5.204
251 5.204
252 5.183
253 5.332
254 5.283
255 5.395
256 5.352
257 5.356
258 5.531
259 5.468
260 5.591
261 5.536
262 5.583
263 5.708
264 5.635
265 5.792
266 5.715
267 5.836
268 5.84
269 5.855
270 5.98
271 5.899
272 6.08
273 6.
274 6.159
275 6.067
276 6.231
277 6.176
278 6.264
279 6.271
280 6.244
281 6.416
282 6.327
283 6.524
284 6.427
285 6.607
286 6.519
287 6.679
288 6.584
289 6.755
290 6.683
291 6.84
292 6.723
293 6.924
294 6.851
295 7.004
296 6.911
297 7.1
298 7.012
299 7.192
300 7.108
301 7.283
302 7.183
303 7.364
304 7.668
305 7.436
306 7.331
307 7.536
308 7.475
309 7.62
310 7.591
311 7.675
312 7.768
313 7.7
314 7.855
315 7.779
316 7.967
317 7.876
318 8.075
319 8.028
320 8.1
321 8.176
322 8.096
323 8.292
324 8.211
325 8.379
326 8.392
327 8.395
328 8.511
329 8.432
330 8.62
331 8.656
332 8.576
333 8.748
334 8.783
335 8.708
336 8.903
337 8.844
338 8.971
339 9.036
340 8.996
341 9.123
342 9.112
343 9.196
344 9.299
345 9.22
346 9.395
347 9.415
348 9.375
349 9.544
350 9.58
351 9.48
352 9.715
353 9.652
354 9.768
355 9.843
356 9.8
357 9.863
358 9.947
359 10.028
360 9.947
361 10.108
362 10.515
363 10.155
364 10.272
365 10.4
366 10.815
367 10.36
368 10.519
369 10.632
370 11.091
371 10.463
372 10.724
373 10.783
374 10.72
375 10.872
376 10.927
377 11.403
378 10.864
379 11.135
380 11.172