1 0.004
2 0.04
3 0.008
4 0.016
5 0.016
6 0.091
7 0.028
8 0.036
9 0.048
10 0.06
11 0.067
12 0.084
13 0.1
14 0.119
15 0.139
16 0.172
17 0.195
18 0.227
19 0.268
20 0.308
21 0.355
22 0.403
23 0.459
24 0.524
25 0.596
26 0.667
27 0.751
28 0.847
29 0.944
30 1.048
31 1.372
32 1.38
33 1.532
34 1.687
35 1.86
36 2.056
37 2.255
38 2.468
39 2.695
40 2.939
41 3.211
42 3.483
43 3.788
44 4.128
45 4.443
46 4.82
47 5.219
48 5.619
49 6.048
50 6.535
51 6.995
52 7.872
53 8.287
54 8.864
55 9.488
56 10.152
57 10.852
58 11.567
59 12.356
60 13.151
61 13.495
62 14.411
63 15.228
64 16.184
65 17.143
66 18.164
67 19.236
68 20.376
69 21.512
70 22.735
71 23.991
72 25.315
73 26.683
74 28.132
75 29.627
76 31.18
77 32.776
78 34.471
79 36.191
80 39.072
81 40.928
82 42.919
83 45.032
84 47.055
85 49.151
86 51.464
87 53.803
88 56.231
89 58.792
90 61.391