1 0.008
2 0.012
3 0.012
4 0.011
5 0.015
6 0.016
7 0.019
8 0.019
9 0.028
10 0.028
11 0.031
12 0.036
13 0.039
14 0.044
15 0.048
16 0.051
17 0.056
18 0.067
19 0.067
20 0.071
21 0.083
22 0.096
23 0.104
24 0.107
25 0.112
26 0.124
27 0.127
28 0.14
29 0.147
30 0.155
31 0.168
32 0.18
33 0.183
34 0.192
35 0.211
36 0.208
37 0.244
38 0.235
39 0.24
40 0.24
41 0.248
42 0.283
43 0.268
44 0.343
45 0.364
46 0.344
47 0.327
48 0.327
49 0.355
50 0.4
51 0.379
52 0.387
53 0.408
54 0.447
55 0.432
56 0.48
57 0.451
58 0.468
59 0.48
60 0.495
61 0.56
62 0.527
63 0.564
64 0.583
65 1.6
66 0.615
67 0.751
68 0.627
69 0.64
70 0.667
71 0.696
72 0.755
73 0.816
74 0.728
75 0.748
76 0.839
77 0.847
78 0.936
79 0.903
80 0.939
81 1.039
82 0.976
83 1.316
84 1.
85 0.988
86 1.015
87 1.004
88 1.011
89 1.2
90 1.14
91 1.259
92 1.18
93 1.235
94 1.6
95 1.344
96 1.223
97 1.375
98 1.32
99 1.372
100 1.427
101 1.468
102 1.475
103 1.472
104 1.523
105 1.551
106 1.608
107 1.559
108 1.652
109 2.
110 1.688
111 1.672
112 1.74
113 1.707
114 1.812
115 1.932
116 1.844
117 1.995
118 1.936
119 1.98
120 1.907
121 2.012
122 2.067
123 1.98
124 2.107
125 2.264
126 2.183
127 2.263
128 2.124
129 2.291
130 2.384
131 2.372
132 2.855
133 2.311
134 2.515
135 2.464
136 2.607
137 2.596
138 2.591
139 2.627
140 2.655
141 2.771
142 2.692
143 3.251
144 2.799
145 2.78
146 2.875
147 2.936
148 2.94
149 3.056
150 2.96
151 3.152
152 3.043
153 3.231
154 3.092
155 3.32
156 3.235
157 3.443
158 3.224
159 3.455
160 3.38
161 4.
162 3.403
163 3.476
164 3.452
165 3.711
166 3.615
167 3.768
168 3.663
169 4.347
170 3.835
171 3.847
172 4.032
173 3.864
174 4.172
175 4.635
176 3.984
177 4.152
178 4.152
179 4.363
180 5.272
181 4.443
182 4.759
183 4.831
184 4.744
185 4.88
186 5.036
187 5.572
188 4.731
189 5.079
190 5.204
191 5.011
192 5.272
193 5.38
194 5.227
195 5.392
196 5.572
197 5.639
198 6.156
199 5.263
200 5.596
201 5.896
202 5.92
203 6.423
204 5.604
205 6.559
206 5.895
207 6.064
208 6.271
209 6.4
210 6.415
211 6.408
212 7.159
213 6.299
214 6.388
215 6.583
216 6.795
217 6.888
218 6.844
219 7.599
220 6.659
221 6.84
222 7.688
223 6.98
224 6.947
225 7.164
226 7.759
227 7.152
228 7.492
229 7.251
230 7.456
231 8.315
232 7.559
233 7.811
234 7.835
235 8.475
236 7.784
237 8.624
238 7.679
239 8.811
240 7.824
241 8.192
242 9.72
243 8.427
244 9.175
245 8.46
246 8.588
247 9.351
248 8.056
249 8.235
250 8.347
251 8.432
252 8.5
253 8.455
254 8.576
255 8.648
256 8.711
257 8.764
258 8.811
259 8.908
260 8.947
261 9.036
262 9.132
263 9.159
264 9.211
265 9.248
266 9.38
267 9.379
268 9.44
269 9.516
270 10.291