1 0.016
2 0.123
3 0.06
4 0.091
5 0.115
6 0.148
7 0.175
8 0.2
9 0.259
10 0.263
11 0.307
12 0.34
13 0.367
14 0.42
15 0.483
16 0.5
17 0.544
18 0.556
19 0.619
20 0.663
21 0.716
22 0.776
23 0.796
24 0.884
25 0.919
26 1.
27 1.06
28 1.048
29 1.152
30 1.248
31 1.267
32 1.396
33 1.371
34 1.423
35 1.471
36 1.556
37 1.696
38 1.679
39 1.832
40 1.94
41 1.975
42 1.936
43 2.048
44 2.115
45 2.203
46 2.316
47 2.516
48 2.519
49 2.491
50 2.667
51 2.748
52 2.884
53 2.996
54 3.003
55 3.152
56 3.156
57 3.283
58 3.496
59 3.467
60 3.584
61 3.767
62 3.951
63 3.907
64 3.96
65 4.168
66 4.251
67 4.508
68 4.46
69 4.587
70 5.147
71 4.724
72 4.975
73 5.163
74 5.284
75 5.367
76 5.36
77 5.736
78 5.679
79 5.692
80 5.784
81 5.851
82 6.036
83 6.188
84 6.323
85 6.54
86 6.447
87 6.639
88 6.928
89 7.043
90 7.327
91 7.168
92 7.407
93 7.584
94 7.624
95 10.039
96 7.96
97 8.276
98 8.22
99 8.515
100 8.56
101 8.915
102 8.895
103 9.087
104 9.848
105 10.031
106 10.104
107 10.488
108 10.519
109 10.796
110 11.031