1 0.04
2 0.035
3 0.04
4 0.04
5 0.039
6 0.044
7 0.048
8 0.044
9 0.043
10 0.048
11 0.051
12 0.048
13 0.048
14 0.048
15 0.056
16 0.048
17 0.055
18 0.052
19 0.06
20 0.052
21 0.044
22 0.055
23 0.051
24 0.056
25 0.052
26 0.056
27 0.064
28 0.052
29 0.056
30 0.055
31 0.055
32 0.059
33 0.059
34 0.056
35 0.06
36 0.064
37 0.063
38 0.059
39 0.064
40 0.067
41 0.064
42 0.064
43 0.059
44 0.067
45 0.067
46 0.067
47 0.064
48 0.067
49 0.067
50 0.071
51 0.072
52 0.072
53 0.072
54 0.067
55 0.067
56 0.071
57 0.076
58 0.072
59 0.076
60 0.076
61 0.079
62 0.076
63 0.075
64 0.079
65 0.08
66 0.076
67 0.079
68 0.079
69 0.079
70 0.084
71 0.084
72 0.084
73 0.083
74 0.079
75 0.084
76 0.083
77 0.079
78 0.08
79 0.091
80 0.087
81 0.084
82 0.092
83 0.083
84 0.084
85 0.087
86 0.087
87 0.091
88 0.087
89 0.091
90 0.096
91 0.091
92 0.096
93 0.092
94 0.104
95 0.096
96 0.104
97 0.096
98 0.1
99 0.091
100 0.099
101 0.092
102 0.096
103 0.1
104 0.096
105 0.099
106 0.103
107 0.104
108 0.104
109 0.107
110 0.104
111 0.108
112 0.103
113 0.115
114 0.115
115 0.115
116 0.119
117 0.108
118 0.128
119 0.115
120 0.124
121 0.115
122 0.124
123 0.127
124 0.12
125 0.12
126 0.124
127 0.124
128 0.115
129 0.119
130 0.115
131 0.119
132 0.119
133 0.115
134 0.124
135 0.12
136 0.12
137 0.123
138 0.119
139 0.119
140 0.124
141 0.128
142 0.124
143 0.124
144 0.128
145 0.128
146 0.124
147 0.128
148 0.127
149 0.128
150 0.132
151 0.132
152 0.127
153 0.135
154 0.132
155 0.132
156 0.132
157 0.135
158 0.135
159 0.135
160 0.132
161 0.135
162 0.135
163 0.135
164 0.135
165 0.139
166 0.144
167 0.139
168 0.135
169 0.135
170 0.14
171 0.14
172 0.135
173 0.139
174 0.14
175 0.139
176 0.139
177 0.144
178 0.144
179 0.144
180 0.147
181 0.144
182 0.144
183 0.147
184 0.144
185 0.148
186 0.148
187 0.147
188 0.147
189 0.148
190 0.147
191 0.147
192 0.152
193 0.152
194 0.152
195 0.155
196 0.152
197 0.152
198 0.152
199 0.151
200 0.16
201 0.155
202 0.155
203 0.159
204 0.155
205 0.16
206 0.16
207 0.16
208 0.16
209 0.159
210 0.16
211 0.155
212 0.159
213 0.16
214 0.163
215 0.163
216 0.163
217 0.167
218 0.163
219 0.163
220 0.167
221 0.163
222 0.163
223 0.163
224 0.167
225 0.168
226 0.167
227 0.168
228 0.172
229 0.167
230 0.172
231 0.172
232 0.172
233 0.172
234 0.175
235 0.172
236 0.175
237 0.175
238 0.176
239 0.18
240 0.175
241 0.175
242 0.179
243 0.175
244 0.176
245 0.18
246 0.18
247 0.175
248 0.18
249 0.18
250 0.183
251 0.18
252 0.183
253 0.187
254 0.183
255 0.183
256 0.183
257 0.184
258 0.183
259 0.187
260 0.188
261 0.192
262 0.195
263 0.195
264 0.195
265 0.2
266 0.188
267 0.2
268 0.2
269 0.204
270 0.2
271 0.203
272 0.2
273 0.207
274 0.2
275 0.2
276 0.203
277 0.208
278 0.207
279 0.208
280 0.211
281 0.207
282 0.208
283 0.207
284 0.208
285 0.211
286 0.208
287 0.208
288 0.207
289 0.211
290 0.211
291 0.211
292 0.211
293 0.211
294 0.211
295 0.215
296 0.216
297 0.22
298 0.216
299 0.216
300 0.216
301 0.223
302 0.216
303 0.216
304 0.224
305 0.219
306 0.22
307 0.22
308 0.219
309 0.224
310 0.228
311 0.223
312 0.224
313 0.223
314 0.22
315 0.223
316 0.228
317 0.223
318 0.228
319 0.228
320 0.227
321 0.231
322 0.223
323 0.231
324 0.228
325 0.227
326 0.231
327 0.232
328 0.232
329 0.227
330 0.231
331 0.231
332 0.235
333 0.231
334 0.236
335 0.232
336 0.236
337 0.236
338 0.235
339 0.236
340 0.235
341 0.24
342 0.239
343 0.236
344 0.24
345 0.243
346 0.24
347 0.24
348 0.243
349 0.244
350 0.24
351 0.244
352 0.247
353 0.248
354 0.243
355 0.243
356 0.244
357 0.244
358 0.243
359 0.248
360 0.248
361 0.252
362 0.248
363 0.252
364 0.243
365 0.251
366 0.251
367 0.251
368 0.255
369 0.256
370 0.256
371 0.251
372 0.255
373 0.256
374 0.248
375 0.255
376 0.255
377 0.256
378 0.252
379 0.259
380 0.256
381 0.263
382 0.259
383 0.264
384 0.259
385 0.259
386 0.263
387 0.259
388 0.264
389 0.263
390 0.267
391 0.268
392 0.272
393 0.276
394 0.276
395 0.271
396 0.275
397 0.271
398 0.271
399 0.276
400 0.279
401 0.279
402 0.288
403 0.279
404 0.279
405 0.271
406 0.276
407 0.275
408 0.279
409 0.28
410 0.276
411 0.276
412 0.279
413 0.276
414 0.28
415 0.279
416 0.283
417 0.275
418 0.283
419 0.279
420 0.284
421 0.279
422 0.284
423 0.284
424 0.283
425 0.283
426 0.288
427 0.288
428 0.288
429 0.288
430 0.288
431 0.288
432 0.288
433 0.288
434 0.292
435 0.288
436 0.288
437 0.288
438 0.307
439 0.288
440 0.292
441 0.292
442 0.295
443 0.291
444 0.291
445 0.288
446 0.299
447 0.296
448 0.299
449 0.296
450 0.299
451 0.288
452 0.299
453 0.299
454 0.299
455 0.296
456 0.299
457 0.299
458 0.304
459 0.303
460 0.304
461 0.299
462 0.307
463 0.304
464 0.304
465 0.299
466 0.303
467 0.303
468 0.307
469 0.304
470 0.307
471 0.307
472 0.311
473 0.307
474 0.311
475 0.307
476 0.307
477 0.311
478 0.311
479 0.311
480 0.316
481 0.312
482 0.316
483 0.312
484 0.315
485 0.315
486 0.316
487 0.316
488 0.319
489 0.316
490 0.316
491 0.319
492 0.319
493 0.32
494 0.319
495 0.324
496 0.324
497 0.324
498 0.32
499 0.32
500 0.319
501 0.323
502 0.324
503 0.319
504 0.319
505 0.32
506 0.323
507 0.323
508 0.327
509 0.32
510 0.327
511 0.327
512 0.339
513 0.331
514 0.339
515 0.336
516 0.339
517 0.339
518 0.336
519 0.347
520 0.347
521 0.347
522 0.339
523 0.336
524 0.336
525 0.339
526 0.336
527 0.336
528 0.339
529 0.339
530 0.343
531 0.344
532 0.344
533 0.344
534 0.347
535 0.343
536 0.347
537 0.344
538 0.336
539 0.344
540 0.344
541 0.352
542 0.339
543 0.339
544 0.339
545 0.344
546 0.339
547 0.344
548 0.343
549 0.339
550 0.344
551 0.343
552 0.355
553 0.336
554 0.344
555 0.344
556 0.344
557 0.339
558 0.347
559 0.344
560 0.347
561 0.347
562 0.347
563 0.347
564 0.347
565 0.352
566 0.347
567 0.347
568 0.344
569 0.352
570 0.351
571 0.355
572 0.351
573 0.355
574 0.352
575 0.352
576 0.352
577 0.352
578 0.351
579 0.355
580 0.355
581 0.355
582 0.355
583 0.355
584 0.355
585 0.364
586 0.355
587 0.364
588 0.36
589 0.36
590 0.36
591 0.355
592 0.36
593 0.36
594 0.368
595 0.364
596 0.364
597 0.367
598 0.364
599 0.367
600 0.364
601 0.364
602 0.364
603 0.367
604 0.359
605 0.372
606 0.364
607 0.372
608 0.367
609 0.372
610 0.372
611 0.367
612 0.367
613 0.368
614 0.372
615 0.368
616 0.368
617 0.383
618 0.379
619 0.379
620 0.379
621 0.384
622 0.375
623 0.384
624 0.387
625 0.384
626 0.387
627 0.388
628 0.384
629 0.38
630 0.379
631 0.387
632 0.384
633 0.387
634 0.384
635 0.384
636 0.388
637 0.387
638 0.387
639 0.384
640 0.392
641 0.384
642 0.387
643 0.387
644 0.384
645 0.392
646 0.392
647 0.392
648 0.392
649 0.387
650 0.4
651 0.392
652 0.396
653 0.392
654 0.395
655 0.407
656 0.392
657 0.4
658 0.395
659 0.4
660 0.395
661 0.392
662 0.395
663 0.395
664 0.4
665 0.395
666 0.4
667 0.4
668 0.396
669 0.403
670 0.396
671 0.4
672 0.403
673 0.403
674 0.403
675 0.4
676 0.407
677 0.403
678 0.403
679 0.403
680 0.408
681 0.407
682 0.399
683 0.407
684 0.412
685 0.403
686 0.403
687 0.408
688 0.411
689 0.411
690 0.403
691 0.412
692 0.407
693 0.407
694 0.415
695 0.412
696 0.419
697 0.415
698 0.412
699 0.412
700 0.415
701 0.415
702 0.415
703 0.415
704 0.423
705 0.419
706 0.423
707 0.42
708 0.419
709 0.42
710 0.419
711 0.423
712 0.428
713 0.419
714 0.423
715 0.419
716 0.423
717 0.42
718 0.423
719 0.432
720 0.432
721 0.435
722 0.435
723 0.432
724 0.44
725 0.443
726 0.44
727 0.435
728 0.436
729 0.435
730 0.432
731 0.435
732 0.432
733 0.432
734 0.44
735 0.432
736 0.431
737 0.436
738 0.435
739 0.44
740 0.44
741 0.436
742 0.439
743 0.44
744 0.444
745 0.44
746 0.44
747 0.443
748 0.443
749 0.44
750 0.443
751 0.443
752 0.448
753 0.443
754 0.443
755 0.448
756 0.443
757 0.448
758 0.448
759 0.443
760 0.448
761 0.447
762 0.448
763 0.448
764 0.447
765 0.448
766 0.451
767 0.451
768 0.456
769 0.451
770 0.448
771 0.456
772 0.451
773 0.456
774 0.46
775 0.455
776 0.46
777 0.459
778 0.456
779 0.455
780 0.456
781 0.459
782 0.46
783 0.456
784 0.468
785 0.46
786 0.451
787 0.464
788 0.46
789 0.46
790 0.468
791 0.46
792 0.468
793 0.459
794 0.46
795 0.464
796 0.468
797 0.464
798 0.463
799 0.463
800 0.467
801 0.471
802 0.463
803 0.472
804 0.467
805 0.468
806 0.471
807 0.468
808 0.471
809 0.472
810 0.483
811 0.483
812 0.492
813 0.487
814 0.496
815 0.5
816 0.488
817 0.5
818 0.5
819 0.496
820 0.5
821 0.492
822 0.488
823 0.491
824 0.496
825 0.487
826 0.496
827 0.487
828 0.5
829 0.496
830 0.496
831 0.496
832 0.496
833 0.5
834 0.492
835 0.5
836 0.503
837 0.495
838 0.5
839 0.504
840 0.503
841 0.5
842 0.503
843 0.5
844 0.512
845 0.496
846 0.504
847 0.5
848 0.504
849 0.495
850 0.487
851 0.496
852 0.492
853 0.492
854 0.5
855 0.495
856 0.487
857 0.5
858 0.496
859 0.496
860 0.5
861 0.5
862 0.5
863 0.496
864 0.492
865 0.5
866 0.503
867 0.496
868 0.5
869 0.503
870 0.5
871 0.5
872 0.503
873 0.504
874 0.503
875 0.507
876 0.503
877 0.507
878 0.511
879 0.507
880 0.507
881 0.503
882 0.508
883 0.503
884 0.5
885 0.507
886 0.511
887 0.507
888 0.523
889 0.523
890 0.527
891 0.524
892 0.519
893 0.523
894 0.524
895 0.523
896 0.536
897 0.523
898 0.524
899 0.539
900 0.539
901 0.536
902 0.544
903 0.539
904 0.543
905 0.539
906 0.543
907 0.531
908 0.536
909 0.539
910 0.531
911 0.532
912 0.535
913 0.539
914 0.543
915 0.543
916 0.544
917 0.539
918 0.539
919 0.543
920 0.535
921 0.539
922 0.544
923 0.543
924 0.543
925 0.551
926 0.539
927 0.547
928 0.543
929 0.547
930 0.54
931 0.547
932 0.543
933 0.548
934 0.547
935 0.551
936 0.547
937 0.547
938 0.547
939 0.547
940 0.543
941 0.556
942 0.547
943 0.552
944 0.559
945 0.551
946 0.547
947 0.548
948 0.556
949 0.552
950 0.552
951 0.56
952 0.56
953 0.559
954 0.556
955 0.551
956 0.556
957 0.563
958 0.555
959 0.559
960 0.543
961 0.552
962 0.547
963 0.548
964 0.556
965 0.548
966 0.547
967 0.552
968 0.547
969 0.552
970 0.552
971 0.548
972 0.552
973 0.556
974 0.552
975 0.548
976 0.559
977 0.552
978 0.556
979 0.556
980 0.563
981 0.563
982 0.572
983 0.563
984 0.564
985 0.572
986 0.579
987 0.563
988 0.563
989 0.567
990 0.568
991 0.559
992 0.568
993 0.564
994 0.563
995 0.567
996 0.563
997 0.563
998 0.571
999 0.563
1000 0.571