2 0.
3 0.
5 0.
7 0.
9 0.
11 0.
13 0.
15 0.
17 0.
19 0.
21 0.
23 0.004
25 0.
27 0.
29 0.
31 0.
33 0.
35 0.
37 0.
39 0.
41 0.
43 0.
45 0.
47 0.
49 0.
51 0.
53 0.
55 0.
57 0.004
59 0.
61 0.
63 0.
65 0.
67 0.
69 0.
71 0.
73 0.
75 0.
77 0.
79 0.
81 0.
83 0.
85 0.
87 0.
89 0.004
91 0.
93 0.
95 0.
97 0.071
99 0.
101 0.
103 0.004
105 0.
107 0.
109 0.004
111 0.
113 0.
115 0.
117 0.
119 0.
121 0.
123 0.
125 0.
127 0.
129 0.004
131 0.
133 0.
135 0.
137 0.004
139 0.
141 0.
143 0.
145 0.
147 0.
149 0.
151 0.
153 0.004
155 0.
157 0.
159 0.
161 0.
163 0.
165 0.
167 0.004
169 0.004
171 0.004
173 0.004
175 0.
177 0.
179 0.
181 0.
183 0.
185 0.
187 0.
189 0.
191 0.
193 0.
195 0.004
197 0.004
199 0.004
201 0.004
203 0.
205 0.
207 0.
209 0.
211 0.
213 0.
215 0.004
217 0.004
219 0.004
221 0.004
223 0.004
225 0.
227 0.
229 0.
231 0.
233 0.004
235 0.
237 0.
239 0.
241 0.004
243 0.
245 0.
247 0.004
249 0.004
251 0.
253 0.
255 0.004
257 0.
259 0.
261 0.004
263 0.
265 0.004
267 0.
269 0.
271 0.004
273 0.
275 0.004
277 0.004
279 0.
281 0.004
283 0.
285 0.004
287 0.
289 0.004
291 0.
293 0.004
295 0.
297 0.004
299 0.
301 0.004
303 0.004
305 0.
307 0.004
309 0.
311 0.
313 0.004
315 0.
317 0.004
319 0.004
321 0.
323 0.004
325 0.
327 0.003
329 0.004
331 0.004
333 0.
335 0.004
337 0.004
339 0.004
341 0.
343 0.004
345 0.004
347 0.004
349 0.004
351 0.004
353 0.
355 0.
357 0.004
359 0.004
361 0.004
363 0.004
365 0.004
367 0.004
369 0.
371 0.004
373 0.004
375 0.004
377 0.004
379 0.004
381 0.004
383 0.004
385 0.004
387 0.004
389 0.
391 0.004
393 0.004
395 0.004
397 0.004
399 0.004
401 0.004
403 0.004
405 0.004
407 0.004
409 0.004
411 0.
413 0.004
415 0.004
417 0.004
419 0.004
421 0.004
423 0.004
425 0.004
427 0.004
429 0.004
431 0.004
433 0.004
435 0.004
437 0.004
439 0.004
441 0.004
443 0.004
445 0.004
447 0.004
449 0.004
451 0.004
453 0.008
455 0.004
457 0.004
459 0.003
461 0.004
463 0.004
465 0.003
467 0.003
469 0.004
471 0.004
473 0.004
475 0.004
477 0.004
479 0.004
481 0.004
483 0.004
485 0.004
487 0.004
489 0.008
491 0.004
493 0.004
495 0.004
497 0.008
499 0.004
501 0.004
503 0.004
505 0.008
507 0.004
509 0.004
511 0.004
513 0.008
515 0.004
517 0.004
519 0.004
521 0.004
523 0.004
525 0.004
527 0.004
529 0.004
531 0.004
533 0.004
535 0.008
537 0.008
539 0.008
541 0.008
543 0.008
545 0.008
547 0.008
549 0.008
551 0.008
553 0.003
555 0.004
557 0.003
559 0.004
561 0.003
563 0.004
565 0.004
567 0.008
569 0.008
571 0.008
573 0.004
575 0.004
577 0.008
579 0.004
581 0.004
583 0.008
585 0.008
587 0.004
589 0.008
591 0.008
593 0.008
595 0.004
597 0.008
599 0.004
601 0.008
603 0.004
605 0.008
607 0.004
609 0.008
611 0.008
613 0.008
615 0.008
617 0.004
619 0.008
621 0.004
623 0.008
625 0.008
627 0.012
629 0.003
631 0.008
633 0.008
635 0.008
637 0.008
639 0.008
641 0.008
643 0.008
645 0.008
647 0.008
649 0.008
651 0.008
653 0.008
655 0.008
657 0.008
659 0.004
661 0.008
663 0.008
665 0.008
667 0.008
669 0.008
671 0.008
673 0.008
675 0.008
677 0.008
679 0.008
681 0.008
683 0.008
685 0.012
687 0.008
689 0.008
691 0.008
693 0.008
695 0.008
697 0.008
699 0.008
701 0.012
703 0.008
705 0.008
707 0.012
709 0.008
711 0.008
713 0.008
715 0.008
717 0.008
719 0.007
721 0.012
723 0.008
725 0.008
727 0.011
729 0.008
731 0.012
733 0.008
735 0.011
737 0.008
739 0.008
741 0.011
743 0.008
745 0.012
747 0.008
749 0.008
751 0.012
753 0.008
755 0.008
757 0.012
759 0.008
761 0.012
763 0.008
765 0.011
767 0.012
769 0.011
771 0.008
773 0.007
775 0.011
777 0.008
779 0.012
781 0.011
783 0.012
785 0.008
787 0.008
789 0.008
791 0.011
793 0.012
795 0.011
797 0.012
799 0.008
801 0.012
803 0.011
805 0.012
807 0.011
809 0.012
811 0.011
813 0.012
815 0.011
817 0.011
819 0.012
821 0.012
823 0.011
825 0.016
827 0.012
829 0.011
831 0.011
833 0.012
835 0.011
837 0.012
839 0.011
841 0.011
843 0.012
845 0.012
847 0.011
849 0.012
851 0.012
853 0.011
855 0.011
857 0.012
859 0.011
861 0.016
863 0.011
865 0.016
867 0.012
869 0.016
871 0.011
873 0.012
875 0.011
877 0.011
879 0.011
881 0.011
883 0.016
885 0.012
887 0.012
889 0.012
891 0.016
893 0.011
895 0.011
897 0.016
899 0.012
901 0.012
903 0.012
905 0.012
907 0.011
909 0.016
911 0.016
913 0.011
915 0.011
917 0.011
919 0.011
921 0.016
923 0.016
925 0.016
927 0.016
929 0.016
931 0.016
933 0.016
935 0.016
937 0.016
939 0.016
941 0.016
943 0.012
945 0.011
947 0.016
949 0.016
951 0.016
953 0.016
955 0.016
957 0.012
959 0.016
961 0.016
963 0.012
965 0.016
967 0.02
969 0.016
971 0.016
973 0.016
975 0.016
977 0.016
979 0.016
981 0.016
983 0.016
985 0.015
987 0.016
989 0.016
991 0.016
993 0.016
995 0.016
997 0.016
999 0.016
1001 0.02
1003 0.016
1005 0.02
1007 0.016
1009 0.016
1011 0.019
1013 0.016
1015 0.016
1017 0.016
1019 0.019
1021 0.019
1023 0.019
1025 0.019
1027 0.024
1029 0.02
1031 0.02
1033 0.016
1035 0.016
1037 0.02
1039 0.019
1041 0.024
1043 0.02
1045 0.016
1047 0.016
1049 0.02
1051 0.016
1053 0.016
1055 0.019
1057 0.019
1059 0.016
1061 0.019
1063 0.016
1065 0.02
1067 0.016
1069 0.019
1071 0.019
1073 0.019
1075 0.019
1077 0.019
1079 0.016
1081 0.019
1083 0.019
1085 0.019
1087 0.019
1089 0.016
1091 0.016
1093 0.02
1095 0.02
1097 0.02
1099 0.02
1101 0.02
1103 0.024
1105 0.019
1107 0.019
1109 0.019
1111 0.019
1113 0.019
1115 0.019
1117 0.019
1119 0.019
1121 0.019
1123 0.019
1125 0.019
1127 0.019
1129 0.028
1131 0.02
1133 0.02
1135 0.024
1137 0.019
1139 0.019
1141 0.019
1143 0.023
1145 0.019
1147 0.019
1149 0.024
1151 0.02
1153 0.024
1155 0.023
1157 0.019
1159 0.023
1161 0.028
1163 0.023
1165 0.019
1167 0.019
1169 0.024
1171 0.02
1173 0.024
1175 0.023
1177 0.023
1179 0.019
1181 0.02
1183 0.024
1185 0.023
1187 0.019
1189 0.024
1191 0.024
1193 0.023
1195 0.024
1197 0.02
1199 0.019
1201 0.064
1203 0.024
1205 0.023
1207 0.024
1209 0.024
1211 0.02
1213 0.107
1215 0.024
1217 0.024
1219 0.024
1221 0.024
1223 0.024
1225 0.024
1227 0.024
1229 0.024
1231 0.024
1233 0.024
1235 0.032
1237 0.024
1239 0.023
1241 0.024
1243 0.024
1245 0.024
1247 0.027
1249 0.028
1251 0.024
1253 0.024
1255 0.024
1257 0.024
1259 0.024
1261 0.024
1263 0.024
1265 0.024
1267 0.028
1269 0.032
1271 0.024
1273 0.024
1275 0.024
1277 0.027
1279 0.028
1281 0.024
1283 0.024
1285 0.028
1287 0.028
1289 0.024
1291 0.032
1293 0.028
1295 0.028
1297 0.024
1299 0.028
1301 0.028
1303 0.028
1305 0.028
1307 0.028
1309 0.028
1311 0.027
1313 0.028
1315 0.028
1317 0.028
1319 0.028
1321 0.028
1323 0.032
1325 0.028
1327 0.028
1329 0.028
1331 0.028
1333 0.028
1335 0.028
1337 0.028
1339 0.028
1341 0.028
1343 0.032
1345 0.028
1347 0.028
1349 0.028
1351 0.028
1353 0.036
1355 0.032
1357 0.032
1359 0.032
1361 0.028
1363 0.028
1365 0.028
1367 0.028
1369 0.028
1371 0.032
1373 0.035
1375 0.027
1377 0.031
1379 0.032
1381 0.028
1383 0.036
1385 0.028
1387 0.032
1389 0.032
1391 0.028
1393 0.032
1395 0.027
1397 0.032
1399 0.032
1401 0.032
1403 0.028
1405 0.032
1407 0.032
1409 0.032
1411 0.036
1413 0.032
1415 0.032
1417 0.032
1419 0.028
1421 0.032
1423 0.032
1425 0.027
1427 0.032
1429 0.032
1431 0.032
1433 0.032
1435 0.032
1437 0.032
1439 0.035
1441 0.031
1443 0.032
1445 0.031
1447 0.032
1449 0.032
1451 0.032
1453 0.032
1455 0.032
1457 0.035
1459 0.032
1461 0.032
1463 0.032
1465 0.032
1467 0.04
1469 0.032
1471 0.032
1473 0.036
1475 0.032
1477 0.032
1479 0.032
1481 0.035
1483 0.036
1485 0.035
1487 0.036
1489 0.032
1491 0.035
1493 0.04
1495 0.035
1497 0.032
1499 0.035
1501 0.032
1503 0.036
1505 0.032
1507 0.035
1509 0.035
1511 0.032
1513 0.035
1515 0.035
1517 0.032
1519 0.044
1521 0.032
1523 0.035
1525 0.035
1527 0.036
1529 0.036
1531 0.036
1533 0.036
1535 0.043
1537 0.035
1539 0.035
1541 0.04
1543 0.044
1545 0.035
1547 0.036
1549 0.035
1551 0.035
1553 0.035
1555 0.035
1557 0.04
1559 0.04
1561 0.035
1563 0.04
1565 0.036
1567 0.04
1569 0.035
1571 0.035
1573 0.039
1575 0.043
1577 0.04
1579 0.035
1581 0.04
1583 0.04
1585 0.035
1587 0.04
1589 0.04
1591 0.044
1593 0.04
1595 0.04
1597 0.035
1599 0.044
1601 0.04
1603 0.04
1605 0.039
1607 0.035
1609 0.04
1611 0.039
1613 0.039
1615 0.044
1617 0.04
1619 0.04
1621 0.039
1623 0.048
1625 0.039
1627 0.04
1629 0.04
1631 0.039
1633 0.039
1635 0.04
1637 0.044
1639 0.039
1641 0.039
1643 0.044
1645 0.048
1647 0.04
1649 0.04
1651 0.039
1653 0.039
1655 0.044
1657 0.04
1659 0.044
1661 0.039
1663 0.044
1665 0.039
1667 0.048
1669 0.039
1671 0.044
1673 0.044
1675 0.04
1677 0.044
1679 0.044
1681 0.048
1683 0.044
1685 0.044
1687 0.044
1689 0.048
1691 0.044
1693 0.044
1695 0.044
1697 0.044
1699 0.044
1701 0.04
1703 0.051
1705 0.044
1707 0.048
1709 0.044
1711 0.044
1713 0.044
1715 0.044
1717 0.048
1719 0.044
1721 0.044
1723 0.048
1725 0.044
1727 0.044
1729 0.048
1731 0.052
1733 0.044
1735 0.048
1737 0.048
1739 0.044
1741 0.044
1743 0.048
1745 0.048
1747 0.048
1749 0.044
1751 0.051
1753 0.048
1755 0.043
1757 0.048
1759 0.044
1761 0.048
1763 0.048
1765 0.048
1767 0.048
1769 0.048
1771 0.051
1773 0.048
1775 0.048
1777 0.048
1779 0.051
1781 0.048
1783 0.048
1785 0.06
1787 0.048
1789 0.048
1791 0.052
1793 0.048
1795 0.048
1797 0.048
1799 0.048
1801 0.048
1803 0.052
1805 0.064
1807 0.051
1809 0.048
1811 0.051
1813 0.048
1815 0.048
1817 0.051
1819 0.048
1821 0.052
1823 0.051
1825 0.052
1827 0.048
1829 0.051
1831 0.051
1833 0.048
1835 0.051
1837 0.064
1839 0.051
1841 0.052
1843 0.048
1845 0.051
1847 0.051
1849 0.051
1851 0.051
1853 0.051
1855 0.064
1857 0.051
1859 0.051
1861 0.051
1863 0.051
1865 0.051
1867 0.056
1869 0.051
1871 0.051
1873 0.064
1875 0.051
1877 0.052
1879 0.051
1881 0.052
1883 0.055
1885 0.051
1887 0.051
1889 0.055
1891 0.06
1893 0.051
1895 0.055
1897 0.06
1899 0.052
1901 0.055
1903 0.059
1905 0.055
1907 0.051
1909 0.059
1911 0.056
1913 0.056
1915 0.067
1917 0.051
1919 0.055
1921 0.056
1923 0.056
1925 0.055
1927 0.059
1929 0.056
1931 0.056
1933 0.067
1935 0.056
1937 0.056
1939 0.055
1941 0.056
1943 0.056
1945 0.059
1947 0.059
1949 0.055
1951 0.068
1953 0.056
1955 0.055
1957 0.059
1959 0.056
1961 0.06
1963 0.06
1965 0.056
1967 0.067
1969 0.059
1971 0.056
1973 0.06
1975 0.056
1977 0.059
1979 0.064
1981 0.056
1983 0.059
1985 0.06
1987 0.06
1989 0.064
1991 0.059
1993 0.055
1995 0.067
1997 0.059
1999 0.059
2001 0.059
2003 0.059
2005 0.059
2007 0.064
2009 0.06
2011 0.064
2013 0.059
2015 0.059
2017 0.059
2019 0.059
2021 0.064
2023 0.068
2025 0.059
2027 0.059
2029 0.059
2031 0.059
2033 0.064
2035 0.064
2037 0.059
2039 0.071
2041 0.064
2043 0.06
2045 0.064
2047 0.059
2049 0.067
2051 0.064
2053 0.059
2055 0.071
2057 0.064
2059 0.064
2061 0.064
2063 0.064
2065 0.068
2067 0.064
2069 0.064
2071 0.072
2073 0.059
2075 0.063
2077 0.064
2079 0.064
2081 0.068
2083 0.064
2085 0.064
2087 0.064
2089 0.064
2091 0.067
2093 0.068
2095 0.064
2097 0.067
2099 0.064
2101 0.072
2103 0.064
2105 0.067
2107 0.064
2109 0.068
2111 0.067
2113 0.067
2115 0.068
2117 0.071
2119 0.064
2121 0.068
2123 0.067
2125 0.064
2127 0.068
2129 0.064
2131 0.075
2133 0.068
2135 0.068
2137 0.068
2139 0.067
2141 0.071
2143 0.067
2145 0.068
2147 0.067
2149 0.068
2151 0.071
2153 0.067
2155 0.068
2157 0.067
2159 0.068
2161 0.071
2163 0.068
2165 0.076
2167 0.071
2169 0.067
2171 0.071
2173 0.067
2175 0.071
2177 0.072
2179 0.068
2181 0.071
2183 0.071
2185 0.076
2187 0.068
2189 0.076
2191 0.071
2193 0.071
2195 0.072
2197 0.071
2199 0.076
2201 0.071
2203 0.076
2205 0.071
2207 0.071
2209 0.076
2211 0.071
2213 0.079
2215 0.071
2217 0.071
2219 0.076
2221 0.071
2223 0.076
2225 0.076
2227 0.076
2229 0.071
2231 0.071
2233 0.075
2235 0.071
2237 0.076
2239 0.076
2241 0.084
2243 0.071
2245 0.071
2247 0.075
2249 0.076
2251 0.071
2253 0.071
2255 0.083
2257 0.076
2259 0.076
2261 0.076
2263 0.124
2265 0.083
2267 0.076
2269 0.076
2271 0.076
2273 0.079
2275 0.076
2277 0.083
2279 0.076
2281 0.076
2283 0.076
2285 0.076
2287 0.076
2289 0.075
2291 0.079
2293 0.076
2295 0.076
2297 0.076
2299 0.079
2301 0.075
2303 0.083
2305 0.079
2307 0.079
2309 0.079
2311 0.08
2313 0.083
2315 0.079
2317 0.083
2319 0.076
2321 0.08
2323 0.079
2325 0.083
2327 0.08
2329 0.083
2331 0.076
2333 0.079
2335 0.08
2337 0.08
2339 0.079
2341 0.079
2343 0.087
2345 0.079
2347 0.079
2349 0.079
2351 0.083
2353 0.084
2355 0.084
2357 0.08
2359 0.084
2361 0.079
2363 0.084
2365 0.079
2367 0.083
2369 0.079
2371 0.083
2373 0.084
2375 0.08
2377 0.084
2379 0.084
2381 0.084
2383 0.084
2385 0.088
2387 0.084
2389 0.084
2391 0.084
2393 0.088
2395 0.084
2397 0.088
2399 0.087
2401 0.083
2403 0.083
2405 0.083
2407 0.087
2409 0.083
2411 0.083
2413 0.088
2415 0.084
2417 0.088
2419 0.088
2421 0.091
2423 0.088
2425 0.088
2427 0.084
2429 0.087
2431 0.088
2433 0.088
2435 0.088
2437 0.088
2439 0.088
2441 0.091
2443 0.088
2445 0.091
2447 0.088
2449 0.084
2451 0.088
2453 0.091
2455 0.088
2457 0.091
2459 0.088
2461 0.087
2463 0.088
2465 0.088
2467 0.088
2469 0.091
2471 0.092
2473 0.088
2475 0.091
2477 0.092
2479 0.088
2481 0.092
2483 0.091
2485 0.088
2487 0.088
2489 0.088
2491 0.088
2493 0.091
2495 0.096
2497 0.091
2499 0.096
2501 0.091
2503 0.088
2505 0.091
2507 0.096
2509 0.091
2511 0.095
2513 0.091
2515 0.091
2517 0.091
2519 0.095
2521 0.091
2523 0.1
2525 0.091
2527 0.091
2529 0.095
2531 0.091
2533 0.096
2535 0.091
2537 0.095
2539 0.091
2541 0.096
2543 0.096
2545 0.1
2547 0.096
2549 0.095
2551 0.095
2553 0.096
2555 0.091
2557 0.096
2559 0.1
2561 0.096
2563 0.1
2565 0.096
2567 0.091
2569 0.096
2571 0.1
2573 0.096
2575 0.1
2577 0.095
2579 0.096
2581 0.1
2583 0.095
2585 0.099
2587 0.096
2589 0.096
2591 0.1
2593 0.1
2595 0.095
2597 0.099
2599 0.1
2601 0.096
2603 0.103
2605 0.1
2607 0.096
2609 0.096
2611 0.1
2613 0.099
2615 0.095
2617 0.1
2619 0.096
2621 0.103
2623 0.1
2625 0.1
2627 0.099
2629 0.099
2631 0.103
2633 0.1
2635 0.1
2637 0.103
2639 0.1
2641 0.1
2643 0.1
2645 0.108
2647 0.1
2649 0.103
2651 0.1
2653 0.1
2655 0.103
2657 0.1
2659 0.107
2661 0.1
2663 0.1
2665 0.103
2667 0.108
2669 0.103
2671 0.1
2673 0.108
2675 0.103
2677 0.108
2679 0.104
2681 0.103
2683 0.108
2685 0.107
2687 0.115
2689 0.104
2691 0.107
2693 0.107
2695 0.103
2697 0.115
2699 0.1
2701 0.103
2703 0.107
2705 0.103
2707 0.119
2709 0.103
2711 0.104
2713 0.108
2715 0.108
2717 0.115
2719 0.103
2721 0.107
2723 0.111
2725 0.107
2727 0.124
2729 0.107
2731 0.107
2733 0.111
2735 0.107
2737 0.119
2739 0.107
2741 0.108
2743 0.112
2745 0.111
2747 0.119
2749 0.112
2751 0.108
2753 0.115
2755 0.108
2757 0.12
2759 0.108
2761 0.108
2763 0.111
2765 0.112
2767 0.124
2769 0.112
2771 0.108
2773 0.112
2775 0.111
2777 0.108
2779 0.112
2781 0.111
2783 0.123
2785 0.108
2787 0.112
2789 0.111
2791 0.112
2793 0.111
2795 0.115
2797 0.112
2799 0.119
2801 0.111
2803 0.112
2805 0.115
2807 0.119
2809 0.115
2811 0.115
2813 0.112
2815 0.115
2817 0.12
2819 0.115
2821 0.124
2823 0.111
2825 0.115
2827 0.12
2829 0.124
2831 0.115
2833 0.116
2835 0.112
2837 0.115
2839 0.124
2841 0.115
2843 0.116
2845 0.119
2847 0.115
2849 0.119
2851 0.124
2853 0.115
2855 0.128
2857 0.12
2859 0.119
2861 0.123
2863 0.128
2865 0.115
2867 0.115
2869 0.119
2871 0.115
2873 0.128
2875 0.119
2877 0.119
2879 0.124
2881 0.128
2883 0.115
2885 0.119
2887 0.123
2889 0.119
2891 0.128
2893 0.123
2895 0.119
2897 0.123
2899 0.128
2901 0.124
2903 0.124
2905 0.128
2907 0.123
2909 0.131
2911 0.119
2913 0.119
2915 0.127
2917 0.128
2919 0.124
2921 0.124
2923 0.128
2925 0.123
2927 0.136
2929 0.124
2931 0.12
2933 0.123
2935 0.128
2937 0.123
2939 0.123
2941 0.131
2943 0.123
2945 0.124
2947 0.128
2949 0.131
2951 0.128
2953 0.123
2955 0.128
2957 0.124
2959 0.132
2961 0.123
2963 0.123
2965 0.128
2967 0.131
2969 0.123
2971 0.128
2973 0.132
2975 0.132
2977 0.128
2979 0.124
2981 0.131
2983 0.128
2985 0.128
2987 0.132
2989 0.132
2991 0.128
2993 0.131
2995 0.135
2997 0.128
2999 0.128
3001 0.132
3003 0.128
3005 0.128
3007 0.128
3009 0.136
3011 0.132
3013 0.131
3015 0.132
3017 0.128
3019 0.128
3021 0.135
3023 0.135
3025 0.131
3027 0.128
3029 0.135
3031 0.131
3033 0.131
3035 0.135
3037 0.14
3039 0.135
3041 0.132
3043 0.136
3045 0.14
3047 0.132
3049 0.132
3051 0.135
3053 0.131
3055 0.135
3057 0.14
3059 0.14
3061 0.131
3063 0.131
3065 0.139
3067 0.144
3069 0.136
3071 0.132
3073 0.135
3075 0.14
3077 0.135
3079 0.135
3081 0.14
3083 0.14
3085 0.136
3087 0.135
3089 0.14
3091 0.135
3093 0.136
3095 0.14
3097 0.14
3099 0.135
3101 0.136
3103 0.143
3105 0.14
3107 0.14
3109 0.136
3111 0.144
3113 0.143
3115 0.14
3117 0.14
3119 0.144
3121 0.144
3123 0.14
3125 0.14
3127 0.143
3129 0.143
3131 0.14
3133 0.14
3135 0.14
3137 0.152
3139 0.14
3141 0.14
3143 0.14
3145 0.147
3147 0.14
3149 0.143
3151 0.14
3153 0.152
3155 0.144
3157 0.147
3159 0.14
3161 0.143
3163 0.143
3165 0.144
3167 0.144
3169 0.144
3171 0.147
3173 0.147
3175 0.143
3177 0.143
3179 0.14
3181 0.147
3183 0.144
3185 0.147
3187 0.143
3189 0.151
3191 0.143
3193 0.147
3195 0.147
3197 0.144
3199 0.152
3201 0.148
3203 0.144
3205 0.147
3207 0.147
3209 0.152
3211 0.148
3213 0.147
3215 0.147
3217 0.147
3219 0.152
3221 0.156
3223 0.144
3225 0.152
3227 0.147
3229 0.152
3231 0.152
3233 0.152
3235 0.152
3237 0.147
3239 0.152
3241 0.155
3243 0.152
3245 0.151
3247 0.152
3249 0.156
3251 0.152
3253 0.151
3255 0.152
3257 0.152
3259 0.151
3261 0.155
3263 0.156
3265 0.152
3267 0.152
3269 0.152
3271 0.155
3273 0.151
3275 0.155
3277 0.155
3279 0.152
3281 0.155
3283 0.155
3285 0.159
3287 0.152
3289 0.16
3291 0.152
3293 0.156
3295 0.152
3297 0.156
3299 0.156
3301 0.16
3303 0.156
3305 0.156
3307 0.159
3309 0.16
3311 0.156
3313 0.159
3315 0.155
3317 0.155
3319 0.155
3321 0.16
3323 0.156
3325 0.159
3327 0.156
3329 0.156
3331 0.159
3333 0.164
3335 0.155
3337 0.159
3339 0.164
3341 0.16
3343 0.159
3345 0.156
3347 0.164
3349 0.156
3351 0.164
3353 0.159
3355 0.159
3357 0.159
3359 0.163
3361 0.159
3363 0.164
3365 0.163
3367 0.159
3369 0.16
3371 0.16
3373 0.168
3375 0.159
3377 0.164
3379 0.164
3381 0.164
3383 0.168
3385 0.164
3387 0.159
3389 0.167
3391 0.167
3393 0.164
3395 0.164
3397 0.167
3399 0.164
3401 0.164
3403 0.164
3405 0.168
3407 0.164
3409 0.168
3411 0.167
3413 0.167
3415 0.164
3417 0.167
3419 0.164
3421 0.171
3423 0.168
3425 0.168
3427 0.171
3429 0.168
3431 0.167
3433 0.167
3435 0.167
3437 0.167
3439 0.168
3441 0.171
3443 0.167
3445 0.167
3447 0.172
3449 0.168
3451 0.171
3453 0.172
3455 0.167
3457 0.172
3459 0.171
3461 0.168
3463 0.172
3465 0.171
3467 0.172
3469 0.171
3471 0.172
3473 0.171
3475 0.176
3477 0.167
3479 0.171
3481 0.179
3483 0.176
3485 0.171
3487 0.176
3489 0.176
3491 0.171
3493 0.176
3495 0.18
3497 0.171
3499 0.175
3501 0.176
3503 0.176
3505 0.176
3507 0.179
3509 0.171
3511 0.176
3513 0.18
3515 0.176
3517 0.18
3519 0.18
3521 0.171
3523 0.176
3525 0.179
3527 0.176
3529 0.175
3531 0.176
3533 0.176
3535 0.176
3537 0.179
3539 0.183
3541 0.176
3543 0.18
3545 0.188
3547 0.175
3549 0.183
3551 0.188
3553 0.18
3555 0.183
3557 0.183
3559 0.18
3561 0.18
3563 0.183
3565 0.18
3567 0.18
3569 0.18
3571 0.179
3573 0.179
3575 0.184
3577 0.188
3579 0.18
3581 0.183
3583 0.192
3585 0.18
3587 0.188
3589 0.192
3591 0.183
3593 0.187
3595 0.191
3597 0.184
3599 0.188
3601 0.192
3603 0.179
3605 0.188
3607 0.191
3609 0.183
3611 0.188
3613 0.192
3615 0.183
3617 0.187
3619 0.191
3621 0.183
3623 0.187
3625 0.188
3627 0.191
3629 0.188
3631 0.187
3633 0.188
3635 0.188
3637 0.188
3639 0.188
3641 0.183
3643 0.188
3645 0.188
3647 0.187
3649 0.188
3651 0.188
3653 0.187
3655 0.188
3657 0.191
3659 0.188
3661 0.188
3663 0.187
3665 0.188
3667 0.191
3669 0.188
3671 0.188
3673 0.191
3675 0.192
3677 0.191
3679 0.191
3681 0.192
3683 0.191
3685 0.191
3687 0.192
3689 0.191
3691 0.191
3693 0.192
3695 0.191
3697 0.191
3699 0.195
3701 0.195
3703 0.195
3705 0.2
3707 0.196
3709 0.195
3711 0.199
3713 0.195
3715 0.203
3717 0.2
3719 0.196
3721 0.195
3723 0.204
3725 0.195
3727 0.199
3729 0.2
3731 0.195
3733 0.199
3735 0.2
3737 0.195
3739 0.2
3741 0.204
3743 0.195
3745 0.199
3747 0.204
3749 0.2
3751 0.2
3753 0.204
3755 0.195
3757 0.195
3759 0.199
3761 0.199
3763 0.204
3765 0.207
3767 0.2
3769 0.204
3771 0.207
3773 0.204
3775 0.203
3777 0.204
3779 0.204
3781 0.204
3783 0.207
3785 0.199
3787 0.207
3789 0.207
3791 0.204
3793 0.204
3795 0.204
3797 0.2
3799 0.204
3801 0.207
3803 0.204
3805 0.207
3807 0.211
3809 0.204
3811 0.207
3813 0.212
3815 0.207
3817 0.207
3819 0.215
3821 0.204
3823 0.204
3825 0.207
3827 0.212
3829 0.204
3831 0.207
3833 0.211
3835 0.204
3837 0.203
3839 0.212
3841 0.207
3843 0.212
3845 0.212
3847 0.207
3849 0.207
3851 0.207
3853 0.211
3855 0.207
3857 0.211
3859 0.216
3861 0.212
3863 0.216
3865 0.215
3867 0.211
3869 0.212
3871 0.211
3873 0.219
3875 0.212
3877 0.215
3879 0.216
3881 0.212
3883 0.216
3885 0.219
3887 0.212
3889 0.211
3891 0.211
3893 0.216
3895 0.212
3897 0.219
3899 0.219
3901 0.215
3903 0.216
3905 0.219
3907 0.216
3909 0.219
3911 0.211
3913 0.219
3915 0.224
3917 0.215
3919 0.219
3921 0.223
3923 0.215
3925 0.219
3927 0.211
3929 0.216
3931 0.224
3933 0.215
3935 0.223
3937 0.224
3939 0.219
3941 0.228
3943 0.219
3945 0.223
3947 0.223
3949 0.216
3951 0.216
3953 0.223
3955 0.227
3957 0.219
3959 0.223
3961 0.223
3963 0.219
3965 0.219
3967 0.224
3969 0.224
3971 0.224
3973 0.228
3975 0.227
3977 0.223
3979 0.228
3981 0.223
3983 0.227
3985 0.223
3987 0.228
3989 0.228
3991 0.223
3993 0.228
3995 0.224
3997 0.228
3999 0.228
4001 0.223
4003 0.228
4005 0.228
4007 0.227
4009 0.224
4011 0.228
4013 0.228
4015 0.223
4017 0.231
4019 0.228
4021 0.228
4023 0.231
4025 0.223
4027 0.231
4029 0.227
4031 0.231
4033 0.223
4035 0.228
4037 0.228
4039 0.228
4041 0.227
4043 0.224
4045 0.231
4047 0.231
4049 0.231
4051 0.231
4053 0.228
4055 0.231
4057 0.231
4059 0.228
4061 0.231
4063 0.227
4065 0.231
4067 0.231
4069 0.228
4071 0.231
4073 0.231
4075 0.231
4077 0.231
4079 0.231
4081 0.228
4083 0.231
4085 0.235
4087 0.235
4089 0.235
4091 0.236
4093 0.231
4095 0.236
4097 0.236
4099 0.231
4101 0.24
4103 0.231
4105 0.235
4107 0.231
4109 0.236
4111 0.231
4113 0.231
4115 0.236
4117 0.235
4119 0.239
4121 0.235
4123 0.24
4125 0.24
4127 0.24
4129 0.239
4131 0.236
4133 0.24
4135 0.24
4137 0.243
4139 0.235
4141 0.24
4143 0.24
4145 0.24
4147 0.235
4149 0.24
4151 0.24
4153 0.243
4155 0.24
4157 0.243
4159 0.24
4161 0.243
4163 0.239
4165 0.243
4167 0.243
4169 0.243
4171 0.243
4173 0.243
4175 0.243
4177 0.247
4179 0.239
4181 0.243
4183 0.243
4185 0.247
4187 0.243
4189 0.247
4191 0.235
4193 0.247
4195 0.243
4197 0.247
4199 0.243
4201 0.247
4203 0.247
4205 0.247
4207 0.252
4209 0.243
4211 0.243
4213 0.247
4215 0.251
4217 0.247
4219 0.252
4221 0.248
4223 0.247
4225 0.243
4227 0.248
4229 0.247
4231 0.247
4233 0.252
4235 0.252
4237 0.256
4239 0.248
4241 0.252
4243 0.247
4245 0.256
4247 0.252
4249 0.247
4251 0.256
4253 0.247
4255 0.256
4257 0.252
4259 0.256
4261 0.251
4263 0.256
4265 0.251
4267 0.256
4269 0.256
4271 0.256
4273 0.252
4275 0.256
4277 0.252
4279 0.256
4281 0.256
4283 0.256
4285 0.252
4287 0.256
4289 0.256
4291 0.259
4293 0.259
4295 0.259
4297 0.252
4299 0.26
4301 0.256
4303 0.26
4305 0.26
4307 0.26
4309 0.264
4311 0.259
4313 0.259
4315 0.256
4317 0.259
4319 0.259
4321 0.259
4323 0.259
4325 0.26
4327 0.26
4329 0.259
4331 0.263
4333 0.259
4335 0.264
4337 0.259
4339 0.264
4341 0.264
4343 0.259
4345 0.264
4347 0.264
4349 0.264
4351 0.264
4353 0.264
4355 0.264
4357 0.268
4359 0.264
4361 0.268
4363 0.263
4365 0.268
4367 0.268
4369 0.263
4371 0.268
4373 0.264
4375 0.276
4377 0.268
4379 0.268
4381 0.264
4383 0.271
4385 0.268
4387 0.276
4389 0.263
4391 0.276
4393 0.268
4395 0.272
4397 0.268
4399 0.276
4401 0.271
4403 0.28
4405 0.264
4407 0.276
4409 0.268
4411 0.272
4413 0.271
4415 0.28
4417 0.272
4419 0.276
4421 0.268
4423 0.275
4425 0.271
4427 0.28
4429 0.271
4431 0.272
4433 0.271
4435 0.276
4437 0.271
4439 0.276
4441 0.271
4443 0.28
4445 0.276
4447 0.28
4449 0.272
4451 0.275
4453 0.276
4455 0.28
4457 0.271
4459 0.28
4461 0.271
4463 0.284
4465 0.276
4467 0.283
4469 0.276
4471 0.28
4473 0.28
4475 0.283
4477 0.276
4479 0.283
4481 0.275
4483 0.284
4485 0.28
4487 0.284
4489 0.275
4491 0.283
4493 0.28
4495 0.288
4497 0.28
4499 0.288
4501 0.284
4503 0.283
4505 0.28
4507 0.288
4509 0.283
4511 0.283
4513 0.28
4515 0.283
4517 0.28
4519 0.292
4521 0.283
4523 0.283
4525 0.283
4527 0.287
4529 0.28
4531 0.288
4533 0.283
4535 0.292
4537 0.284
4539 0.292
4541 0.284
4543 0.292
4545 0.288
4547 0.288
4549 0.288
4551 0.292
4553 0.288
4555 0.292
4557 0.288
4559 0.287
4561 0.288
4563 0.295
4565 0.288
4567 0.292
4569 0.287
4571 0.292
4573 0.287
4575 0.291
4577 0.288
4579 0.295
4581 0.288
4583 0.292
4585 0.292
4587 0.3
4589 0.292
4591 0.3
4593 0.292
4595 0.299
4597 0.292
4599 0.292
4601 0.292
4603 0.299
4605 0.292
4607 0.299
4609 0.292
4611 0.299
4613 0.288
4615 0.299
4617 0.295
4619 0.3
4621 0.291
4623 0.3
4625 0.292
4627 0.295
4629 0.295
4631 0.3
4633 0.295
4635 0.304
4637 0.295
4639 0.304
4641 0.3
4643 0.304
4645 0.296
4647 0.303
4649 0.295
4651 0.304
4653 0.3
4655 0.304
4657 0.299
4659 0.308
4661 0.3
4663 0.307
4665 0.304
4667 0.304
4669 0.3
4671 0.304
4673 0.299
4675 0.308
4677 0.299
4679 0.307
4681 0.304
4683 0.307
4685 0.307
4687 0.307
4689 0.308
4691 0.312
4693 0.303
4695 0.311
4697 0.307
4699 0.312
4701 0.307
4703 0.311
4705 0.304
4707 0.307
4709 0.307
4711 0.304
4713 0.311
4715 0.308
4717 0.311
4719 0.311
4721 0.312
4723 0.307
4725 0.311
4727 0.315
4729 0.311
4731 0.312
4733 0.312
4735 0.315
4737 0.307
4739 0.307
4741 0.312
4743 0.307
4745 0.315
4747 0.312
4749 0.312
4751 0.312
4753 0.311
4755 0.316
4757 0.312
4759 0.315
4761 0.307
4763 0.312
4765 0.315
4767 0.312
4769 0.319
4771 0.316
4773 0.315
4775 0.319
4777 0.312
4779 0.319
4781 0.315
4783 0.319
4785 0.319
4787 0.311
4789 0.32
4791 0.315
4793 0.315
4795 0.324
4797 0.316
4799 0.324
4801 0.319
4803 0.319
4805 0.324
4807 0.316
4809 0.324
4811 0.319
4813 0.319
4815 0.328
4817 0.319
4819 0.328
4821 0.319
4823 0.324
4825 0.319
4827 0.324
4829 0.319
4831 0.324
4833 0.323
4835 0.327
4837 0.328
4839 0.324
4841 0.327
4843 0.327
4845 0.324
4847 0.328
4849 0.324
4851 0.327
4853 0.331
4855 0.327
4857 0.328
4859 0.327
4861 0.328
4863 0.327
4865 0.327
4867 0.319
4869 0.328
4871 0.327
4873 0.327
4875 0.328
4877 0.331
4879 0.327
4881 0.332
4883 0.327
4885 0.327
4887 0.331
4889 0.328
4891 0.331
4893 0.331
4895 0.327
4897 0.331
4899 0.336
4901 0.335
4903 0.331
4905 0.336
4907 0.336
4909 0.331
4911 0.336
4913 0.336
4915 0.331
4917 0.336
4919 0.336
4921 0.331
4923 0.339
4925 0.336
4927 0.335
4929 0.336
4931 0.339
4933 0.332
4935 0.339
4937 0.336
4939 0.339
4941 0.339
4943 0.339
4945 0.339
4947 0.336
4949 0.339
4951 0.34
4953 0.339
4955 0.343
4957 0.339
4959 0.336
4961 0.336
4963 0.339
4965 0.34
4967 0.339
4969 0.343
4971 0.343
4973 0.339
4975 0.34
4977 0.339
4979 0.343
4981 0.34
4983 0.343
4985 0.343
4987 0.339
4989 0.343
4991 0.343
4993 0.348
4995 0.343
4997 0.343
4999 0.343