1 0.004
2 0.004
3 0.004
4 0.004
5 0.004
6 0.008
7 0.003
8 0.004
9 0.004
10 0.004
11 0.004
12 0.003
13 0.004
14 0.004
15 0.004
16 0.003
17 0.004
18 0.004
19 0.004
20 0.003
21 0.004
22 0.004
23 0.007
24 0.004
25 0.004
26 0.004
27 0.004
28 0.004
29 0.004
30 0.008
31 0.003
32 0.008
33 0.004
34 0.004
35 0.004
36 0.004
37 0.004
38 0.008
39 0.008
40 0.003
41 0.004
42 0.007
43 0.008
44 0.004
45 0.007
46 0.008
47 0.004
48 0.008
49 0.004
50 0.004
51 0.004
52 0.004
53 0.008
54 0.007
55 0.008
56 0.007
57 0.004
58 0.004
59 0.004
60 0.008
61 0.004
62 0.007
63 0.003
64 0.008
65 0.008
66 0.007
67 0.008
68 0.012
69 0.008
70 0.004
71 0.003
72 0.007
73 0.008
74 0.004
75 0.012
76 0.008
77 0.007
78 0.008
79 0.008
80 0.008
81 0.007
82 0.008
83 0.007
84 0.007
85 0.008
86 0.008
87 0.004
88 0.008
89 0.004
90 0.008
91 0.008
92 0.008
93 0.007
94 0.012
95 0.012
96 0.011
97 0.011
98 0.007
99 0.008
100 0.008
101 0.012
102 0.012
103 0.012
104 0.012
105 0.011
106 0.007
107 0.012
108 0.011
109 0.011
110 0.012
111 0.012
112 0.011
113 0.012
114 0.011
115 0.011
116 0.012
117 0.011
118 0.012
119 0.011
120 0.012
121 0.016
122 0.011
123 0.016
124 0.011
125 0.012
126 0.019
127 0.011
128 0.015
129 0.015
130 0.016
131 0.015
132 0.019
133 0.016
134 0.011
135 0.024
136 0.012
137 0.012
138 0.011
139 0.011
140 0.012
141 0.015
142 0.012
143 0.012
144 0.015
145 0.012
146 0.011
147 0.015
148 0.016
149 0.019
150 0.015
151 0.011
152 0.012
153 0.024
154 0.011
155 0.015
156 0.016
157 0.015
158 0.015
159 0.012
160 0.012
161 0.011
162 0.024
163 0.011
164 0.015
165 0.015
166 0.016
167 0.016
168 0.015
169 0.015
170 0.015
171 0.015
172 0.015
173 0.015
174 0.024
175 0.015
176 0.015
177 0.015
178 0.015
179 0.015
180 0.015
181 0.024
182 0.015
183 0.015
184 0.015
185 0.016
186 0.016
187 0.019
188 0.015
189 0.016
190 0.024
191 0.019
192 0.015
193 0.019
194 0.019
195 0.019
196 0.019
197 0.015
198 0.016
199 0.015
200 0.016
201 0.015
202 0.015
203 0.019
204 0.015
205 0.016
206 0.019
207 0.027
208 0.024
209 0.024
210 0.031
211 0.024
212 0.024
213 0.024
214 0.024
215 0.024
216 0.028
217 0.024
218 0.016
219 0.015
220 0.016
221 0.019
222 0.019
223 0.019
224 0.019
225 0.019
226 0.016
227 0.019
228 0.019
229 0.02
230 0.019
231 0.019
232 0.019
233 0.024
234 0.035
235 0.024
236 0.019
237 0.019
238 0.02
239 0.019
240 0.019
241 0.019
242 0.019
243 0.032
244 0.019
245 0.02
246 0.02
247 0.019
248 0.019
249 0.019
250 0.032
251 0.019
252 0.02
253 0.019
254 0.02
255 0.024
256 0.032
257 0.024
258 0.024
259 0.024
260 0.019
261 0.019
262 0.019
263 0.019
264 0.019
265 0.019
266 0.028
267 0.024
268 0.019
269 0.024
270 0.019
271 0.032
272 0.024
273 0.024
274 0.019
275 0.031
276 0.024
277 0.024
278 0.019
279 0.019
280 0.019
281 0.019
282 0.032
283 0.024
284 0.024
285 0.024
286 0.024
287 0.024
288 0.024
289 0.028
290 0.024
291 0.024
292 0.036
293 0.024
294 0.024
295 0.036
296 0.019
297 0.024
298 0.032
299 0.024
300 0.024
301 0.036
302 0.024
303 0.024
304 0.024
305 0.024
306 0.027
307 0.024
308 0.024
309 0.024
310 0.024
311 0.032
312 0.024
313 0.024
314 0.024
315 0.024
316 0.032
317 0.028
318 0.024
319 0.024
320 0.024
321 0.024
322 0.024
323 0.036
324 0.024
325 0.035
326 0.024
327 0.028
328 0.024
329 0.028
330 0.028
331 0.024
332 0.024
333 0.028
334 0.024
335 0.024
336 0.028
337 0.024
338 0.028
339 0.024
340 0.028
341 0.027
342 0.027
343 0.028
344 0.028
345 0.032
346 0.028
347 0.035
348 0.024
349 0.039
350 0.027
351 0.027
352 0.028
353 0.028
354 0.039
355 0.028
356 0.039
357 0.027
358 0.027
359 0.031
360 0.028
361 0.04
362 0.028
363 0.024
364 0.035
365 0.028
366 0.024
367 0.027
368 0.028
369 0.04
370 0.028
371 0.028
372 0.035
373 0.028
374 0.028
375 0.035
376 0.028
377 0.028
378 0.036
379 0.027
380 0.028
381 0.032
382 0.027
383 0.028
384 0.036
385 0.027
386 0.027
387 0.028
388 0.039
389 0.028
390 0.028
391 0.035
392 0.032
393 0.028
394 0.028
395 0.039
396 0.028
397 0.028
398 0.028
399 0.039
400 0.032
401 0.028
402 0.028
403 0.039
404 0.028
405 0.028
406 0.032
407 0.031
408 0.04
409 0.028
410 0.028
411 0.028
412 0.028
413 0.04
414 0.032
415 0.028
416 0.031
417 0.031
418 0.048
419 0.048
420 0.032
421 0.031
422 0.031
423 0.031
424 0.028
425 0.048
426 0.056
427 0.032
428 0.031
429 0.031
430 0.032
431 0.031
432 0.032
433 0.039
434 0.044
435 0.043
436 0.032
437 0.032
438 0.032
439 0.032
440 0.031
441 0.031
442 0.031
443 0.032
444 0.032
445 0.032
446 0.036
447 0.043
448 0.043
449 0.048
450 0.043
451 0.043
452 0.043
453 0.032
454 0.031
455 0.032
456 0.032
457 0.031
458 0.032
459 0.032
460 0.036
461 0.036
462 0.035
463 0.031
464 0.039
465 0.043
466 0.043
467 0.048
468 0.052
469 0.048
470 0.043
471 0.048
472 0.043
473 0.036
474 0.035
475 0.035
476 0.031
477 0.032
478 0.031
479 0.035
480 0.031
481 0.035
482 0.048
483 0.043
484 0.044
485 0.031
486 0.036
487 0.036
488 0.032
489 0.035
490 0.035
491 0.043
492 0.043
493 0.032
494 0.036
495 0.035
496 0.036
497 0.036
498 0.048
499 0.043
500 0.032
501 0.032
502 0.035
503 0.035
504 0.043
505 0.048
506 0.031
507 0.032
508 0.035
509 0.048
510 0.048
511 0.036
512 0.035
513 0.036
514 0.048
515 0.036
516 0.035
517 0.035
518 0.052
519 0.035
520 0.036
521 0.035
522 0.048
523 0.036
524 0.036
525 0.035
526 0.052
527 0.036
528 0.036
529 0.043
530 0.052
531 0.035
532 0.036
533 0.043
534 0.036
535 0.039
536 0.044
537 0.036
538 0.035
539 0.043
540 0.039
541 0.036
542 0.043
543 0.039
544 0.036
545 0.048
546 0.04
547 0.035
548 0.043
549 0.039
550 0.04
551 0.048
552 0.035
553 0.052
554 0.04
555 0.035
556 0.048
557 0.039
558 0.048
559 0.039
560 0.035
561 0.048
562 0.039
563 0.052
564 0.039
565 0.039
566 0.048
567 0.039
568 0.052
569 0.039
570 0.052
571 0.039
572 0.052
573 0.039
574 0.048
575 0.039
576 0.039
577 0.039
578 0.039
579 0.039
580 0.035
581 0.059
582 0.039
583 0.059
584 0.04
585 0.043
586 0.039
587 0.039
588 0.04
589 0.039
590 0.068
591 0.039
592 0.059
593 0.039
594 0.06
595 0.039
596 0.055
597 0.039
598 0.043
599 0.043
600 0.039
601 0.048
602 0.04
603 0.056
604 0.04
605 0.04
606 0.052
607 0.04
608 0.056
609 0.04
610 0.039
611 0.056
612 0.039
613 0.056
614 0.052
615 0.04
616 0.056
617 0.043
618 0.039
619 0.055
620 0.039
621 0.04
622 0.056
623 0.039
624 0.043
625 0.056
626 0.044
627 0.039
628 0.056
629 0.04
630 0.043
631 0.056
632 0.052
633 0.043
634 0.055
635 0.051
636 0.043
637 0.039
638 0.056
639 0.048
640 0.044
641 0.043
642 0.055
643 0.052
644 0.043
645 0.043
646 0.056
647 0.048
648 0.043
649 0.043
650 0.055
651 0.051
652 0.044
653 0.039
654 0.043
655 0.056
656 0.052
657 0.043
658 0.039
659 0.043
660 0.055
661 0.051
662 0.043
663 0.043
664 0.043
665 0.055
666 0.051
667 0.055
668 0.044
669 0.043
670 0.043
671 0.043
672 0.055
673 0.052
674 0.056
675 0.052
676 0.043
677 0.043
678 0.043
679 0.044
680 0.059
681 0.056
682 0.052
683 0.052
684 0.052
685 0.056
686 0.048
687 0.043
688 0.043
689 0.043
690 0.043
691 0.043
692 0.043
693 0.06
694 0.052
695 0.055
696 0.055
697 0.056
698 0.051
699 0.056
700 0.055
701 0.056
702 0.055
703 0.056
704 0.052
705 0.056
706 0.052
707 0.052
708 0.056
709 0.056
710 0.056
711 0.055
712 0.056
713 0.056
714 0.063
715 0.056
716 0.052
717 0.056
718 0.048
719 0.043
720 0.048
721 0.043
722 0.048
723 0.048
724 0.043
725 0.048
726 0.059
727 0.056
728 0.056
729 0.056
730 0.055
731 0.048
732 0.048
733 0.048
734 0.048
735 0.052
736 0.059
737 0.056
738 0.056
739 0.055
740 0.048
741 0.048
742 0.048
743 0.059
744 0.056
745 0.055
746 0.048
747 0.048
748 0.048
749 0.059
750 0.055
751 0.059
752 0.048
753 0.048
754 0.068
755 0.056
756 0.059
757 0.048
758 0.048
759 0.06
760 0.056
761 0.06
762 0.048
763 0.048
764 0.06
765 0.056
766 0.048
767 0.048
768 0.059
769 0.055
770 0.048
771 0.048
772 0.06
773 0.06
774 0.048
775 0.06
776 0.059
777 0.048
778 0.051
779 0.063
780 0.052
781 0.048
782 0.063
783 0.06
784 0.052
785 0.06
786 0.056
787 0.052
788 0.064
789 0.06
790 0.052
791 0.059
792 0.059
793 0.051
794 0.063
795 0.048
796 0.048
797 0.064
798 0.048
799 0.059
800 0.059
801 0.052
802 0.059
803 0.048
804 0.06
805 0.06
806 0.052
807 0.063
808 0.048
809 0.06
810 0.06
811 0.052
812 0.064
813 0.052
814 0.059
815 0.052
816 0.063
817 0.052
818 0.059
819 0.059
820 0.052
821 0.06
822 0.048
823 0.075
824 0.048
825 0.067
826 0.052
827 0.08
828 0.048
829 0.076
830 0.051
831 0.064
832 0.051
833 0.067
834 0.052
835 0.063
836 0.052
837 0.067
838 0.056
839 0.067
840 0.06
841 0.048
842 0.067
843 0.052
844 0.067
845 0.052
846 0.067
847 0.056
848 0.052
849 0.06
850 0.052
851 0.067
852 0.052
853 0.067
854 0.063
855 0.052
856 0.067
857 0.052
858 0.075
859 0.06
860 0.052
861 0.064
862 0.063
863 0.052
864 0.072
865 0.059
866 0.052
867 0.067
868 0.056
869 0.052
870 0.06
871 0.056
872 0.052
873 0.064
874 0.064
875 0.056
876 0.067
877 0.063
878 0.052
879 0.072
880 0.067
881 0.055
882 0.052
883 0.063
884 0.063
885 0.052
886 0.072
887 0.067
888 0.056
889 0.055
890 0.063
891 0.067
892 0.06
893 0.052
894 0.064
895 0.067
896 0.064
897 0.055
898 0.055
899 0.063
900 0.067
901 0.059
902 0.052
903 0.063
904 0.072
905 0.067
906 0.06
907 0.055
908 0.052
909 0.064
910 0.067
911 0.063
912 0.052
913 0.052
914 0.056
915 0.068
916 0.068
917 0.067
918 0.064
919 0.056
920 0.055
921 0.055
922 0.072
923 0.067
924 0.079
925 0.076
926 0.072
927 0.072
928 0.055
929 0.056
930 0.051
931 0.055
932 0.067
933 0.08
934 0.072
935 0.072
936 0.072
937 0.072
938 0.064
939 0.063
940 0.063
941 0.067
942 0.056
943 0.056
944 0.055
945 0.055
946 0.055
947 0.055
948 0.056
949 0.056
950 0.056
951 0.059
952 0.055
953 0.06
954 0.056
955 0.059
956 0.056
957 0.055
958 0.059
959 0.056
960 0.056
961 0.056
962 0.059
963 0.063
964 0.067
965 0.067
966 0.068
967 0.067
968 0.072
969 0.072
970 0.072
971 0.075
972 0.072
973 0.056
974 0.056
975 0.059
976 0.056
977 0.067
978 0.064
979 0.072
980 0.072
981 0.072
982 0.076
983 0.055
984 0.056
985 0.067
986 0.067
987 0.072
988 0.072
989 0.072
990 0.059
991 0.06
992 0.067
993 0.072
994 0.072
995 0.075
996 0.059
997 0.06
998 0.072
999 0.072
1000 0.072