1 0.003
2 0.004
3 0.004
4 0.004
5 0.003
6 0.004
7 0.004
8 0.007
9 0.004
10 0.004
11 0.008
12 0.
13 0.007
14 0.008
15 0.008
16 0.004
17 0.004
18 0.008
19 0.008
20 0.007
21 0.008
22 0.008
23 0.004
24 0.007
25 0.008
26 0.012
27 0.008
28 0.007
29 0.007
30 0.008
31 0.008
32 0.008
33 0.007
34 0.008
35 0.008
36 0.008
37 0.008
38 0.008
39 0.008
40 0.008
41 0.016
42 0.012
43 0.008
44 0.012
45 0.011
46 0.012
47 0.012
48 0.012
49 0.012
50 0.011
51 0.015
52 0.008
53 0.008
54 0.012
55 0.012
56 0.012
57 0.011
58 0.011
59 0.012
60 0.019
61 0.012
62 0.016
63 0.012
64 0.011
65 0.015
66 0.011
67 0.012
68 0.011
69 0.012
70 0.012
71 0.011
72 0.015
73 0.011
74 0.024
75 0.012
76 0.019
77 0.015
78 0.011
79 0.012
80 0.015
81 0.016
82 0.012
83 0.019
84 0.015
85 0.015
86 0.016
87 0.011
88 0.019
89 0.016
90 0.015
91 0.016
92 0.015
93 0.032
94 0.015
95 0.019
96 0.019
97 0.02
98 0.016
99 0.019
100 0.019
101 0.019
102 0.015
103 0.019
104 0.019
105 0.019
106 0.019
107 0.019
108 0.019
109 0.019
110 0.019
111 0.027
112 0.019
113 0.024
114 0.019
115 0.019
116 0.024
117 0.019
118 0.027
119 0.024
120 0.02
121 0.019
122 0.035
123 0.024
124 0.024
125 0.024
126 0.024
127 0.032
128 0.02
129 0.024
130 0.024
131 0.024
132 0.035
133 0.024
134 0.024
135 0.024
136 0.024
137 0.035
138 0.031
139 0.024
140 0.024
141 0.028
142 0.024
143 0.024
144 0.035
145 0.028
146 0.024
147 0.027
148 0.024
149 0.024
150 0.028
151 0.028
152 0.024
153 0.036
154 0.032
155 0.032
156 0.032
157 0.028
158 0.028
159 0.028
160 0.024
161 0.028
162 0.028
163 0.027
164 0.028
165 0.028
166 0.028
167 0.028
168 0.028
169 0.027
170 0.028
171 0.032
172 0.028
173 0.028
174 0.027
175 0.028
176 0.032
177 0.028
178 0.028
179 0.031
180 0.028
181 0.032
182 0.028
183 0.028
184 0.031
185 0.031
186 0.035
187 0.036
188 0.035
189 0.035
190 0.036
191 0.028
192 0.028
193 0.032
194 0.031
195 0.031
196 0.032
197 0.04
198 0.035
199 0.032
200 0.031
201 0.032
202 0.031
203 0.032
204 0.04
205 0.039
206 0.032
207 0.035
208 0.032
209 0.032
210 0.043
211 0.04
212 0.031
213 0.032
214 0.032
215 0.043
216 0.043
217 0.036
218 0.035
219 0.035
220 0.048
221 0.036
222 0.035
223 0.032
224 0.043
225 0.031
226 0.036
227 0.035
228 0.048
229 0.036
230 0.035
231 0.043
232 0.035
233 0.036
234 0.036
235 0.048
236 0.035
237 0.036
238 0.048
239 0.036
240 0.035
241 0.048
242 0.035
243 0.036
244 0.048
245 0.036
246 0.035
247 0.048
248 0.039
249 0.048
250 0.035
251 0.039
252 0.048
253 0.039
254 0.048
255 0.039
256 0.039
257 0.048
258 0.039
259 0.048
260 0.035
261 0.039
262 0.052
263 0.039
264 0.052
265 0.04
266 0.048
267 0.039
268 0.048
269 0.04
270 0.048
271 0.039
272 0.039
273 0.039
274 0.039
275 0.039
276 0.039
277 0.039
278 0.048
279 0.039
280 0.048
281 0.039
282 0.048
283 0.043
284 0.052
285 0.043
286 0.052
287 0.043
288 0.052
289 0.044
290 0.043
291 0.048
292 0.044
293 0.052
294 0.043
295 0.051
296 0.052
297 0.039
298 0.052
299 0.039
300 0.043
301 0.048
302 0.039
303 0.052
304 0.043
305 0.043
306 0.052
307 0.043
308 0.043
309 0.052
310 0.044
311 0.043
312 0.052
313 0.048
314 0.043
315 0.052
316 0.055
317 0.043
318 0.056
319 0.059
320 0.048
321 0.043
322 0.048
323 0.06
324 0.048
325 0.043
326 0.056
327 0.048
328 0.048
329 0.043
330 0.064
331 0.063
332 0.048
333 0.043
334 0.052
335 0.063
336 0.048
337 0.048
338 0.048
339 0.059
340 0.056
341 0.051
342 0.048
343 0.048
344 0.059
345 0.059
346 0.059
347 0.048
348 0.052
349 0.048
350 0.052
351 0.051
352 0.063
353 0.063
354 0.059
355 0.048
356 0.052
357 0.048
358 0.048
359 0.055
360 0.063
361 0.063
362 0.063
363 0.063
364 0.064
365 0.052
366 0.052
367 0.052
368 0.052
369 0.052
370 0.051
371 0.052
372 0.051
373 0.052
374 0.052
375 0.059
376 0.064
377 0.063
378 0.063
379 0.064
380 0.063
381 0.067
382 0.06
383 0.06
384 0.052
385 0.052
386 0.056
387 0.056
388 0.056
389 0.052
390 0.056
391 0.056
392 0.052
393 0.056
394 0.064
395 0.063
396 0.063
397 0.063
398 0.063
399 0.063
400 0.056
401 0.056
402 0.056
403 0.055
404 0.063
405 0.067
406 0.067
407 0.067
408 0.063
409 0.055
410 0.056
411 0.063
412 0.068
413 0.063
414 0.064
415 0.059
416 0.056
417 0.063
418 0.067
419 0.067
420 0.067
421 0.059
422 0.06
423 0.063
424 0.067
425 0.06
426 0.06
427 0.063
428 0.067
429 0.072
430 0.059
431 0.063
432 0.067
433 0.067
434 0.059
435 0.067
436 0.067
437 0.06
438 0.059
439 0.067
440 0.072
441 0.06
442 0.067
443 0.067
444 0.063
445 0.067
446 0.072
447 0.063
448 0.063
449 0.072
450 0.064
451 0.068
452 0.072
453 0.059
454 0.067
455 0.072
456 0.059
457 0.072
458 0.076
459 0.067
460 0.072
461 0.059
462 0.067
463 0.072
464 0.067
465 0.072
466 0.063
467 0.072
468 0.072
469 0.067
470 0.076
471 0.063
472 0.075
473 0.064
474 0.08
475 0.063
476 0.079
477 0.084
478 0.072
479 0.08
480 0.072
481 0.08
482 0.072
483 0.084
484 0.072
485 0.083
486 0.076
487 0.076
488 0.072
489 0.08
490 0.072
491 0.063
492 0.076
493 0.064
494 0.08
495 0.067
496 0.08
497 0.072
498 0.079
499 0.072
500 0.068
501 0.08
502 0.072
503 0.083
504 0.072
505 0.067
506 0.076
507 0.072
508 0.079
509 0.076
510 0.067
511 0.079
512 0.076
513 0.067
514 0.08
515 0.072
516 0.071
517 0.084
518 0.076
519 0.072
520 0.079
521 0.076
522 0.067
523 0.079
524 0.079
525 0.067
526 0.079
527 0.08
528 0.076
529 0.084
530 0.076
531 0.079
532 0.067
533 0.079
534 0.076
535 0.079
536 0.067
537 0.084
538 0.076
539 0.076
540 0.079
541 0.08
542 0.076
543 0.079
544 0.08
545 0.076
546 0.08
547 0.079
548 0.079
549 0.079
550 0.079
551 0.072
552 0.084
553 0.079
554 0.083
555 0.084
556 0.079
557 0.071
558 0.084
559 0.079
560 0.08
561 0.08
562 0.08
563 0.079
564 0.084
565 0.072
566 0.087
567 0.084
568 0.084
569 0.084
570 0.08
571 0.084
572 0.08
573 0.083
574 0.084
575 0.079
576 0.084
577 0.084
578 0.075
579 0.075
580 0.076
581 0.088
582 0.083
583 0.084
584 0.084
585 0.083
586 0.084
587 0.083
588 0.084
589 0.084
590 0.087
591 0.084
592 0.083
593 0.087
594 0.079
595 0.076
596 0.076
597 0.087
598 0.084
599 0.087
600 0.088
601 0.084
602 0.084
603 0.083
604 0.087
605 0.084
606 0.087
607 0.087
608 0.087
609 0.076
610 0.092
611 0.087
612 0.087
613 0.087
614 0.087
615 0.087
616 0.087
617 0.079
618 0.087
619 0.087
620 0.087
621 0.088
622 0.087
623 0.083
624 0.087
625 0.087
626 0.087
627 0.092
628 0.087
629 0.091
630 0.087
631 0.092
632 0.088
633 0.092
634 0.091
635 0.091
636 0.087
637 0.087
638 0.087
639 0.087
640 0.091
641 0.092
642 0.087
643 0.087
644 0.092
645 0.092
646 0.091
647 0.091
648 0.092
649 0.087
650 0.092
651 0.096
652 0.087
653 0.087
654 0.092
655 0.084
656 0.092
657 0.092
658 0.087
659 0.092
660 0.091
661 0.092
662 0.091
663 0.096
664 0.091
665 0.092
666 0.096
667 0.091
668 0.091
669 0.092
670 0.091
671 0.096
672 0.096
673 0.092
674 0.092
675 0.096
676 0.092
677 0.092
678 0.096
679 0.092
680 0.096
681 0.092
682 0.096
683 0.092
684 0.096
685 0.1
686 0.096
687 0.096
688 0.096
689 0.096
690 0.096
691 0.096
692 0.096
693 0.096
694 0.092
695 0.096
696 0.1
697 0.1
698 0.099
699 0.091
700 0.096
701 0.091
702 0.099
703 0.099
704 0.096
705 0.104
706 0.104
707 0.112
708 0.103
709 0.099
710 0.108
711 0.1
712 0.104
713 0.099
714 0.1
715 0.104
716 0.1
717 0.104
718 0.099
719 0.096
720 0.099
721 0.1
722 0.1
723 0.1
724 0.096
725 0.099
726 0.1
727 0.099
728 0.099
729 0.099
730 0.1
731 0.099
732 0.104
733 0.104
734 0.1
735 0.107
736 0.104
737 0.107
738 0.104
739 0.104
740 0.096
741 0.108
742 0.104
743 0.099
744 0.096
745 0.107
746 0.099
747 0.104
748 0.099
749 0.099
750 0.104
751 0.104
752 0.1
753 0.099
754 0.108
755 0.103
756 0.108
757 0.104
758 0.104
759 0.099
760 0.107
761 0.107
762 0.107
763 0.104
764 0.099
765 0.1
766 0.112
767 0.104
768 0.107
769 0.107
770 0.104
771 0.104
772 0.104
773 0.104
774 0.107
775 0.111
776 0.104
777 0.112
778 0.112
779 0.112
780 0.107
781 0.104
782 0.104
783 0.107
784 0.107
785 0.107
786 0.104
787 0.104
788 0.104
789 0.104
790 0.115
791 0.112
792 0.112
793 0.111
794 0.115
795 0.111
796 0.116
797 0.115
798 0.115
799 0.12
800 0.107
801 0.104
802 0.115
803 0.115
804 0.115
805 0.115
806 0.115
807 0.115
808 0.127
809 0.124
810 0.124
811 0.119
812 0.119
813 0.119
814 0.12
815 0.119
816 0.112
817 0.112
818 0.112
819 0.111
820 0.115
821 0.115
822 0.115
823 0.119
824 0.119
825 0.112
826 0.112
827 0.112
828 0.12
829 0.119
830 0.12
831 0.112
832 0.115
833 0.112
834 0.119
835 0.124
836 0.115
837 0.119
838 0.108
839 0.119
840 0.119
841 0.115
842 0.115
843 0.119
844 0.119
845 0.12
846 0.115
847 0.115
848 0.119
849 0.12
850 0.12
851 0.12
852 0.124
853 0.115
854 0.115
855 0.119
856 0.124
857 0.115
858 0.119
859 0.124
860 0.12
861 0.116
862 0.123
863 0.115
864 0.115
865 0.124
866 0.119
867 0.12
868 0.124
869 0.116
870 0.12
871 0.124
872 0.12
873 0.119
874 0.12
875 0.119
876 0.124
877 0.12
878 0.119
879 0.124
880 0.12
881 0.124
882 0.12
883 0.124
884 0.124
885 0.119
886 0.124
887 0.119
888 0.127
889 0.119
890 0.124
891 0.124
892 0.124
893 0.119
894 0.124
895 0.119
896 0.12
897 0.128
898 0.132
899 0.12
900 0.132
901 0.124
902 0.131
903 0.124
904 0.135
905 0.124
906 0.127
907 0.119
908 0.127
909 0.124
910 0.127
911 0.124
912 0.131
913 0.124
914 0.124
915 0.127
916 0.124
917 0.132
918 0.124
919 0.132
920 0.124
921 0.124
922 0.132
923 0.124
924 0.123
925 0.132
926 0.123
927 0.132
928 0.124
929 0.124
930 0.135
931 0.127
932 0.124
933 0.135
934 0.124
935 0.124
936 0.132
937 0.124
938 0.128
939 0.132
940 0.124
941 0.127
942 0.127
943 0.132
944 0.124
945 0.127
946 0.131
947 0.128
948 0.127
949 0.124
950 0.132
951 0.127
952 0.131
953 0.127
954 0.136
955 0.135
956 0.127
957 0.127
958 0.135
959 0.132
960 0.127
961 0.127
962 0.131
963 0.131
964 0.135
965 0.131
966 0.127
967 0.127
968 0.128
969 0.135
970 0.135
971 0.132
972 0.132
973 0.132
974 0.132
975 0.135
976 0.135
977 0.132
978 0.135
979 0.132
980 0.132
981 0.132
982 0.132
983 0.128
984 0.144
985 0.144
986 0.147
987 0.144
988 0.152
989 0.148
990 0.132
991 0.131
992 0.132
993 0.132
994 0.136
995 0.132
996 0.132
997 0.132
998 0.131
999 0.131
1000 0.136