1 0.
2 0.
3 0.004
4 0.
5 0.004
6 0.
7 0.003
8 0.004
9 0.008
10 0.003
11 0.004
12 0.004
13 0.008
14 0.008
15 0.008
16 0.012
17 0.011
18 0.016
19 0.012
20 0.016
21 0.016
22 0.016
23 0.019
24 0.02
25 0.019
26 0.024
27 0.024
28 0.027
29 0.028
30 0.027
31 0.028
32 0.032
33 0.035
34 0.036
35 0.035
36 0.04
37 0.04
38 0.044
39 0.043
40 0.043
41 0.047
42 0.052
43 0.051
44 0.06
45 0.059
46 0.06
47 0.064
48 0.064
49 0.067
50 0.067
51 0.072
52 0.076
53 0.08
54 0.08
55 0.083
56 0.087
57 0.092
58 0.092
59 0.096
60 0.096
61 0.103
62 0.108
63 0.108
64 0.112
65 0.115
66 0.119
67 0.124
68 0.124
69 0.128
70 0.131
71 0.14
72 0.14
73 0.143
74 0.148
75 0.151
76 0.156
77 0.16
78 0.167
79 0.167
80 0.172
81 0.179
82 0.184
83 0.192
84 0.191
85 0.204
86 0.204
87 0.224
88 0.219
89 0.216
90 0.231
91 0.227
92 0.227
93 0.24
94 0.227
95 0.236
96 0.243
97 0.248
98 0.251
99 0.256
100 0.268
101 0.268
102 0.275
103 0.279
104 0.26
105 0.267
106 0.272
107 0.271
108 0.295
109 0.292
110 0.307
111 0.303
112 0.315
113 0.327
114 0.332
115 0.332
116 0.32
117 0.332
118 0.335
119 0.344
120 0.347
121 0.356
122 0.355
123 0.364
124 0.371
125 0.371
126 0.379
127 0.383
128 0.391
129 0.42
130 0.431
131 0.435
132 0.435
133 0.487
134 0.483
135 0.483
136 0.488
137 0.503
138 0.504
139 0.507
140 0.516
141 0.516
142 0.532
143 0.539
144 0.56
145 0.588
146 0.579
147 0.615
148 0.591
149 0.596
150 0.6
151 0.599
152 0.607
153 0.615
154 0.619
155 0.631
156 0.648
157 0.676
158 0.687
159 0.704
160 0.696
161 0.687
162 0.7
163 0.699
164 0.707
165 0.712
166 0.719
167 0.76
168 0.775
169 0.788
170 0.783
171 0.768
172 0.771
173 0.795
174 0.792
175 0.804
176 0.811
177 0.868
178 0.871
179 0.792
180 0.775
181 0.78
182 0.788
183 0.792
184 0.795
185 0.812
186 0.831
187 0.868
188 0.884
189 0.864
190 0.859
191 0.867
192 0.876
193 0.879
194 0.896
195 0.956
196 0.943
197 0.94
198 0.931
199 0.94
200 0.943
201 0.952
202 0.963
203 1.012
204 1.043
205 1.007
206 1.007
207 1.016
208 1.019
209 1.031
210 1.096
211 1.087
212 1.08
213 1.075
214 1.084
215 1.087
216 1.1
217 1.179
218 1.164
219 1.14
220 1.14
221 1.152
222 1.159
223 1.212
224 1.247
225 1.195
226 1.212
227 1.215
228 1.219
229 1.284
230 1.307
231 1.263
232 1.264
233 1.275
234 1.311
235 1.368
236 1.331
237 1.316
238 1.331
239 1.331
240 1.404
241 1.435
242 1.379
243 1.391
244 1.387
245 1.472
246 1.468
247 1.436
248 1.451
249 1.448
250 1.508
251 1.551
252 1.496
253 1.5
254 1.508
255 1.599
256 1.584
257 1.551
258 1.564
259 1.579
260 1.664
261 1.627
262 1.611
263 1.616
264 1.695
265 1.687
266 1.664
267 1.671
268 1.704
269 1.783
270 1.716
271 1.727
272 1.731
273 1.816
274 1.799
275 1.768
276 1.776
277 1.876
278 1.835
279 1.819
280 1.828
281 1.911
282 1.915
283 1.872
284 1.876
285 1.975
286 1.939
287 1.927
288 1.939
289 2.06
290 1.972
291 1.975
292 2.027
293 2.088
294 2.024
295 2.027
296 2.151
297 2.076
298 2.071
299 2.156
300 2.143
301 2.115
302 2.135
303 2.244
304 2.168
305 2.171
306 2.28
307 2.219
308 2.211
309 2.3
310 2.276
311 2.255
312 2.311
313 2.356
314 2.303
315 2.348
316 2.408
317 2.348
318 2.372
319 2.468
320 2.391
321 2.408
322 2.536
323 2.475
324 2.483
325 2.6
326 2.503
327 2.508
328 2.64
329 2.539
330 2.556
331 2.683
332 2.596
333 2.591
334 2.735
335 2.624
336 2.651
337 2.788
338 2.672
339 2.699
340 2.84
341 2.731
342 2.764
343 2.872
344 2.779
345 2.815
346 2.903
347 2.831
348 2.884
349 2.939
350 2.879
351 2.984
352 2.931
353 2.924
354 3.075
355 2.948
356 3.007
357 3.072
358 3.
359 3.103
360 3.092
361 3.048
362 3.208
363 3.091
364 3.136
365 3.231
366 3.144
367 3.267
368 3.196
369 3.211
370 3.315
371 3.232
372 3.351
373 3.275
374 3.308
375 3.395
376 3.315
377 3.456
378 3.36
379 3.451
380 3.42
381 3.419
382 3.54
383 3.439
384 3.572
385 3.483
386 3.592
387 3.528
388 3.567
389 3.627
390 3.568
391 3.704
392 3.596
393 3.732
394 3.644
395 3.775
396 3.668
397 3.8
398 3.72
399 3.827
400 3.768
401 3.843
402 3.824
403 3.836
404 3.92
405 3.851
406 3.984
407 3.876
408 4.008
409 4.259
410 4.056
411 3.915
412 4.087
413 3.995
414 4.392
415 3.943
416 4.159
417 4.06
418 4.196
419 4.095
420 4.496
421 4.163
422 4.367
423 4.216
424 4.399
425 4.663
426 4.46
427 4.283
428 4.487
429 4.396
430 4.843
431 4.348
432 4.591
433 4.463
434 4.608
435 4.891
436 4.631
437 4.568
438 4.699
439 4.608
440 4.751
441 4.644
442 4.807
443 4.692
444 4.86
445 4.719
446 5.672
447 5.863
448 5.6
449 5.432
450 5.668
451 5.587
452 5.663
453 5.696
454 5.683
455 5.772
456 5.683
457 5.836
458 5.727
459 5.895
460 5.752
461 5.947
462 5.831
463 6.
464 5.927
465 5.987
466 6.059
467 5.972
468 6.115
469 6.019
470 6.139
471 6.131
472 6.148
473 6.251
474 6.128
475 6.299
476 6.18
477 6.355
478 6.367
479 6.276
480 6.419
481 6.299
482 6.475
483 6.451
484 6.36
485 6.563
486 6.42
487 6.595
488 6.552
489 6.611
490 6.7
491 6.587
492 6.711
493 6.708
494 6.731
495 6.839
496 6.72
497 6.899
498 6.819
499 6.895
500 6.98
501 6.859
502 7.052
503 6.991
504 7.067
505 7.127
506 7.02
507 7.207
508 7.1
509 7.231
510 7.268
511 7.175
512 7.347
513 7.244
514 7.339
515 7.395
516 7.283
517 7.484
518 7.391
519 7.488
520 7.556
521 7.46
522 7.607
523 7.619
524 7.516
525 7.672
526 7.695
527 7.6
528 7.768
529 7.715
530 7.731
531 7.847
532 8.316
533 7.672
534 7.971
535 7.983
536 7.916
537 8.059
538 8.483
539 7.956
540 8.096
541 8.211
542 8.668
543 8.031
544 8.276
545 8.704
546 8.179
547 8.263
548 8.384
549 8.792
550 8.351
551 8.388
552 8.511
553 8.888
554 8.556
555 8.46
556 8.663
557 8.695
558 9.14
559 8.74
560 8.748
561 9.192
562 8.811
563 8.839
564 8.796
565 8.907
566 8.98
567 8.896
568 9.035
569 9.056
570 9.519
571 9.015
572 9.192
573 9.676
574 8.991
575 9.243
576 9.304
577 9.771
578 9.159
579 9.392
580 9.755
581 9.375
582 9.292
583 9.523
584 9.543
585 10.
586 9.463
587 9.635
588 9.672
589 10.155
590 9.584
591 9.784
592 10.235
593 9.74
594 9.711
595 9.935
596 9.951
597 10.488
598 9.816
599 10.04
600 10.099