1 0.204
2 0.196
3 0.199
4 0.199
5 0.215
6 0.208
7 0.207
8 0.208
9 0.208
10 0.207
11 0.211
12 0.216
13 0.207
14 0.216
15 0.215
16 0.216
17 0.211
18 0.215
19 0.216
20 0.215
21 0.216
22 0.215
23 0.216
24 0.211
25 0.22
26 0.215
27 0.22
28 0.215
29 0.22
30 0.215
31 0.215
32 0.216
33 0.224
34 0.223
35 0.228
36 0.219
37 0.232
38 0.223
39 0.231
40 0.22
41 0.228
42 0.223
43 0.231
44 0.22
45 0.231
46 0.224
47 0.215
48 0.224
49 0.231
50 0.227
51 0.224
52 0.227
53 0.228
54 0.228
55 0.228
56 0.228
57 0.223
58 0.231
59 0.236
60 0.236
61 0.236
62 0.24
63 0.228
64 0.231
65 0.244
66 0.231
67 0.231
68 0.248
69 0.227
70 0.231
71 0.24
72 0.235
73 0.236
74 0.24
75 0.248
76 0.236
77 0.231
78 0.24
79 0.236
80 0.243
81 0.236
82 0.24
83 0.248
84 0.24
85 0.24
86 0.24
87 0.248
88 0.236
89 0.243
90 0.248
91 0.235
92 0.248
93 0.251
94 0.248
95 0.247
96 0.252
97 0.247
98 0.256
99 0.251
100 0.259
101 0.259
102 0.256
103 0.251
104 0.248
105 0.251
106 0.251
107 0.264
108 0.263
109 0.259
110 0.263
111 0.264
112 0.259
113 0.259
114 0.259
115 0.259
116 0.263
117 0.268
118 0.263
119 0.271
120 0.264
121 0.263
122 0.271
123 0.268
124 0.268
125 0.271
126 0.268
127 0.271
128 0.272
129 0.268
130 0.275
131 0.272
132 0.271
133 0.276
134 0.271
135 0.268
136 0.271
137 0.264
138 0.275
139 0.276
140 0.276
141 0.275
142 0.276
143 0.271
144 0.272
145 0.279
146 0.275
147 0.284
148 0.271
149 0.268
150 0.275
151 0.284
152 0.276
153 0.283
154 0.276
155 0.288
156 0.275
157 0.279
158 0.279
159 0.276
160 0.279
161 0.279
162 0.276
163 0.284
164 0.279
165 0.275
166 0.284
167 0.284
168 0.279
169 0.283
170 0.288
171 0.288
172 0.287
173 0.288
174 0.288
175 0.283
176 0.296
177 0.287
178 0.288
179 0.292
180 0.288
181 0.291
182 0.296
183 0.288
184 0.296
185 0.291
186 0.296
187 0.292
188 0.295
189 0.296
190 0.288
191 0.295
192 0.291
193 0.296
194 0.304
195 0.307
196 0.3
197 0.315
198 0.296
199 0.316
200 0.296
201 0.319
202 0.295
203 0.323
204 0.307
205 0.328
206 0.311
207 0.316
208 0.316
209 0.307
210 0.311
211 0.299
212 0.307
213 0.307
214 0.316
215 0.307
216 0.307
217 0.311
218 0.316
219 0.304
220 0.315
221 0.312
222 0.311
223 0.316
224 0.307
225 0.319
226 0.316
227 0.311
228 0.316
229 0.307
230 0.319
231 0.312
232 0.323
233 0.316
234 0.304
235 0.32
236 0.315
237 0.324
238 0.312
239 0.327
240 0.319
241 0.327
242 0.319
243 0.319
244 0.324
245 0.316
246 0.324
247 0.323
248 0.328
249 0.319
250 0.327
251 0.331
252 0.316
253 0.319
254 0.327
255 0.324
256 0.327
257 0.323
258 0.327
259 0.324
260 0.327
261 0.316
262 0.331
263 0.332
264 0.332
265 0.331
266 0.332
267 0.332
268 0.324
269 0.336
270 0.331
271 0.336
272 0.332
273 0.327
274 0.336
275 0.327
276 0.332
277 0.331
278 0.336
279 0.331
280 0.339
281 0.332
282 0.332
283 0.339
284 0.336
285 0.343
286 0.34
287 0.339
288 0.336
289 0.339
290 0.339
291 0.344
292 0.344
293 0.34
294 0.339
295 0.344
296 0.344
297 0.339
298 0.347
299 0.339
300 0.347
301 0.34
302 0.344
303 0.347
304 0.347
305 0.348
306 0.344
307 0.351
308 0.34
309 0.352
310 0.344
311 0.348
312 0.339
313 0.355
314 0.347
315 0.347
316 0.352
317 0.347
318 0.359
319 0.348
320 0.355
321 0.347
322 0.364
323 0.352
324 0.352
325 0.352
326 0.355
327 0.355
328 0.352
329 0.359
330 0.355
331 0.355
332 0.355
333 0.364
334 0.352
335 0.359
336 0.355
337 0.368
338 0.355
339 0.364
340 0.375
341 0.364
342 0.376
343 0.375
344 0.363
345 0.384
346 0.364
347 0.392
348 0.38
349 0.372
350 0.391
351 0.372
352 0.38
353 0.367
354 0.375
355 0.364
356 0.38
357 0.364
358 0.372
359 0.364
360 0.375
361 0.367
362 0.375
363 0.364
364 0.38
365 0.36
366 0.379
367 0.372
368 0.367
369 0.372
370 0.371
371 0.367
372 0.372
373 0.372
374 0.388
375 0.371
376 0.392
377 0.372
378 0.384
379 0.387
380 0.375
381 0.375
382 0.384
383 0.375
384 0.384
385 0.384
386 0.375
387 0.392
388 0.384
389 0.384
390 0.379
391 0.388
392 0.384
393 0.384
394 0.379
395 0.391
396 0.384
397 0.384
398 0.384
399 0.392
400 0.38
401 0.379
402 0.384
403 0.383
404 0.392
405 0.387
406 0.38
407 0.395
408 0.388
409 0.395
410 0.387
411 0.392
412 0.387
413 0.387
414 0.395
415 0.392
416 0.403
417 0.392
418 0.395
419 0.384
420 0.395
421 0.395
422 0.4
423 0.392
424 0.399
425 0.395
426 0.399
427 0.399
428 0.403
429 0.396
430 0.395
431 0.395
432 0.399
433 0.4
434 0.403
435 0.4
436 0.403
437 0.403
438 0.403
439 0.399
440 0.399
441 0.403
442 0.403
443 0.4
444 0.403
445 0.4
446 0.403
447 0.407
448 0.403
449 0.412
450 0.4
451 0.408
452 0.408
453 0.407
454 0.407
455 0.412
456 0.399
457 0.408
458 0.407
459 0.412
460 0.412
461 0.412
462 0.407
463 0.412
464 0.412
465 0.412
466 0.423
467 0.419
468 0.416
469 0.428
470 0.435
471 0.42
472 0.428
473 0.431
474 0.42
475 0.443
476 0.435
477 0.423
478 0.415
479 0.416
480 0.42
481 0.42
482 0.419
483 0.415
484 0.42
485 0.42
486 0.427
487 0.415
488 0.432
489 0.42
490 0.423
491 0.431
492 0.428
493 0.416
494 0.432
495 0.428
496 0.427
497 0.428
498 0.423
499 0.436
500 0.423
501 0.428
502 0.435
503 0.428
504 0.435
505 0.435
506 0.432
507 0.436
508 0.427
509 0.443
510 0.432
511 0.439
512 0.428
513 0.44
514 0.427
515 0.44
516 0.424
517 0.439
518 0.423
519 0.44
520 0.427
521 0.44
522 0.435
523 0.428
524 0.44
525 0.435
526 0.443
527 0.432
528 0.444
529 0.439
530 0.44
531 0.435
532 0.439
533 0.44
534 0.443
535 0.44
536 0.443
537 0.435
538 0.44
539 0.44
540 0.448
541 0.44
542 0.44
543 0.44
544 0.444
545 0.448
546 0.447
547 0.448
548 0.436
549 0.451
550 0.44
551 0.456
552 0.443
553 0.451
554 0.443
555 0.448
556 0.448
557 0.451
558 0.443
559 0.451
560 0.447
561 0.456
562 0.451
563 0.448
564 0.448
565 0.451
566 0.459
567 0.456
568 0.451
569 0.448
570 0.456
571 0.455
572 0.455
573 0.455
574 0.451
575 0.456
576 0.451
577 0.46
578 0.451
579 0.46
580 0.455
581 0.476
582 0.467
583 0.475
584 0.475
585 0.464
586 0.475
587 0.472
588 0.483
589 0.476
590 0.475
591 0.471
592 0.463
593 0.464
594 0.463
595 0.467
596 0.468
597 0.471
598 0.463
599 0.471
600 0.46
601 0.467
602 0.471
603 0.468
604 0.468
605 0.463
606 0.472
607 0.468
608 0.475
609 0.471
610 0.476
611 0.468
612 0.471
613 0.467
614 0.471
615 0.483
616 0.471
617 0.475
618 0.48
619 0.484
620 0.471
621 0.48
622 0.476
623 0.475
624 0.488
625 0.475
626 0.484
627 0.48
628 0.48
629 0.475
630 0.475
631 0.476
632 0.475
633 0.484
634 0.48
635 0.487
636 0.484
637 0.556
638 0.484
639 0.463
640 0.471
641 0.468
642 0.476
643 0.468
644 0.471
645 0.468
646 0.471
647 0.476
648 0.468
649 0.483
650 0.468
651 0.48
652 0.475
653 0.476
654 0.475
655 0.476
656 0.468
657 0.471
658 0.488
659 0.488
660 0.496
661 0.484
662 0.491
663 0.491
664 0.495
665 0.5
666 0.487
667 0.495
668 0.488
669 0.5
670 0.5
671 0.495
672 0.5
673 0.495
674 0.504
675 0.491
676 0.495
677 0.504
678 0.496
679 0.5
680 0.496
681 0.507
682 0.5
683 0.5
684 0.504
685 0.5
686 0.516
687 0.511
688 0.528
689 0.515
690 0.504
691 0.519
692 0.519
693 0.528
694 0.523
695 0.519
696 0.511
697 0.5
698 0.511
699 0.508
700 0.507
701 0.516
702 0.508
703 0.516
704 0.511
705 0.507
706 0.508
707 0.511
708 0.508
709 0.511
710 0.519
711 0.511
712 0.511
713 0.519
714 0.508
715 0.519
716 0.508
717 0.519
718 0.519
719 0.511
720 0.527
721 0.511
722 0.527
723 0.524
724 0.511
725 0.523
726 0.511
727 0.523
728 0.519
729 0.519
730 0.528
731 0.519
732 0.528
733 0.511
734 0.519
735 0.523
736 0.528
737 0.528
738 0.524
739 0.524
740 0.528
741 0.519
742 0.523
743 0.528
744 0.519
745 0.536
746 0.515
747 0.536
748 0.519
749 0.532
750 0.519
751 0.528
752 0.528
753 0.531
754 0.528
755 0.531
756 0.524
757 0.54
758 0.523
759 0.528
760 0.528
761 0.535
762 0.532
763 0.528
764 0.536
765 0.539
766 0.531
767 0.539
768 0.532
769 0.536
770 0.54
771 0.531
772 0.539
773 0.532
774 0.539
775 0.539
776 0.536
777 0.544
778 0.528
779 0.54
780 0.548
781 0.536
782 0.548
783 0.559
784 0.539
785 0.551
786 0.551
787 0.552
788 0.572
789 0.564
790 0.556
791 0.556
792 0.544
793 0.556
794 0.556
795 0.543
796 0.551
797 0.548
798 0.544
799 0.551
800 0.548
801 0.548
802 0.556
803 0.539
804 0.548
805 0.559
806 0.548
807 0.556
808 0.556
809 0.548
810 0.559
811 0.556
812 0.552
813 0.559
814 0.559
815 0.556
816 0.551
817 0.551
818 0.559
819 0.552
820 0.559
821 0.56
822 0.556
823 0.556
824 0.556
825 0.56
826 0.563
827 0.556
828 0.567
829 0.556
830 0.552
831 0.559
832 0.563
833 0.56
834 0.563
835 0.551
836 0.572
837 0.559
838 0.564
839 0.564
840 0.567
841 0.571
842 0.564
843 0.56
844 0.572
845 0.571
846 0.563
847 0.567
848 0.556
849 0.567
850 0.572
851 0.567
852 0.571
853 0.563
854 0.567
855 0.571
856 0.567
857 0.572
858 0.567
859 0.576
860 0.571
861 0.567
862 0.579
863 0.571
864 0.568
865 0.579
866 0.564
867 0.572
868 0.576
869 0.575
870 0.58
871 0.572
872 0.567
873 0.596
874 0.592
875 0.587
876 0.587
877 0.576
878 0.599
879 0.6
880 0.592
881 0.599
882 0.583
883 0.587
884 0.596
885 0.579
886 0.592
887 0.576
888 0.579
889 0.592
890 0.579
891 0.571
892 0.588
893 0.579
894 0.584
895 0.599
896 0.587
897 0.596
898 0.588
899 0.596
900 0.604
901 0.591
902 0.591
903 0.596
904 0.599
905 0.584
906 0.592
907 0.587
908 0.596
909 0.584
910 0.587
911 0.596
912 0.587
913 0.584
914 0.596
915 0.592
916 0.596
917 0.6
918 0.591
919 0.599
920 0.608
921 0.604
922 0.599
923 0.592
924 0.591
925 0.607
926 0.592
927 0.599
928 0.6
929 0.587
930 0.596
931 0.6
932 0.596
933 0.599
934 0.604
935 0.599
936 0.603
937 0.596
938 0.604
939 0.604
940 0.596
941 0.603
942 0.599
943 0.607
944 0.608
945 0.599
946 0.607
947 0.611
948 0.612
949 0.612
950 0.6
951 0.596
952 0.608
953 0.599
954 0.604
955 0.611
956 0.615
957 0.624
958 0.639
959 0.627
960 0.624
961 0.632
962 0.623
963 0.627
964 0.623
965 0.612
966 0.611
967 0.619
968 0.599
969 0.615
970 0.628
971 0.619
972 0.615
973 0.62
974 0.615
975 0.62
976 0.624
977 0.612
978 0.62
979 0.611
980 0.627
981 0.624
982 0.604
983 0.62
984 0.627
985 0.619
986 0.623
987 0.628
988 0.619
989 0.624
990 0.615
991 0.616
992 0.631
993 0.632
994 0.612
995 0.627
996 0.624
997 0.62
998 0.627
999 0.612
1000 0.624