1 0.267
2 0.28
3 0.283
4 0.287
5 0.283
6 0.288
7 0.296
8 0.295
9 0.295
10 0.304
11 0.296
12 0.307
13 0.307
14 0.311
15 0.304
16 0.311
17 0.311
18 0.316
19 0.327
20 0.324
21 0.324
22 0.319
23 0.331
24 0.331
25 0.336
26 0.335
27 0.332
28 0.343
29 0.34
30 0.347
31 0.344
32 0.351
33 0.352
34 0.351
35 0.351
36 0.356
37 0.364
38 0.359
39 0.36
40 0.364
41 0.371
42 0.372
43 0.375
44 0.376
45 0.38
46 0.371
47 0.38
48 0.38
49 0.379
50 0.388
51 0.391
52 0.391
53 0.396
54 0.403
55 0.387
56 0.396
57 0.4
58 0.407
59 0.396
60 0.403
61 0.403
62 0.415
63 0.412
64 0.416
65 0.419
66 0.423
67 0.416
68 0.42
69 0.42
70 0.436
71 0.427
72 0.431
73 0.443
74 0.432
75 0.436
76 0.451
77 0.452
78 0.451
79 0.456
80 0.46
81 0.467
82 0.452
83 0.46
84 0.467
85 0.475
86 0.472
87 0.46
88 0.48
89 0.476
90 0.48
91 0.475
92 0.484
93 0.475
94 0.48
95 0.488
96 0.496
97 0.491
98 0.5
99 0.503
100 0.495
101 0.495
102 0.507
103 0.512
104 0.507
105 0.516
106 0.512
107 0.5
108 0.507
109 0.519
110 0.516
111 0.519
112 0.528
113 0.527
114 0.524
115 0.531
116 0.532
117 0.539
118 0.543
119 0.54
120 0.539
121 0.547
122 0.548
123 0.543
124 0.552
125 0.552
126 0.556
127 0.563
128 0.563
129 0.56
130 0.563
131 0.556
132 0.568
133 0.572
134 0.567
135 0.572
136 0.583
137 0.58
138 0.579
139 0.592
140 0.587
141 0.583
142 0.596
143 0.583
144 0.588
145 0.596
146 0.596
147 0.607
148 0.603
149 0.599
150 0.608
151 0.603
152 0.615
153 0.616
154 0.615
155 0.627
156 0.615
157 0.62
158 0.623
159 0.624
160 0.631
161 0.632
162 0.632
163 0.635
164 0.628
165 0.635
166 0.635
167 0.64
168 0.647
169 0.644
170 0.652
171 0.655
172 0.659
173 0.66
174 0.659
175 0.659
176 0.668
177 0.664
178 0.663
179 0.664
180 0.672
181 0.672
182 0.675
183 0.672
184 0.672
185 0.684
186 0.675
187 0.684
188 0.687
189 0.679
190 0.695
191 0.692
192 0.7
193 0.699
194 0.7
195 0.695
196 0.708
197 0.715
198 0.708
199 0.711
200 0.711
201 0.703
202 0.708
203 0.715
204 0.724
205 0.716
206 0.727
207 0.724
208 0.731
209 0.731
210 0.74
211 0.748
212 0.748
213 0.748
214 0.748
215 0.751
216 0.751
217 0.751
218 0.756
219 0.764
220 0.768
221 0.768
222 0.768
223 0.763
224 0.76
225 0.764
226 0.775
227 0.771
228 0.776
229 0.775
230 0.78
231 0.784
232 0.775
233 0.78
234 0.787
235 0.78
236 0.788
237 0.791
238 0.788
239 0.799
240 0.8
241 0.807
242 0.807
243 0.811
244 0.807
245 0.812
246 0.803
247 0.811
248 0.811
249 0.82
250 0.819
251 0.831
252 0.827
253 0.82
254 0.819
255 0.831
256 0.844
257 0.84
258 0.831
259 0.839
260 0.835
261 0.844
262 0.844
263 0.843
264 0.847
265 0.851
266 0.851
267 0.847
268 0.847
269 0.864
270 0.86
271 0.864
272 0.864
273 0.871
274 0.867
275 0.872
276 0.871
277 0.876
278 0.879
279 0.88
280 0.88
281 0.884
282 0.884
283 0.887
284 0.896
285 0.891
286 0.903
287 0.9
288 0.9
289 0.9
290 0.903
291 0.903
292 0.907
293 0.907
294 0.911
295 0.916
296 0.911
297 0.923
298 0.92
299 0.923
300 0.923
301 0.923
302 0.923
303 0.936
304 0.936
305 0.94
306 0.931
307 0.94
308 0.94
309 0.943
310 0.948
311 0.947
312 0.96
313 0.952
314 0.956
315 0.951
316 0.96
317 0.96
318 0.963
319 0.968
320 0.967
321 0.976
322 0.971
323 0.967
324 0.972
325 0.975
326 1.107
327 1.
328 1.016
329 1.008
330 1.027
331 1.028
332 1.031
333 1.019
334 1.027
335 1.039
336 1.036
337 1.048
338 1.051
339 1.044
340 1.056
341 1.039
342 1.043
343 1.043
344 1.044
345 1.051
346 1.052
347 1.056
348 1.052
349 1.043
350 1.064
351 1.059
352 1.063
353 1.068
354 1.063
355 1.072
356 1.068
357 1.083
358 1.079
359 1.076
360 1.088
361 1.079
362 1.088
363 1.079
364 1.092
365 1.096
366 1.079
367 1.099
368 1.1
369 1.083
370 1.12
371 1.107
372 1.099
373 1.112
374 1.1
375 1.115
376 1.115
377 1.103
378 1.124
379 1.115
380 1.119
381 1.128
382 1.115
383 1.132
384 1.135
385 1.132
386 1.14
387 1.139
388 1.132
389 1.143
390 1.139
391 1.143
392 1.159
393 1.152
394 1.152
395 1.155
396 1.156
397 1.163
398 1.168
399 1.168
400 1.171
401 1.172
402 1.163
403 1.172
404 1.172
405 1.18
406 1.183
407 1.175
408 1.179
409 1.195
410 1.184
411 1.188
412 1.192
413 1.192
414 1.195
415 1.204
416 1.199
417 1.208
418 1.211
419 1.208
420 1.203
421 1.219
422 1.211
423 1.22
424 1.223
425 1.215
426 1.215
427 1.227
428 1.228
429 1.228
430 1.24
431 1.223
432 1.235
433 1.244
434 1.239
435 1.228
436 1.24
437 1.251
438 1.263
439 1.26
440 1.26
441 1.263
442 1.268
443 1.276
444 1.288
445 1.275
446 1.284
447 1.276
448 1.275
449 1.276
450 1.279
451 1.276
452 1.275
453 1.288
454 1.279
455 1.28
456 1.295
457 1.291
458 1.291
459 1.304
460 1.299
461 1.304
462 1.304
463 1.392
464 1.271
465 1.28
466 1.275
467 1.288
468 1.28
469 1.291
470 1.295
471 1.295
472 1.295
473 1.288
474 1.311
475 1.299
476 1.296
477 1.307
478 1.307
479 1.299
480 1.312
481 1.315
482 1.311
483 1.32
484 1.327
485 1.316
486 1.319
487 1.324
488 1.327
489 1.327
490 1.335
491 1.336
492 1.327
493 1.331
494 1.335
495 1.332
496 1.34
497 1.351
498 1.36
499 1.359
500 1.356
501 1.364
502 1.364
503 1.355
504 1.359
505 1.364
506 1.372
507 1.367
508 1.367
509 1.376
510 1.38
511 1.367
512 1.376
513 1.387
514 1.384
515 1.384
516 1.392
517 1.391
518 1.387
519 1.392
520 1.396
521 1.403
522 1.395
523 1.4
524 1.407
525 1.411
526 1.4
527 1.403
528 1.408
529 1.42
530 1.415
531 1.416
532 1.42
533 1.427
534 1.423
535 1.428
536 1.431
537 1.456
538 1.447
539 1.452
540 1.451
541 1.455
542 1.451
543 1.452
544 1.467
545 1.472
546 1.471
547 1.452
548 1.456
549 1.467
550 1.472
551 1.463
552 1.463
553 1.463
554 1.475
555 1.468
556 1.475
557 1.468
558 1.483
559 1.487
560 1.487
561 1.483
562 1.48
563 1.5
564 1.496
565 1.492
566 1.5
567 1.491
568 1.503
569 1.5
570 1.5
571 1.512
572 1.503
573 1.511
574 1.504
575 1.511
576 1.508
577 1.515
578 1.523
579 1.519
580 1.519
581 1.504
582 1.543
583 1.536
584 1.532
585 1.536
586 1.531
587 1.548
588 1.547
589 1.539
590 1.536
591 1.579
592 1.596
593 1.583
594 1.568
595 1.587
596 1.596
597 1.599
598 1.599
599 1.592
600 1.596
601 1.608
602 1.603
603 1.615
604 1.615
605 1.612
606 1.604
607 1.603
608 1.62
609 1.632
610 1.627
611 1.627
612 1.628
613 1.635
614 1.639
615 1.635
616 1.635
617 1.635
618 1.644
619 1.643
620 1.648
621 1.652
622 1.652
623 1.643
624 1.644
625 1.648
626 1.659
627 1.668
628 1.652
629 1.672
630 1.672
631 1.679
632 1.683
633 1.688
634 1.695
635 1.704
636 1.695
637 1.692
638 1.672
639 1.687
640 1.696
641 1.695
642 1.695
643 1.688
644 1.688
645 1.695
646 1.695
647 1.704
648 1.711
649 1.711
650 1.708
651 1.699
652 1.711
653 1.711
654 1.715
655 1.72
656 1.731
657 1.724
658 1.863
659 1.736
660 1.731
661 1.748
662 1.739
663 1.731
664 1.748
665 1.755
666 1.744
667 1.739
668 1.743
669 1.743
670 1.748
671 1.748
672 1.756
673 1.764
674 1.751
675 1.755
676 1.759
677 1.763
678 1.764
679 1.764
680 1.775
681 1.771
682 1.784
683 1.768
684 1.779
685 1.76
686 1.776
687 1.779
688 1.788
689 1.796
690 1.804
691 1.795
692 1.8
693 1.795
694 1.792
695 1.804
696 1.799
697 1.811
698 1.811
699 1.82
700 1.807
701 1.824
702 1.82
703 1.82
704 1.811
705 1.816
706 1.815
707 1.82
708 1.824
709 1.836
710 1.827
711 1.824
712 1.84
713 1.831
714 1.844
715 1.847
716 1.847
717 1.851
718 1.851
719 1.867
720 1.872
721 1.871
722 1.875
723 1.871
724 1.864
725 1.86
726 1.864
727 1.872
728 1.875
729 1.88
730 1.891
731 1.876
732 1.88
733 1.887
734 1.887
735 1.903
736 1.887
737 1.887
738 1.888
739 1.895
740 1.895
741 1.908
742 1.899
743 1.899
744 1.92
745 1.923
746 1.907
747 1.92
748 1.915
749 1.912
750 1.92
751 1.923
752 1.912
753 1.92
754 1.931
755 1.923
756 1.932
757 1.94
758 1.94
759 1.947
760 1.94
761 1.951
762 1.956
763 1.948
764 1.955
765 1.96
766 1.951
767 1.943
768 1.96
769 1.956
770 1.956
771 1.955
772 1.967
773 1.968
774 1.98
775 1.971
776 1.98
777 1.984
778 1.991
779 1.987
780 2.
781 1.996
782 1.996
783 1.996
784 2.003
785 1.996
786 1.996
787 1.996
788 2.
789 2.004
790 2.
791 2.007
792 2.016
793 2.012
794 2.003
795 2.024
796 2.035
797 2.044
798 2.031
799 2.048
800 2.056
801 2.047
802 2.059
803 2.028
804 2.036
805 2.056
806 2.039
807 2.048
808 2.063
809 2.051
810 2.052
811 2.059
812 2.064
813 2.047
814 2.051
815 2.059
816 2.063
817 2.072
818 2.076
819 2.056
820 2.056
821 2.059
822 2.068
823 2.092
824 2.083
825 2.076
826 2.084
827 2.092
828 2.087
829 2.088
830 2.096
831 2.096
832 2.096
833 2.099
834 2.096
835 2.104
836 2.096
837 2.096
838 2.112
839 2.119
840 2.12
841 2.132
842 2.132
843 2.112
844 2.127
845 2.127
846 2.128
847 2.115
848 2.128
849 2.132
850 2.135
851 2.123
852 2.136
853 2.135
854 2.135
855 2.143
856 2.144
857 2.139
858 2.143
859 2.148
860 2.152
861 2.148
862 2.152
863 2.159
864 2.168
865 2.175
866 2.172
867 2.172
868 2.163
869 2.188
870 2.192
871 2.184
872 2.199
873 2.195
874 2.2
875 2.195
876 2.211
877 2.192
878 2.192
879 2.2
880 2.195
881 2.195
882 2.215
883 2.219
884 2.216
885 2.216
886 2.219
887 2.22
888 2.224
889 2.212
890 2.228
891 2.223
892 2.223
893 2.231
894 2.228
895 2.231
896 2.244
897 2.235
898 2.248
899 2.243
900 2.252
901 2.259
902 2.26
903 2.26
904 2.268
905 2.26
906 2.26
907 2.264
908 2.264
909 2.263
910 2.256
911 2.268
912 2.271
913 2.271
914 2.272
915 2.271
916 2.275
917 2.283
918 2.284
919 2.292
920 2.299
921 2.3
922 2.292
923 2.3
924 2.287
925 2.3
926 2.296
927 2.288
928 2.304
929 2.303
930 2.307
931 2.307
932 2.315
933 2.323
934 2.328
935 2.315
936 2.315
937 2.32
938 2.332
939 2.335
940 2.347
941 2.347
942 2.371
943 2.372
944 2.376
945 2.359
946 2.352
947 2.331
948 2.347
949 2.34
950 2.347
951 2.368
952 2.359
953 2.34
954 2.36
955 2.359
956 2.376
957 2.359
958 2.376
959 2.372
960 2.368
961 2.359
962 2.368
963 2.387
964 2.371
965 2.371
966 2.368
967 2.38
968 2.387
969 2.367
970 2.375
971 2.372
972 2.395
973 2.387
974 2.4
975 2.408
976 2.403
977 2.404
978 2.407
979 2.412
980 2.412
981 2.416
982 2.412
983 2.407
984 2.404
985 2.408
986 2.416
987 2.415
988 2.404
989 2.416
990 2.416
991 2.423
992 2.42
993 2.412
994 2.427
995 2.456
996 2.439
997 2.448
998 2.448
999 2.431
1000 2.448