123 0.04
126 0.008
129 0.015
247 0.016
132 0.103
135 0.024
138 0.032
254 0.108
141 0.068
144 0.044
261 0.04
147 0.052
495 0.031
150 0.056
268 0.059
153 0.064
156 0.067
159 0.071
275 0.071
162 0.08
510 0.06
165 0.088
282 0.087
168 0.096
171 0.1
289 0.104
174 0.111
177 0.112
525 0.096
991 0.068
180 0.124
296 0.119
183 0.132
186 0.135
303 0.135
189 0.144
192 0.156
540 0.14
310 0.16
195 0.163
198 0.172
201 0.175
317 0.175
204 0.188
207 0.192
555 0.175
324 0.268
210 0.204
1022 0.143
213 0.208
331 0.216
216 0.227
219 0.232
222 0.239
338 0.24
570 0.211
225 0.244
228 0.256
345 0.263
231 0.267
234 0.275
352 0.279
237 0.288
585 0.251
240 0.292
1053 0.223
243 0.307
359 0.296
1983 0.152
246 0.316
249 0.327
366 0.311
252 0.339
600 0.296
255 0.348
373 0.336
258 0.355
261 0.355
264 0.368
380 0.364
267 0.387
615 0.339
270 0.395
387 0.391
1084 0.38
273 0.407
276 0.416
394 0.408
279 0.439
282 0.44
630 0.392
285 0.451
401 0.432
288 0.468
291 0.475
408 0.471
294 0.5
297 0.508
645 0.447
415 0.496
300 0.519
303 0.524
1115 0.407
306 0.536
422 0.511
2046 0.311
309 0.544
312 0.547
660 0.496
429 0.551
315 0.564
318 0.568
436 0.568
321 0.591
324 0.596
327 0.615
443 0.599
675 0.539
330 0.624
333 0.64
450 0.632
1146 0.492
336 0.655
339 0.655
457 0.652
342 0.679
690 0.603
345 0.699
348 0.716
464 0.688
351 0.731
354 0.739
471 0.692
357 0.772
705 0.672
360 0.795
478 0.743
363 0.791
1177 0.575
366 0.807
369 0.8
485 0.768
2109 0.492
3967 0.32
372 0.82
720 0.724
375 0.836
492 0.807
378 0.847
381 0.859
499 0.839
384 0.871
387 0.892
735 0.791
390 0.911
506 1.259
393 0.923
396 0.948
1208 0.684
513 0.928
399 0.975
402 0.987
750 0.816
520 0.955
405 1.004
408 1.035
411 1.04
527 1.008
414 1.031
417 1.064
765 0.867
534 1.048
420 1.072
423 1.088
541 1.059
426 1.1
1239 0.804
429 1.112
432 1.131
548 1.08
780 0.94
2172 0.683
435 1.167
438 1.196
555 1.099
441 1.216
444 1.239
562 1.144
447 1.236
795 1.003
450 1.235
453 1.26
569 1.2
456 1.279
1270 0.9
459 1.3
576 1.223
462 1.307
810 1.072
465 1.335
583 1.256
468 1.367
471 1.408
474 1.42
590 1.288
477 1.415
825 1.152
480 1.423
597 1.324
483 1.444
486 1.463
604 1.384
489 1.48
1301 1.043
492 1.495
840 1.199
495 1.519
611 1.432
2235 0.92
498 1.567
4094 0.691
501 1.587
618 1.488
504 1.624
507 1.596
855 1.291
625 1.548
510 1.615
513 1.635
516 1.647
632 1.599
519 1.68
1332 1.155
522 1.739
870 1.36
639 1.647
525 1.768
528 1.78
646 1.62
531 1.759
534 1.788
537 1.804
653 1.683
885 1.423
540 1.819
543 1.876
660 1.751
546 1.915
549 1.923
667 1.788
1363 1.291
552 1.916
900 1.519
555 1.935
558 1.932
674 1.819
2298 1.119
561 1.979
564 2.04
681 1.859
567 2.087
915 1.603
570 2.043
688 1.916
573 2.072
576 2.079
579 2.1
695 1.995
582 2.167
930 1.688
1394 1.416
585 2.228
702 2.072
588 2.195
591 2.2
709 2.119
594 2.215
597 2.244
945 1.8
600 2.319
716 2.127
603 2.355
606 2.319
723 2.136
609 2.343
612 2.364
960 1.923
1425 1.559
730 2.203
615 2.42
618 2.496
621 2.448
737 2.276
2361 1.376
624 2.463
4221 1.091
627 2.479
975 1.956
7935 0.72
744 2.299
630 2.555
633 2.62
751 2.415
636 2.568
639 2.587
642 2.62
758 2.508
990 2.019
1456 1.724
645 2.692
648 2.74
765 2.488
651 2.699
654 2.712
772 2.539
657 2.768
1005 2.128
660 2.859
663 2.816
779 2.596
666 3.068
669 2.963
786 2.619
672 3.051
1020 2.223
675 3.084
1487 1.919
793 2.688
678 3.056
681 3.063
684 3.144
800 2.811
2424 1.648
687 3.219
1035 2.304
690 3.175
807 2.903
693 3.2
696 3.236
814 2.82
699 3.375
702 3.3
1050 2.416
705 3.304
821 2.943
1518 2.096
708 3.352
711 3.5
828 2.983
714 3.427
717 3.447
1065 2.847
835 3.039
720 3.472
723 3.62
726 3.536
842 3.211
729 3.543
732 3.624
1080 2.679
849 3.224
735 3.707
1549 2.244
738 3.671
856 3.219
741 3.676
744 3.775
747 3.812
863 3.259
1095 2.696
2487 1.919
750 3.771
4348 1.576
753 3.812
870 3.36
756 3.951
759 3.884
877 3.519
762 3.887
1110 2.763
765 4.019
768 4.007
884 3.476
1580 2.351
771 3.992
774 4.079
891 3.571
777 4.131
1125 2.927
780 4.112
898 3.596
783 4.144
786 4.279
789 4.196
905 3.728
792 4.22
1140 3.016
795 4.396
912 3.819
798 4.295
1611 2.652
801 4.328
919 3.792
804 4.491
807 4.403
1155 3.211
810 4.427
926 3.871
2550 2.271
813 4.596
816 4.495
933 3.963
819 4.524
822 4.687
1170 3.299
940 4.116
825 4.592
828 4.623
1642 2.827
831 4.788
947 4.079
834 4.704
837 4.755
1185 3.312
954 4.144
840 4.859
843 4.8
961 4.279
846 4.903
849 4.919
852 4.9
968 4.355
1200 3.48
855 5.08
858 4.983
975 4.328
861 5.019
1673 3.376
864 5.184
982 4.419
867 5.091
1215 3.603
870 5.204
873 5.204
989 4.648
2613 2.619
876 5.183
879 5.332
4475 2.048
996 4.579
882 5.283
1230 3.831
8190 1.588
885 5.395
1003 4.604
888 5.352
891 5.356
1704 3.304
894 5.531
1010 4.771
897 5.468
1245 3.832
900 5.591
1017 4.812
903 5.536
906 5.583
1024 4.872
909 5.708
912 5.635
1260 3.939
915 5.792
1031 4.987
918 5.715
921 5.836
1038 5.12
1735 3.596
924 5.84
927 5.855
1275 4.088
1045 5.056
930 5.98
933 5.899
936 6.08
1052 5.3
2676 2.84
939 6.
942 6.159
1290 4.311
1059 5.331
945 6.067
948 6.231
1066 5.324
951 6.176
954 6.264
1766 3.632
957 6.271
1073 5.475
1305 4.32
960 6.244
963 6.416
1080 5.508
966 6.327
969 6.524
1087 5.539
972 6.427
1320 4.435
975 6.607
978 6.519
1094 5.759
981 6.679
984 6.584
1101 5.72
1797 3.819
987 6.755
1335 4.684
990 6.683
1108 5.799
993 6.84
996 6.723
999 6.924
1115 5.996
2739 3.215
1002 6.851
1350 4.751
1005 7.004
1122 5.895
4602 2.615
1008 6.911
1011 7.1
1129 6.167
1014 7.012
1828 4.124
1017 7.192
1365 4.824
1020 7.108
1136 6.127
1023 7.283
1026 7.183
1143 6.204
1029 7.364
1032 7.668
1380 4.996
1150 6.379
1035 7.436
1038 7.331
1041 7.536
1157 6.367
1044 7.475
1047 7.62
1395 5.155
1859 4.412
1164 6.628
1050 7.591
1053 7.675
1171 6.488
1056 7.768
1059 7.7
1062 7.855
1178 6.728
1410 5.255
2802 3.599
1065 7.779
1068 7.967
1185 6.667
1071 7.876
1074 8.075
1192 6.903
1077 8.028
1425 5.476
1890 4.599
1080 8.1
1083 8.176
1199 6.836
1086 8.096
1089 8.292
1206 7.019
1092 8.211
1440 5.519
1095 8.379
1213 7.107
1098 8.392
1101 8.395
1104 8.511
1220 7.168
1107 8.432
1455 5.668
1921 4.815
1110 8.62
1227 7.311
1113 8.656
1116 8.576
1234 7.344
1119 8.748
1122 8.783
1470 5.94
1125 8.708
1241 7.536
2865 3.983
1128 8.903
1131 8.844
1248 7.503
4729 3.288
1134 8.971
1137 9.036
1485 5.967
8445 2.548
1255 7.711
15871 1.523
1140 8.996
1952 5.211
1143 9.123
1146 9.112
1262 7.68
1149 9.196
1152 9.299
1500 6.211
1269 7.912
1155 9.22
1158 9.395
1276 7.867
1161 9.415
1164 9.375
1167 9.544
1283 8.104
1515 6.268
1170 9.58
1983 5.336
1173 9.48
1290 8.115
1176 9.715
1179 9.652
1297 8.231
1182 9.768
1530 6.472
1185 9.843
1188 9.8
1304 8.284
2928 4.488
1191 9.863
1194 9.947
1311 8.447
1197 10.028
1545 6.668
1200 9.947
1318 8.508
2014 5.587
1203 10.108
1206 10.515
1209 10.155
1325 8.624
1212 10.272
1560 6.719
1215 10.4
1332 8.771
1218 10.815
1221 10.36
1339 8.748
1224 10.519
1227 10.632
1575 7.019
1230 11.091
1346 8.96
1233 10.463
2045 6.
1236 10.724
1353 9.059
1239 10.783
1242 10.72
1590 7.056
1360 9.032
1245 10.872
1248 10.927
1251 11.403
1367 9.26
2991 4.775
1254 10.864
1257 11.135
1605 7.364
1374 9.384
1260 11.172
4856 3.931
2076 6.183
1381 9.364
1388 9.599
1620 7.376
1395 9.731
1402 9.684
1635 7.667
1409 9.951
2107 6.552
1416 10.043
1650 8.059
1423 10.064
1430 10.288
3054 5.219
1665 7.956
1437 10.759
2138 6.684
1444 10.288
1680 8.019
1451 10.567
1458 10.711
1695 8.284
1465 11.204
1472 10.76
2169 7.059
1710 8.5
1479 11.007
1486 11.16
1493 11.683
1725 8.572
3117 5.788
1500 11.139
4983 4.536
2200 7.42
1740 9.327
8700 3.68
1755 9.475
1770 9.704
1785 9.943
3180 6.148
1800 10.068
1815 10.299
1830 10.536
1845 11.172
3243 6.775
1860 10.771
5110 5.32
1875 11.176
1890 11.379
1905 12.003
3306 7.188
3369 7.832
5237 6.119
8955 4.799
16382 3.392
3432 8.227
3495 8.9
5364 6.927
3558 9.452
3621 10.039
5491 7.9
9210 6.068
3684 10.759
3747 11.724
5618 8.8
3810 11.983
5745 9.759
9465 7.687
16893 5.636
31743 3.751
9720 9.18
9975 10.811
17404 8.052
10230 11.995
17915 11.364
32766 7.936
18426 13.332
18937 16.496
33789 13.599
63487 8.748
19448 20.107
19959 23.587
34812 18.792
20470 29.604
35835 25.307
65534 19.815
36858 32.855
37881 41.616
67581 32.168
126975 24.476
38904 50.363
39927 60.216
40950 70.812
131070 50.432