7 0.04
10 0.008
13 0.015
15 0.016
16 0.103
19 0.024
22 0.032
22 0.108
25 0.068
28 0.044
29 0.04
31 0.052
31 0.031
34 0.056
36 0.059
37 0.064
40 0.067
43 0.071
43 0.071
46 0.08
46 0.06
49 0.088
50 0.087
52 0.096
55 0.1
57 0.104
58 0.111
61 0.112
61 0.096
63 0.068
64 0.124
64 0.119
67 0.132
70 0.135
71 0.135
73 0.144
76 0.156
76 0.14
78 0.16
79 0.163
82 0.172
85 0.175
85 0.175
88 0.188
91 0.192
91 0.175
92 0.268
94 0.204
94 0.143
97 0.208
99 0.216
100 0.227
103 0.232
106 0.239
106 0.24
106 0.211
109 0.244
112 0.256
113 0.263
115 0.267
118 0.275
120 0.279
121 0.288
121 0.251
124 0.292
125 0.223
127 0.307
127 0.296
127 0.152
130 0.316
133 0.327
134 0.311
136 0.339
136 0.296
139 0.348
141 0.336
142 0.355
145 0.355
148 0.368
148 0.364
151 0.387
151 0.339
154 0.395
155 0.391
156 0.38
157 0.407
160 0.416
162 0.408
163 0.439
166 0.44
166 0.392
169 0.451
169 0.432
172 0.468
175 0.475
176 0.471
178 0.5
181 0.508
181 0.447
183 0.496
184 0.519
187 0.524
187 0.407
190 0.536
190 0.511
190 0.311
193 0.544
196 0.547
196 0.496
197 0.551
199 0.564
202 0.568
204 0.568
205 0.591
208 0.596
211 0.615
211 0.599
211 0.539
214 0.624
217 0.64
218 0.632
218 0.492
220 0.655
223 0.655
225 0.652
226 0.679
226 0.603
229 0.699
232 0.716
232 0.688
235 0.731
238 0.739
239 0.692
241 0.772
241 0.672
244 0.795
246 0.743
247 0.791
249 0.575
250 0.807
253 0.8
253 0.768
253 0.492
255 0.32
256 0.82
256 0.724
259 0.836
260 0.807
262 0.847
265 0.859
267 0.839
268 0.871
271 0.892
271 0.791
274 0.911
274 1.259
277 0.923
280 0.948
280 0.684
281 0.928
283 0.975
286 0.987
286 0.816
288 0.955
289 1.004
292 1.035
295 1.04
295 1.008
298 1.031
301 1.064
301 0.867
302 1.048
304 1.072
307 1.088
309 1.059
310 1.1
311 0.804
313 1.112
316 1.131
316 1.08
316 0.94
316 0.683
319 1.167
322 1.196
323 1.099
325 1.216
328 1.239
330 1.144
331 1.236
331 1.003
334 1.235
337 1.26
337 1.2
340 1.279
342 0.9
343 1.3
344 1.223
346 1.307
346 1.072
349 1.335
351 1.256
352 1.367
355 1.408
358 1.42
358 1.288
361 1.415
361 1.152
364 1.423
365 1.324
367 1.444
370 1.463
372 1.384
373 1.48
373 1.043
376 1.495
376 1.199
379 1.519
379 1.432
379 0.92
382 1.567
382 0.691
385 1.587
386 1.488
388 1.624
391 1.596
391 1.291
393 1.548
394 1.615
397 1.635
400 1.647
400 1.599
403 1.68
404 1.155
406 1.739
406 1.36
407 1.647
409 1.768
412 1.78
414 1.62
415 1.759
418 1.788
421 1.804
421 1.683
421 1.423
424 1.819
427 1.876
428 1.751
430 1.915
433 1.923
435 1.788
435 1.291
436 1.916
436 1.519
439 1.935
442 1.932
442 1.819
442 1.119
445 1.979
448 2.04
449 1.859
451 2.087
451 1.603
454 2.043
456 1.916
457 2.072
460 2.079
463 2.1
463 1.995
466 2.167
466 1.688
466 1.416
469 2.228
470 2.072
472 2.195
475 2.2
477 2.119
478 2.215
481 2.244
481 1.8
484 2.319
484 2.127
487 2.355
490 2.319
491 2.136
493 2.343
496 2.364
496 1.923
497 1.559
498 2.203
499 2.42
502 2.496
505 2.448
505 2.276
505 1.376
508 2.463
509 1.091
511 2.479
511 1.956
511 0.72
512 2.299
514 2.555
517 2.62
519 2.415
520 2.568
523 2.587
526 2.62
526 2.508
526 2.019
528 1.724
529 2.692
532 2.74
533 2.488
535 2.699
538 2.712
540 2.539
541 2.768
541 2.128
544 2.859
547 2.816
547 2.596
550 3.068
553 2.963
554 2.619
556 3.051
556 2.223
559 3.084
559 1.919
561 2.688
562 3.056
565 3.063
568 3.144
568 2.811
568 1.648
571 3.219
571 2.304
574 3.175
575 2.903
577 3.2
580 3.236
582 2.82
583 3.375
586 3.3
586 2.416
589 3.304
589 2.943
590 2.096
592 3.352
595 3.5
596 2.983
598 3.427
601 3.447
601 2.847
603 3.039
604 3.472
607 3.62
610 3.536
610 3.211
613 3.543
616 3.624
616 2.679
617 3.224
619 3.707
621 2.244
622 3.671
624 3.219
625 3.676
628 3.775
631 3.812
631 3.259
631 2.696
631 1.919
634 3.771
636 1.576
637 3.812
638 3.36
640 3.951
643 3.884
645 3.519
646 3.887
646 2.763
649 4.019
652 4.007
652 3.476
652 2.351
655 3.992
658 4.079
659 3.571
661 4.131
661 2.927
664 4.112
666 3.596
667 4.144
670 4.279
673 4.196
673 3.728
676 4.22
676 3.016
679 4.396
680 3.819
682 4.295
683 2.652
685 4.328
687 3.792
688 4.491
691 4.403
691 3.211
694 4.427
694 3.871
694 2.271
697 4.596
700 4.495
701 3.963
703 4.524
706 4.687
706 3.299
708 4.116
709 4.592
712 4.623
714 2.827
715 4.788
715 4.079
718 4.704
721 4.755
721 3.312
722 4.144
724 4.859
727 4.8
729 4.279
730 4.903
733 4.919
736 4.9
736 4.355
736 3.48
739 5.08
742 4.983
743 4.328
745 5.019
745 3.376
748 5.184
750 4.419
751 5.091
751 3.603
754 5.204
757 5.204
757 4.648
757 2.619
760 5.183
763 5.332
763 2.048
764 4.579
766 5.283
766 3.831
766 1.588
769 5.395
771 4.604
772 5.352
775 5.356
776 3.304
778 5.531
778 4.771
781 5.468
781 3.832
784 5.591
785 4.812
787 5.536
790 5.583
792 4.872
793 5.708
796 5.635
796 3.939
799 5.792
799 4.987
802 5.715
805 5.836
806 5.12
807 3.596
808 5.84
811 5.855
811 4.088
813 5.056
814 5.98
817 5.899
820 6.08
820 5.3
820 2.84
823 6.
826 6.159
826 4.311
827 5.331
829 6.067
832 6.231
834 5.324
835 6.176
838 6.264
838 3.632
841 6.271
841 5.475
841 4.32
844 6.244
847 6.416
848 5.508
850 6.327
853 6.524
855 5.539
856 6.427
856 4.435
859 6.607
862 6.519
862 5.759
865 6.679
868 6.584
869 5.72
869 3.819
871 6.755
871 4.684
874 6.683
876 5.799
877 6.84
880 6.723
883 6.924
883 5.996
883 3.215
886 6.851
886 4.751
889 7.004
890 5.895
890 2.615
892 6.911
895 7.1
897 6.167
898 7.012
900 4.124
901 7.192
901 4.824
904 7.108
904 6.127
907 7.283
910 7.183
911 6.204
913 7.364
916 7.668
916 4.996
918 6.379
919 7.436
922 7.331
925 7.536
925 6.367
928 7.475
931 7.62
931 5.155
931 4.412
932 6.628
934 7.591
937 7.675
939 6.488
940 7.768
943 7.7
946 7.855
946 6.728
946 5.255
946 3.599
949 7.779
952 7.967
953 6.667
955 7.876
958 8.075
960 6.903
961 8.028
961 5.476
962 4.599
964 8.1
967 8.176
967 6.836
970 8.096
973 8.292
974 7.019
976 8.211
976 5.519
979 8.379
981 7.107
982 8.392
985 8.395
988 8.511
988 7.168
991 8.432
991 5.668
993 4.815
994 8.62
995 7.311
997 8.656
1000 8.576
1002 7.344
1003 8.748
1006 8.783
1006 5.94
1009 8.708
1009 7.536
1009 3.983
1012 8.903
1015 8.844
1016 7.503
1017 3.288
1018 8.971
1021 9.036
1021 5.967
1021 2.548
1023 7.711
1023 1.523
1024 8.996
1024 5.211
1027 9.123
1030 9.112
1030 7.68
1033 9.196
1036 9.299
1036 6.211
1037 7.912
1039 9.22
1042 9.395
1044 7.867
1045 9.415
1048 9.375
1051 9.544
1051 8.104
1051 6.268
1054 9.58
1055 5.336
1057 9.48
1058 8.115
1060 9.715
1063 9.652
1065 8.231
1066 9.768
1066 6.472
1069 9.843
1072 9.8
1072 8.284
1072 4.488
1075 9.863
1078 9.947
1079 8.447
1081 10.028
1081 6.668
1084 9.947
1086 8.508
1086 5.587
1087 10.108
1090 10.515
1093 10.155
1093 8.624
1096 10.272
1096 6.719
1099 10.4
1100 8.771
1102 10.815
1105 10.36
1107 8.748
1108 10.519
1111 10.632
1111 7.019
1114 11.091
1114 8.96
1117 10.463
1117 6.
1120 10.724
1121 9.059
1123 10.783
1126 10.72
1126 7.056
1128 9.032
1129 10.872
1132 10.927
1135 11.403
1135 9.26
1135 4.775
1138 10.864
1141 11.135
1141 7.364
1142 9.384
1144 11.172
1144 3.931
1148 6.183
1149 9.364
1156 9.599
1156 7.376
1163 9.731
1170 9.684
1171 7.667
1177 9.951
1179 6.552
1184 10.043
1186 8.059
1191 10.064
1198 10.288
1198 5.219
1201 7.956
1205 10.759
1210 6.684
1212 10.288
1216 8.019
1219 10.567
1226 10.711
1231 8.284
1233 11.204
1240 10.76
1241 7.059
1246 8.5
1247 11.007
1254 11.16
1261 11.683
1261 8.572
1261 5.788
1268 11.139
1271 4.536
1272 7.42
1276 9.327
1276 3.68
1291 9.475
1306 9.704
1321 9.943
1324 6.148
1336 10.068
1351 10.299
1366 10.536
1381 11.172
1387 6.775
1396 10.771
1398 5.32
1411 11.176
1426 11.379
1441 12.003
1450 7.188
1513 7.832
1525 6.119
1531 4.799
1534 3.392
1576 8.227
1639 8.9
1652 6.927
1702 9.452
1765 10.039
1779 7.9
1786 6.068
1828 10.759
1891 11.724
1906 8.8
1954 11.983
2033 9.759
2041 7.687
2045 5.636
2047 3.751
2296 9.18
2551 10.811
2556 8.052
2806 11.995
3067 11.364
3070 7.936
3578 13.332
4089 16.496
4093 13.599
4095 8.748
4600 20.107
5111 23.587
5116 18.792
5622 29.604
6139 25.307
6142 19.815
7162 32.855
8185 41.616
8189 32.168
8191 24.476
9208 50.363
10231 60.216
11254 70.812
12286 50.432