1 0.
2 0.004
3 0.
4 0.004
5 0.
6 0.008
7 0.004
8 0.004
9 0.004
10 0.004
11 0.004
12 0.004
13 0.004
14 0.004
15 0.008
16 0.004
17 0.004
18 0.004
19 0.003
20 0.008
21 0.008
22 0.008
23 0.012
24 0.008
25 0.004
26 0.008
27 0.008
28 0.008
29 0.008
30 0.008
31 0.008
32 0.008
33 0.008
34 0.011
35 0.011
36 0.012
37 0.008
38 0.016
39 0.008
40 0.008
41 0.012
42 0.011
43 0.008
44 0.012
45 0.012
46 0.016
47 0.011
48 0.012
49 0.011
50 0.011
51 0.012
52 0.016
53 0.016
54 0.012
55 0.012
56 0.016
57 0.016
58 0.019
59 0.016
60 0.016
61 0.016
62 0.016
63 0.02
64 0.016
65 0.016
66 0.016
67 0.019
68 0.02
69 0.019
70 0.016
71 0.02
72 0.02
73 0.024
74 0.02
75 0.028
76 0.02
77 0.028
78 0.024
79 0.024
80 0.02
81 0.024
82 0.024
83 0.028
84 0.02
85 0.024
86 0.024
87 0.024
88 0.024
89 0.027
90 0.024
91 0.024
92 0.024
93 0.028
94 0.027
95 0.028
96 0.027
97 0.028
98 0.027
99 0.028
100 0.028
101 0.027
102 0.032
103 0.032
104 0.028
105 0.032
106 0.035
107 0.036
108 0.032
109 0.032
110 0.035
111 0.032
112 0.032
113 0.035
114 0.032
115 0.035
116 0.032
117 0.035
118 0.032
119 0.032
120 0.032
121 0.035
122 0.035
123 0.035
124 0.035
125 0.035
126 0.036
127 0.04
128 0.04
129 0.039
130 0.039
131 0.039
132 0.036
133 0.04
134 0.039
135 0.052
136 0.043
137 0.04
138 0.039
139 0.04
140 0.044
141 0.055
142 0.051
143 0.048
144 0.044
145 0.048
146 0.051
147 0.048
148 0.055
149 0.048
150 0.044
151 0.051
152 0.047
153 0.051
154 0.048
155 0.051
156 0.043
157 0.056
158 0.052
159 0.048
160 0.048
161 0.048
162 0.047
163 0.051
164 0.051
165 0.051
166 0.051
167 0.051
168 0.051
169 0.048
170 0.048
171 0.048
172 0.048
173 0.056
174 0.051
175 0.056
176 0.052
177 0.059
178 0.064
179 0.055
180 0.056
181 0.059
182 0.051
183 0.056
184 0.056
185 0.055
186 0.064
187 0.056
188 0.051
189 0.059
190 0.059
191 0.056
192 0.059
193 0.06
194 0.059
195 0.056
196 0.056
197 0.06
198 0.064
199 0.055
200 0.059
201 0.06
202 0.064
203 0.064
204 0.06
205 0.06
206 0.059
207 0.064
208 0.064
209 0.064
210 0.064
211 0.064
212 0.064
213 0.068
214 0.064
215 0.068
216 0.06
217 0.068
218 0.064
219 0.064
220 0.071
221 0.064
222 0.067
223 0.064
224 0.067
225 0.068
226 0.072
227 0.064
228 0.072
229 0.068
230 0.072
231 0.067
232 0.072
233 0.064
234 0.071
235 0.072
236 0.076
237 0.068
238 0.067
239 0.076
240 0.076
241 0.076
242 0.072
243 0.079
244 0.079
245 0.076
246 0.076
247 0.071
248 0.071
249 0.076
250 0.08
251 0.076
252 0.076
253 0.079
254 0.08
255 0.076
256 0.072
257 0.076
258 0.076
259 0.076
260 0.079
261 0.079
262 0.076
263 0.075
264 0.076
265 0.079
266 0.08
267 0.084
268 0.084
269 0.079
270 0.08
271 0.076
272 0.08
273 0.091
274 0.084
275 0.079
276 0.079
277 0.079
278 0.079
279 0.091
280 0.084
281 0.088
282 0.087
283 0.091
284 0.096
285 0.092
286 0.095
287 0.096
288 0.088
289 0.091
290 0.096
291 0.088
292 0.088
293 0.079
294 0.088
295 0.088
296 0.083
297 0.088
298 0.088
299 0.091
300 0.088
301 0.092
302 0.088
303 0.099
304 0.1
305 0.099
306 0.1
307 0.1
308 0.096
309 0.095
310 0.096
311 0.096
312 0.095
313 0.096
314 0.095
315 0.1
316 0.1
317 0.104
318 0.095
319 0.107
320 0.112
321 0.091
322 0.095
323 0.095
324 0.1
325 0.103
326 0.103
327 0.1
328 0.1
329 0.099
330 0.099
331 0.103
332 0.108
333 0.096
334 0.1
335 0.108
336 0.107
337 0.103
338 0.104
339 0.108
340 0.107
341 0.107
342 0.1
343 0.115
344 0.128
345 0.1
346 0.103
347 0.112
348 0.112
349 0.108
350 0.103
351 0.103
352 0.103
353 0.115
354 0.107
355 0.108
356 0.108
357 0.103
358 0.115
359 0.111
360 0.108
361 0.104
362 0.103
363 0.111
364 0.112
365 0.107
366 0.115
367 0.111
368 0.115
369 0.115
370 0.103
371 0.111
372 0.111
373 0.123
374 0.111
375 0.115
376 0.119
377 0.124
378 0.112
379 0.111
380 0.123
381 0.124
382 0.115
383 0.115
384 0.12
385 0.124
386 0.115
387 0.12
388 0.119
389 0.115
390 0.115
391 0.119
392 0.111
393 0.115
394 0.123
395 0.123
396 0.128
397 0.128
398 0.135
399 0.132
400 0.12
401 0.135
402 0.132
403 0.123
404 0.135
405 0.124
406 0.128
407 0.119
408 0.128
409 0.132
410 0.132
411 0.12
412 0.132
413 0.132
414 0.128
415 0.132
416 0.127
417 0.123
418 0.131
419 0.124
420 0.132
421 0.143
422 0.132
423 0.128
424 0.14
425 0.128
426 0.148
427 0.128
428 0.147
429 0.14
430 0.132
431 0.14
432 0.135
433 0.136
434 0.135
435 0.135
436 0.128
437 0.135
438 0.135
439 0.135
440 0.144
441 0.135
442 0.14
443 0.131
444 0.14
445 0.135
446 0.136
447 0.159
448 0.147
449 0.136
450 0.167
451 0.147
452 0.152
453 0.152
454 0.147
455 0.143
456 0.148
457 0.132
458 0.147
459 0.14
460 0.143
461 0.14
462 0.147
463 0.148
464 0.148
465 0.152
466 0.164
467 0.16
468 0.156
469 0.143
470 0.18
471 0.159
472 0.164
473 0.152
474 0.144
475 0.147
476 0.152
477 0.151
478 0.147
479 0.148
480 0.156
481 0.155
482 0.148
483 0.148
484 0.147
485 0.156
486 0.164
487 0.152
488 0.188
489 0.167
490 0.152
491 0.159
492 0.159
493 0.155
494 0.159
495 0.155
496 0.147
497 0.156
498 0.16
499 0.152
500 0.159
501 0.144
502 0.187
503 0.159
504 0.164
505 0.156
506 0.152
507 0.172
508 0.171
509 0.155
510 0.164
511 0.171
512 0.171
513 0.167
514 0.159
515 0.164
516 0.159
517 0.148
518 0.164
519 0.159
520 0.171
521 0.18
522 0.191
523 0.163
524 0.195
525 0.164
526 0.163
527 0.167
528 0.167
529 0.159
530 0.164
531 0.171
532 0.168
533 0.171
534 0.168
535 0.168
536 0.195
537 0.168
538 0.187
539 0.183
540 0.183
541 0.191
542 0.168
543 0.164
544 0.164
545 0.168
546 0.18
547 0.168
548 0.18
549 0.18
550 0.168
551 0.171
552 0.2
553 0.207
554 0.187
555 0.212
556 0.207
557 0.183
558 0.175
559 0.175
560 0.164
561 0.187
562 0.18
563 0.18
564 0.188
565 0.18
566 0.163
567 0.192
568 0.199
569 0.239
570 0.195
571 0.199
572 0.207
573 0.199
574 0.203
575 0.208
576 0.207
577 0.207
578 0.216
579 0.216
580 0.207
581 0.211
582 0.2
583 0.203
584 0.207
585 0.203
586 0.199
587 0.203
588 0.22
589 0.212
590 0.199
591 0.204
592 0.204
593 0.219
594 0.219
595 0.248
596 0.268
597 0.212
598 0.223
599 0.219
600 0.191
601 0.211
602 0.235
603 0.211
604 0.211
605 0.211
606 0.224
607 0.247
608 0.203
609 0.251
610 0.243
611 0.219
612 0.219
613 0.203
614 0.195
615 0.216
616 0.228
617 0.227
618 0.204
619 0.223
620 0.223
621 0.235
622 0.223
623 0.243
624 0.256
625 0.251
626 0.215
627 0.231
628 0.228
629 0.219
630 0.204
631 0.224
632 0.224
633 0.228
634 0.243
635 0.236
636 0.207
637 0.228
638 0.283
639 0.276
640 0.236
641 0.211
642 0.235
643 0.231
644 0.207
645 0.231
646 0.207
647 0.231
648 0.243
649 0.235
650 0.288
651 0.264
652 0.252
653 0.215
654 0.239
655 0.243
656 0.239
657 0.212
658 0.235
659 0.211
660 0.256
661 0.207
662 0.256
663 0.268
664 0.284
665 0.34
666 0.243
667 0.243
668 0.219
669 0.24
670 0.243
671 0.247
672 0.264
673 0.247
674 0.292
675 0.316
676 0.295
677 0.283
678 0.252
679 0.256
680 0.268
681 0.252
682 0.227
683 0.268
684 0.256
685 0.235
686 0.304
687 0.28
688 0.256
689 0.256
690 0.28
691 0.251
692 0.252
693 0.259
694 0.243
695 0.276
696 0.263
697 0.248
698 0.248
699 0.256
700 0.252
701 0.26
702 0.268
703 0.263
704 0.24
705 0.275
706 0.295
707 0.264
708 0.348
709 0.263
710 0.268
711 0.247
712 0.231
713 0.243
714 0.283
715 0.259
716 0.263
717 0.28
718 0.283
719 0.276
720 0.311
721 0.271
722 0.263
723 0.288
724 0.259
725 0.264
726 0.675
727 0.3
728 0.292
729 0.28
730 0.268
731 0.26
732 0.268
733 0.292
734 0.271
735 0.275
736 0.259
737 0.287
738 0.323
739 0.268
740 0.34
741 0.275
742 0.271
743 0.288
744 0.283
745 0.284
746 0.243
747 0.287
748 0.367
749 0.384
750 0.28
751 0.263
752 0.24
753 0.275
754 0.299
755 0.268
756 0.256
757 0.292
758 0.295
759 0.355
760 0.276
761 0.304
762 0.295
763 0.268
764 0.256
765 0.287
766 0.304
767 0.259
768 0.304
769 0.367
770 0.375
771 0.307
772 0.275
773 0.264
774 0.283
775 0.307
776 0.295
777 0.295
778 0.284
779 0.331
780 0.388
781 0.327
782 0.319
783 0.272
784 0.288
785 0.303
786 0.295
787 0.372
788 0.319
789 0.295
790 0.3
791 0.284
792 0.307
793 0.319
794 0.295
795 0.376
796 0.315
797 0.291
798 0.295
799 0.284
800 0.315
801 0.271
802 0.319
803 0.312
804 0.384
805 0.367
806 0.36
807 0.328
808 0.319
809 0.288
810 0.312
811 0.312
812 0.312
813 0.316
814 0.327
815 0.331
816 0.304
817 0.319
818 0.331
819 0.339
820 0.319
821 0.311
822 0.343
823 0.443
824 0.335
825 0.331
826 0.304
827 0.323
828 0.328
829 0.336
830 0.343
831 0.367
832 0.42
833 0.336
834 0.336
835 0.312
836 0.327
837 0.327
838 0.319
839 0.387
840 0.388
841 0.319
842 0.3
843 0.327
844 0.355
845 0.328
846 0.331
847 0.388
848 0.331
849 0.339
850 0.339
851 0.355
852 0.304
853 0.348
854 0.312
855 0.324
856 0.443
857 0.351
858 0.367
859 0.355
860 0.36
861 0.315
862 0.323
863 0.323
864 0.368
865 0.423
866 0.331
867 0.319
868 0.348
869 0.36
870 0.343
871 0.364
872 0.396
873 0.42
874 0.415
875 0.327
876 0.363
877 0.355
878 0.352
879 0.336
880 0.451
881 0.363
882 0.327
883 0.315
884 0.351
885 0.343
886 0.352
887 0.336
888 0.364
889 0.379
890 0.355
891 0.371
892 0.319
893 0.355
894 0.363
895 0.339
896 0.343
897 0.515
898 0.439
899 0.367
900 0.356
901 0.364
902 0.339
903 0.372
904 0.483
905 0.424
906 0.372
907 0.36
908 0.331
909 0.359
910 0.351
911 0.423
912 0.415
913 0.372
914 0.388
915 0.379
916 0.372
917 0.395
918 0.352
919 0.42
920 0.468
921 0.384
922 0.335
923 0.403
924 0.343
925 0.376
926 0.339
927 0.36
928 0.372
929 0.516
930 0.356
931 0.403
932 0.38
933 0.403
934 0.372
935 0.467
936 0.367
937 0.339
938 0.363
939 0.376
940 0.351
941 0.407
942 0.347
943 0.487
944 0.46
945 0.399
946 0.376
947 0.411
948 0.396
949 0.375
950 0.528
951 0.451
952 0.348
953 0.399
954 0.419
955 0.399
956 0.463
957 0.508
958 0.42
959 0.36
960 0.415
961 0.416
962 0.399
963 0.468
964 0.408
965 0.432
966 0.384
967 0.435
968 0.432
969 0.387
970 0.492
971 0.487
972 0.343
973 0.348
974 0.356
975 0.359
976 0.351
977 0.436
978 0.447
979 0.351
980 0.343
981 0.376
982 0.343
983 0.379
984 0.483
985 0.423
986 0.359
987 0.356
988 0.379
989 0.367
990 0.415
991 0.435
992 0.379
993 0.38
994 0.363
995 0.38
996 0.352
997 0.403
998 0.427
999 0.412
1000 0.407
1001 0.348
1002 0.375
1003 0.783
1004 0.435
1005 0.439
1006 0.399
1007 0.364
1008 0.379
1009 0.331
1010 0.355
1011 0.524
1012 0.408
1013 0.348
1014 0.384
1015 0.372
1016 0.399
1017 0.512
1018 0.387
1019 0.356
1020 0.403
1021 0.384
1022 0.399
1023 0.487
1024 0.431
1025 0.36
1026 0.396
1027 0.359
1028 0.379
1029 0.419
1030 0.411
1031 0.463
1032 0.391
1033 0.396
1034 0.372
1035 0.372
1036 0.42
1037 0.528
1038 0.363
1039 0.36
1040 0.4
1041 0.368
1042 0.395
1043 0.487
1044 0.403
1045 0.407
1046 0.4
1047 0.411
1048 0.4
1049 0.375
1050 0.524
1051 0.456
1052 0.432
1053 0.447
1054 0.436
1055 0.487
1056 0.544
1057 0.544
1058 0.463
1059 0.495
1060 0.468
1061 0.42
1062 0.579
1063 0.548
1064 0.459
1065 0.423
1066 0.491
1067 0.419
1068 0.564
1069 0.468
1070 0.463
1071 0.5
1072 0.427
1073 0.44
1074 0.468
1075 0.58
1076 0.487
1077 0.432
1078 0.415
1079 0.475
1080 0.5
1081 0.519
1082 0.58
1083 0.495
1084 0.5
1085 0.475
1086 0.432
1087 0.439
1088 0.668
1089 0.456
1090 0.427
1091 0.459
1092 0.5
1093 0.576
1094 0.495
1095 0.548
1096 0.495
1097 0.503
1098 0.5
1099 0.603
1100 0.563
1101 0.4
1102 0.444
1103 0.456
1104 0.5
1105 0.475
1106 0.672
1107 0.5
1108 0.539
1109 0.495
1110 0.495
1111 0.439
1112 0.612
1113 0.551
1114 0.435
1115 0.491
1116 0.448
1117 0.487
1118 0.543
1119 0.516
1120 0.54
1121 0.495
1122 0.435
1123 0.48
1124 0.495
1125 0.443
1126 0.704
1127 0.504
1128 0.479
1129 0.519
1130 0.471
1131 0.475
1132 0.552
1133 0.592
1134 0.412
1135 0.488
1136 0.504
1137 0.492
1138 0.504
1139 0.555
1140 0.596
1141 0.491
1142 0.5
1143 0.519
1144 0.491
1145 0.544
1146 0.62
1147 0.503
1148 0.535
1149 0.504
1150 0.648
1151 0.567
1152 0.524
1153 0.451
1154 0.503
1155 0.492
1156 0.676
1157 0.5
1158 0.451
1159 0.496
1160 0.463
1161 0.5
1162 0.512
1163 0.644
1164 0.552
1165 0.532
1166 0.512
1167 0.548
1168 0.487
1169 0.548
1170 0.515
1171 0.46
1172 0.439
1173 0.451
1174 0.515
1175 0.551
1176 0.468
1177 0.463
1178 0.475
1179 0.48
1180 0.639
1181 0.432
1182 0.456
1183 0.475
1184 0.464
1185 0.596
1186 0.475
1187 0.451
1188 0.471
1189 0.464
1190 0.572
1191 0.559
1192 0.463
1193 0.46
1194 0.508
1195 0.524
1196 0.556
1197 0.436
1198 0.451
1199 0.487
1200 0.456
1201 0.555
1202 0.532
1203 0.463
1204 0.491
1205 0.48
1206 0.527
1207 0.527
1208 0.484
1209 0.487
1210 0.492
1211 0.48
1212 0.652
1213 0.46
1214 0.504
1215 0.504
1216 0.887
1217 0.668
1218 0.423
1219 0.419
1220 0.456
1221 0.484
1222 0.548
1223 0.587
1224 0.492
1225 0.471
1226 0.5
1227 0.5
1228 0.628
1229 0.504
1230 0.504
1231 0.516
1232 0.463
1233 0.507
1234 0.611
1235 0.484
1236 0.447
1237 0.451
1238 0.459
1239 0.507
1240 0.64
1241 0.532
1242 0.463
1243 0.504
1244 0.471
1245 0.495
1246 0.6
1247 0.536
1248 0.46
1249 0.451
1250 0.463
1251 0.515
1252 0.639
1253 0.551
1254 0.504
1255 0.5
1256 0.495
1257 0.484
1258 0.683
1259 0.464
1260 0.475
1261 0.516
1262 0.464
1263 0.647
1264 0.575
1265 0.528
1266 0.48
1267 0.468
1268 0.507
1269 0.699
1270 0.46
1271 0.504
1272 0.48
1273 0.535
1274 0.663
1275 0.552
1276 0.512
1277 0.504
1278 0.495
1279 0.495
1280 0.659
1281 0.548
1282 0.5
1283 0.536
1284 0.5
1285 0.683
1286 0.5
1287 0.539
1288 0.527
1289 0.524
1290 0.632
1291 0.583
1292 0.551
1293 0.535
1294 0.524
1295 0.632
1296 0.532
1297 0.536
1298 0.524
1299 0.507
1300 0.623
1301 0.575
1302 0.495
1303 0.5
1304 0.519
1305 0.735
1306 0.528
1307 0.52
1308 0.548
1309 0.724
1310 0.511
1311 0.516
1312 0.504
1313 0.707
1314 0.572
1315 0.507
1316 0.528
1317 0.503
1318 0.611
1319 0.648
1320 0.524
1321 0.536
1322 0.511
1323 0.555
1324 0.744
1325 0.508
1326 0.559
1327 0.559
1328 0.604
1329 0.692
1330 0.515
1331 0.552
1332 0.563
1333 0.559
1334 0.744
1335 0.548
1336 0.515
1337 0.559
1338 0.647
1339 0.583
1340 0.548
1341 0.524
1342 0.555
1343 0.684
1344 0.596
1345 0.535
1346 0.524
1347 0.556
1348 0.591
1349 0.651
1350 0.552
1351 0.515
1352 0.567
1353 0.572
1354 0.744
1355 0.56
1356 0.544
1357 0.584
1358 0.612
1359 0.656
1360 0.563
1361 0.584
1362 0.584
1363 0.723
1364 0.563
1365 0.587
1366 0.584
1367 0.727
1368 0.572
1369 0.563
1370 0.579
1371 0.572
1372 0.767
1373 0.567
1374 0.556
1375 0.58
1376 0.767
1377 0.508
1378 0.579
1379 0.519
1380 0.576
1381 0.783
1382 0.579
1383 0.563
1384 0.591
1385 0.7
1386 0.564
1387 0.58
1388 0.576
1389 0.671
1390 0.728
1391 0.548
1392 0.587
1393 0.575
1394 0.683
1395 0.651
1396 0.587
1397 0.62
1398 0.651
1399 0.724
1400 0.512
1401 0.6
1402 0.576
1403 0.559
1404 0.771
1405 0.567
1406 0.6
1407 0.591
1408 0.72
1409 0.636
1410 0.608
1411 0.604
1412 0.628
1413 0.688
1414 0.56
1415 0.627
1416 0.62
1417 0.532
1418 0.732
1419 0.611
1420 0.624
1421 0.603
1422 0.624
1423 0.755
1424 0.624
1425 0.619
1426 0.712
1427 0.696
1428 0.62
1429 0.584
1430 0.659
1431 0.672
1432 0.576
1433 0.568
1434 0.623
1435 0.671
1436 0.796
1437 0.612
1438 0.628
1439 0.596
1440 0.72
1441 0.655
1442 0.596
1443 0.62
1444 0.591
1445 0.836
1446 0.587
1447 0.596
1448 0.615
1449 0.732
1450 0.651
1451 0.607
1452 0.58
1453 0.707
1454 0.72
1455 0.599
1456 0.651
1457 0.639
1458 1.24
1459 0.699
1460 0.548
1461 0.624
1462 0.6
1463 0.855
1464 0.6
1465 0.632
1466 0.608
1467 0.74
1468 0.567
1469 0.62
1470 0.651
1471 0.692
1472 0.803
1473 0.576
1474 0.644
1475 0.644
1476 0.755
1477 0.6
1478 0.648
1479 0.656
1480 0.759
1481 0.744
1482 0.62
1483 0.596
1484 0.615
1485 0.735
1486 0.672
1487 0.635
1488 0.747
1489 0.692
1490 0.896
1491 0.74
1492 0.751
1493 0.744
1494 0.687
1495 1.
1496 0.703
1497 0.779
1498 0.768
1499 0.868
1500 0.843
1501 0.695
1502 0.755
1503 0.775
1504 0.979
1505 0.735
1506 0.74
1507 0.735
1508 0.859
1509 0.728
1510 0.779
1511 0.86
1512 0.839
1513 0.684
1514 0.743
1515 0.732
1516 0.727
1517 0.972
1518 0.74
1519 0.748
1520 0.759
1521 0.915
1522 0.86
1523 0.716
1524 0.711
1525 0.775
1526 0.991
1527 0.756
1528 0.796
1529 0.72
1530 0.764
1531 0.908
1532 0.731
1533 0.775
1534 0.74
1535 0.975
1536 0.744
1537 0.783
1538 0.768
1539 0.716
1540 1.02
1541 0.708
1542 0.74
1543 0.74
1544 0.724
1545 1.024
1546 0.731
1547 0.8
1548 0.731
1549 0.74
1550 1.067
1551 0.788
1552 0.824
1553 0.74
1554 0.983
1555 0.76
1556 0.783
1557 0.779
1558 0.74
1559 0.963
1560 0.668
1561 0.736
1562 0.775
1563 0.735
1564 1.048
1565 0.764
1566 0.748
1567 0.792
1568 0.995
1569 0.735
1570 0.772
1571 0.799
1572 0.983
1573 0.68
1574 0.779
1575 0.792
1576 0.792
1577 0.94
1578 0.803
1579 0.783
1580 0.735
1581 0.948
1582 0.756
1583 0.804
1584 0.811
1585 0.988
1586 0.692
1587 0.744
1588 0.824
1589 0.768
1590 0.996
1591 0.796
1592 0.839
1593 0.764
1594 0.887
1595 0.76
1596 0.755
1597 0.807
1598 0.991
1599 0.855
1600 0.764
1601 0.791
1602 0.751
1603 0.984
1604 0.816
1605 0.844
1606 0.771
1607 0.98
1608 0.844
1609 0.804
1610 0.847
1611 0.864
1612 0.912
1613 0.755
1614 0.839
1615 0.832
1616 0.779
1617 1.019
1618 0.86
1619 0.816
1620 1.432
1621 1.064
1622 0.752
1623 0.788
1624 0.836
1625 1.011
1626 0.828
1627 0.827
1628 0.784
1629 0.896
1630 1.004
1631 0.768
1632 0.807
1633 0.843
1634 1.
1635 0.819
1636 0.796
1637 0.851
1638 0.839
1639 1.003
1640 0.775
1641 0.892
1642 0.799
1643 1.08
1644 0.819
1645 0.823
1646 0.94
1647 0.963
1648 0.792
1649 0.759
1650 0.855
1651 1.007
1652 0.915
1653 0.776
1654 0.852
1655 0.796
1656 1.112
1657 0.847
1658 0.879
1659 0.887
1660 1.079
1661 0.879
1662 0.831
1663 0.871
1664 1.075
1665 0.827
1666 0.819
1667 0.991
1668 0.951
1669 0.852
1670 0.852
1671 0.895
1672 1.055
1673 0.792
1674 0.912
1675 0.863
1676 1.019
1677 0.864
1678 0.867
1679 0.995
1680 0.951
1681 0.78
1682 0.912
1683 0.932
1684 0.928
1685 0.903
1686 0.903
1687 0.935
1688 0.956
1689 0.831
1690 0.887
1691 0.935
1692 0.94
1693 0.892
1694 0.896
1695 1.084
1696 0.956
1697 0.895
1698 0.895
1699 1.035
1700 0.88
1701 0.908
1702 0.943
1703 1.104
1704 0.771
1705 0.811
1706 0.919
1707 1.131
1708 0.867
1709 0.912
1710 0.975
1711 0.971
1712 0.812
1713 0.803
1714 0.855
1715 1.04
1716 0.863
1717 0.86
1718 0.919
1719 1.087
1720 0.951
1721 0.895
1722 0.951
1723 1.111
1724 0.836
1725 0.912
1726 0.927
1727 1.056
1728 0.896
1729 0.836
1730 0.956
1731 1.124
1732 0.847
1733 0.955
1734 0.92
1735 1.152
1736 0.867
1737 0.852
1738 0.859
1739 1.1
1740 0.86
1741 0.895
1742 0.94
1743 1.092
1744 0.872
1745 0.935
1746 0.968
1747 1.056
1748 0.827
1749 0.963
1750 1.007
1751 1.076
1752 0.859
1753 0.907
1754 0.912
1755 1.003
1756 0.796
1757 1.344
1758 0.991
1759 0.74
1760 0.74
1761 0.864
1762 0.907
1763 0.804
1764 0.796
1765 1.079
1766 0.687
1767 0.751
1768 0.843
1769 1.
1770 0.772
1771 0.811
1772 0.783
1773 1.012
1774 0.819
1775 0.8
1776 0.923
1777 1.043
1778 0.908
1779 0.988
1780 0.804
1781 1.236
1782 0.923
1783 0.928
1784 1.163
1785 0.971
1786 0.959
1787 0.963
1788 1.179
1789 0.912
1790 0.975
1791 1.115
1792 1.
1793 0.924
1794 1.008
1795 1.107
1796 1.003
1797 0.959
1798 0.96
1799 1.108
1800 0.872
1801 0.927
1802 0.983
1803 1.135
1804 0.875
1805 0.915
1806 0.991
1807 1.087
1808 1.072
1809 0.855
1810 0.928
1811 0.891
1812 1.307
1813 0.907
1814 0.899
1815 0.951
1816 1.16
1817 0.976
1818 0.972
1819 1.119
1820 0.892
1821 0.895
1822 1.091
1823 1.124
1824 0.98
1825 1.028
1826 1.172
1827 0.94
1828 0.911
1829 1.124
1830 1.096
1831 0.947
1832 1.003
1833 1.136
1834 1.
1835 0.94
1836 1.007
1837 1.096
1838 1.008
1839 0.948
1840 0.944
1841 1.059
1842 1.131
1843 0.935
1844 1.019
1845 1.003
1846 1.188
1847 0.947
1848 1.023
1849 1.128
1850 0.968
1851 0.98
1852 1.035
1853 1.22
1854 0.968
1855 0.963
1856 0.96
1857 1.144
1858 0.955
1859 1.036
1860 1.223
1861 0.916
1862 0.995
1863 0.996
1864 1.175
1865 0.947
1866 1.056
1867 1.251
1868 1.035
1869 0.923
1870 0.988
1871 1.216
1872 0.847
1873 1.056
1874 1.104
1875 0.991
1876 0.984
1877 1.051
1878 1.103
1879 1.003
1880 0.907
1881 1.048
1882 1.172
1883 1.056
1884 1.051
1885 1.036
1886 1.167
1887 0.896
1888 0.984
1889 1.008
1890 1.235
1891 1.023
1892 1.039
1893 1.228
1894 0.928
1895 0.932
1896 1.008
1897 1.22
1898 1.028
1899 0.968
1900 1.231
1901 1.011
1902 1.124
1903 1.207
1904 0.963
1905 0.963
1906 1.292
1907 0.888
1908 1.043
1909 1.004
1910 1.268
1911 1.011
1912 1.055
1913 1.216
1914 1.016
1915 1.051
1916 0.988
1917 1.183
1918 0.963
1919 1.08
1920 1.703
1921 1.263
1922 0.932
1923 1.072
1924 1.231
1925 0.984
1926 1.036
1927 1.268
1928 1.015
1929 1.028
1930 1.22
1931 0.956
1932 1.064
1933 0.943
1934 1.371
1935 1.059
1936 1.024
1937 1.256
1938 1.011
1939 0.96
1940 1.115
1941 1.036
1942 0.996
1943 1.072
1944 1.259
1945 0.919
1946 1.043
1947 1.019
1948 1.259
1949 0.919
1950 1.067
1951 1.079
1952 1.387
1953 0.98
1954 1.011
1955 1.176
1956 1.068
1957 1.052
1958 1.072
1959 1.259
1960 0.988
1961 1.028
1962 1.207
1963 1.023
1964 1.08
1965 1.18
1966 1.355
1967 1.019
1968 1.076
1969 1.251
1970 0.968
1971 1.067
1972 1.188
1973 1.192
1974 1.056
1975 1.208
1976 1.304
1977 1.028
1978 0.932
1979 1.072
1980 0.923
1981 0.9
1982 0.903
1983 1.104
1984 0.935
1985 0.943
1986 1.124
1987 0.903
1988 0.943
1989 1.251
1990 0.839
1991 0.915
1992 0.92
1993 1.128
1994 0.927
1995 0.896
1996 1.148
1997 0.927
1998 0.98
1999 1.163
2000 0.879
2001 0.932
2002 1.127
2003 0.98
2004 0.963
2005 1.004
2006 1.124
2007 0.947
2008 0.951
2009 1.247
2010 0.884
2011 0.915
2012 0.928
2013 1.168
2014 0.951
2015 0.963
2016 1.667
2017 0.927
2018 0.879
2019 0.9
2020 1.128
2021 0.927
2022 0.944
2023 1.096
2024 0.932
2025 0.951
2026 1.008
2027 1.144
2028 0.915
2029 0.923
2030 1.027
2031 1.104
2032 0.944
2033 0.951
2034 1.192
2035 0.916
2036 0.987
2037 1.163
2038 0.896
2039 0.943
2040 1.179
2041 0.935
2042 0.956
2043 1.08
2044 1.228
2045 0.912
2046 0.971
2047 1.119
2048 0.991
2049 0.968
2050 0.932
2051 1.147
2052 0.98
2053 0.968
2054 1.199
2055 0.9
2056 0.98
2057 1.18
2058 1.003
2059 0.971
2060 1.336
2061 0.911
2062 0.995
2063 1.167
2064 1.
2065 0.971
2066 1.812
2067 0.852
2068 0.959
2069 1.207
2070 0.971
2071 0.927
2072 1.187
2073 0.92
2074 0.968
2075 1.04
2076 1.211
2077 0.955
2078 1.
2079 1.284
2080 0.932
2081 1.024
2082 0.903
2083 1.307
2084 0.988
2085 0.971
2086 1.159
2087 0.96
2088 1.039
2089 1.032
2090 1.208
2091 0.971
2092 0.996
2093 1.183
2094 1.012
2095 0.996
2096 1.183
2097 1.
2098 0.992
2099 1.344
2100 1.008
2101 1.019
2102 1.215
2103 0.94
2104 1.019
2105 1.892
2106 0.903
2107 1.008
2108 1.296
2109 0.923
2110 1.028
2111 1.363
2112 1.011
2113 1.
2114 1.415
2115 1.152
2116 1.124
2117 2.223
2118 1.124
2119 1.084
2120 1.42
2121 1.196
2122 1.391
2123 1.359
2124 1.18
2125 1.136
2126 1.427
2127 1.188
2128 2.179
2129 1.519
2130 1.184
2131 1.076
2132 1.508
2133 1.26
2134 1.931
2135 1.376
2136 1.096
2137 1.088
2138 1.407
2139 1.239
2140 1.255
2141 1.439
2142 1.108
2143 1.296
2144 1.416
2145 1.243
2146 1.211
2147 1.596
2148 1.251
2149 1.335
2150 1.487
2151 1.275
2152 1.192
2153 1.448
2154 1.188
2155 1.235
2156 1.423
2157 1.139
2158 1.263
2159 1.416
2160 1.396
2161 1.28
2162 1.324
2163 1.523
2164 1.28
2165 1.344
2166 1.579
2167 1.239
2168 1.251
2169 1.411
2170 1.231
2171 2.271
2172 1.588
2173 1.256
2174 1.2
2175 1.483
2176 1.18
2177 1.199
2178 2.427
2179 1.152
2180 1.115
2181 1.215
2182 1.435
2183 1.168
2184 1.248
2185 1.496
2186 1.231
2187 1.324
2188 1.572
2189 1.18
2190 2.148
2191 1.579
2192 1.187
2193 1.207
2194 1.463
2195 1.163
2196 2.052
2197 1.447
2198 1.119
2199 1.195
2200 1.46
2201 1.168
2202 1.339
2203 1.543
2204 1.251
2205 1.344
2206 1.608
2207 1.179
2208 1.271
2209 1.48
2210 1.204
2211 2.296
2212 1.559
2213 1.271
2214 1.223
2215 1.596
2216 1.327
2217 2.244
2218 1.543
2219 1.259
2220 1.248
2221 1.536
2222 1.228
2223 1.236
2224 1.711
2225 1.34
2226 1.359
2227 1.559
2228 1.232
2229 1.307
2230 1.587
2231 1.071
2232 1.167
2233 1.139
2234 1.372
2235 1.055
2236 1.132
2237 1.359
2238 1.019
2239 1.023
2240 1.4
2241 1.084
2242 1.112
2243 1.327
2244 1.028
2245 1.079
2246 1.315
2247 1.103
2248 1.115
2249 1.375
2250 1.068
2251 1.036
2252 1.031
2253 1.443
2254 1.044
2255 1.096
2256 1.275
2257 1.092
2258 1.099
2259 1.119
2260 1.299
2261 1.104
2262 1.096
2263 1.943
2264 1.008
2265 1.052
2266 1.299
2267 1.112
2268 1.155
2269 1.343
2270 1.048
2271 1.083
2272 1.492
2273 1.083
2274 1.144
2275 1.452
2276 1.039
2277 1.088
2278 1.259
2279 1.148
2280 1.143
2281 1.304
2282 1.28
2283 1.147
2284 1.192
2285 1.395
2286 1.087
2287 1.148
2288 1.344
2289 1.147
2290 1.119
2291 1.428
2292 1.071
2293 1.064
2294 1.331
2295 1.192
2296 1.099
2297 1.284
2298 1.312
2299 1.152
2300 1.187
2301 1.392
2302 1.115
2303 1.203
2304 1.371
2305 1.143
2306 1.124
2307 1.567
2308 1.112
2309 1.24
2310 1.411
2311 1.132
2312 1.32
2313 1.339
2314 1.1
2315 1.187
2316 1.336
2317 1.192
2318 1.244
2319 1.427
2320 1.119
2321 1.127
2322 1.347
2323 1.135
2324 1.268
2325 1.472
2326 1.092
2327 1.132
2328 1.351
2329 1.168
2330 2.188
2331 1.336
2332 1.12
2333 1.059
2334 1.539
2335 1.108
2336 1.172
2337 1.331
2338 1.103
2339 1.175
2340 1.376
2341 1.039
2342 1.192
2343 1.388
2344 1.115
2345 1.215
2346 1.423
2347 1.148
2348 1.144
2349 1.856
2350 1.336
2351 1.299
2352 1.739
2353 1.32
2354 1.336
2355 1.579
2356 1.288
2357 1.42
2358 1.659
2359 1.36
2360 1.467
2361 1.68
2362 1.36
2363 1.42
2364 1.655
2365 1.388
2366 1.467
2367 1.688
2368 1.428
2369 1.435
2370 1.715
2371 1.395
2372 1.324
2373 1.675
2374 1.343
2375 1.403
2376 1.596
2377 1.351
2378 1.391
2379 1.591
2380 1.3
2381 1.447
2382 1.668
2383 1.367
2384 1.415
2385 1.684
2386 1.351
2387 1.5
2388 1.735
2389 1.423
2390 1.467
2391 1.735
2392 1.423
2393 2.219
2394 1.579
2395 1.26
2396 1.303
2397 1.579
2398 1.384
2399 1.371
2400 1.572
2401 1.316
2402 1.435
2403 1.695
2404 1.395
2405 1.311
2406 1.579
2407 1.435
2408 1.364
2409 1.6
2410 1.351
2411 1.407
2412 1.599
2413 1.36
2414 1.528
2415 1.728
2416 1.327
2417 1.496
2418 1.744
2419 1.436
2420 1.435
2421 1.603
2422 1.347
2423 1.395
2424 2.524
2425 1.303
2426 1.335
2427 1.612
2428 1.344
2429 1.431
2430 1.612
2431 1.403
2432 1.4
2433 1.659
2434 1.307
2435 1.532
2436 1.768
2437 1.36
2438 1.556
2439 1.835
2440 1.403
2441 1.448
2442 1.831
2443 1.336
2444 1.463
2445 1.655
2446 1.483
2447 2.556
2448 1.903
2449 1.355
2450 1.32
2451 1.832
2452 1.411
2453 1.587
2454 1.772
2455 1.432
2456 1.411
2457 1.78
2458 1.367
2459 1.46
2460 1.612
2461 1.468
2462 1.496
2463 1.483
2464 1.796
2465 1.519
2466 1.603
2467 1.82
2468 1.483
2469 1.487
2470 1.884
2471 1.487
2472 1.507
2473 1.952
2474 1.523
2475 1.451
2476 1.811
2477 1.356
2478 1.472
2479 1.751
2480 1.452
2481 1.515
2482 1.719
2483 1.508
2484 1.423
2485 1.468
2486 1.672
2487 1.407
2488 1.456
2489 1.923
2490 1.403
2491 1.604
2492 1.744
2493 1.427
2494 1.516
2495 1.635
2496 1.539
2497 2.336
2498 1.695
2499 1.296
2500 1.395
2501 1.68
2502 1.475
2503 1.447
2504 1.968
2505 1.492
2506 1.668
2507 1.507
2508 1.427
2509 1.507
2510 1.928
2511 1.455
2512 1.475
2513 1.708
2514 1.452
2515 2.371
2516 1.695
2517 1.42
2518 1.599
2519 1.768
2520 1.564
2521 1.503
2522 1.78
2523 1.523
2524 1.535
2525 1.831
2526 1.536
2527 1.635
2528 1.86
2529 1.531
2530 1.503
2531 1.88
2532 1.42
2533 1.532
2534 1.9
2535 1.5
2536 1.519
2537 1.704
2538 1.543
2539 1.576
2540 1.907
2541 1.532
2542 1.475
2543 1.815
2544 1.572
2545 1.503
2546 2.019
2547 1.496
2548 1.556
2549 1.731
2550 1.536
2551 2.692
2552 1.991
2553 1.476
2554 1.624
2555 1.811
2556 1.568
2557 1.472
2558 1.955
2559 1.559
2560 1.599
2561 1.872
2562 1.547
2563 1.516
2564 2.028
2565 1.527
2566 1.668
2567 1.931
2568 1.472
2569 1.548
2570 2.059
2571 1.608
2572 1.568
2573 1.9
2574 1.547
2575 1.632
2576 1.851
2577 1.52
2578 1.744
2579 1.739
2580 1.496
2581 1.627
2582 1.847
2583 1.532
2584 1.572
2585 2.071
2586 1.556
2587 1.635
2588 1.911
2589 1.619
2590 1.548
2591 1.871
2592 1.615
2593 1.608
2594 1.823
2595 1.592
2596 1.527
2597 2.072
2598 1.668
2599 1.751
2600 1.647
2601 1.612
2602 1.596
2603 1.896
2604 1.664
2605 1.676
2606 1.824
2607 1.615
2608 1.72
2609 1.751
2610 1.583
2611 1.516
2612 2.012
2613 1.695
2614 1.764
2615 1.715
2616 1.64
2617 1.803
2618 1.603
2619 1.568
2620 1.784
2621 1.664
2622 1.639
2623 1.847
2624 1.668
2625 1.592
2626 1.835
2627 1.664
2628 1.643
2629 1.847
2630 1.688
2631 1.663
2632 1.875
2633 1.695
2634 1.624
2635 1.876
2636 1.596
2637 1.588
2638 2.059
2639 1.556
2640 1.615
2641 1.776
2642 1.584
2643 1.751
2644 1.927
2645 1.647
2646 2.003
2647 1.679
2648 1.744
2649 1.971
2650 1.523
2651 1.739
2652 1.776
2653 1.684
2654 1.892
2655 1.907
2656 1.604
2657 1.856
2658 1.639
2659 1.715
2660 1.847
2661 1.788
2662 1.708
2663 1.935
2664 1.635
2665 1.628
2666 1.795
2667 1.72
2668 1.656
2669 1.711
2670 1.84
2671 1.699
2672 1.875
2673 1.912
2674 1.719
2675 1.836
2676 1.764
2677 1.643
2678 2.147
2679 1.632
2680 1.688
2681 1.9
2682 1.664
2683 1.88
2684 1.763
2685 1.739
2686 1.884
2687 1.652
2688 1.967
2689 1.795
2690 1.728
2691 1.876
2692 1.716
2693 2.
2694 1.635
2695 1.719
2696 2.003
2697 1.6
2698 1.684
2699 2.211
2700 1.703
2701 1.86
2702 1.892
2703 1.684
2704 1.976
2705 1.715
2706 1.775
2707 1.923
2708 1.611
2709 1.739
2710 1.851
2711 1.771
2712 1.82
2713 1.779
2714 1.715
2715 1.911
2716 1.804
2717 1.728
2718 2.059
2719 1.727
2720 1.704
2721 1.856
2722 1.599
2723 1.94
2724 1.62
2725 1.768
2726 1.751
2727 1.875
2728 1.684
2729 1.936
2730 1.936
2731 1.804
2732 1.996
2733 1.643
2734 1.987
2735 1.719
2736 1.692
2737 1.872
2738 1.807
2739 1.731
2740 1.935
2741 1.711
2742 1.704
2743 2.039
2744 1.791
2745 1.703
2746 2.123
2747 1.804
2748 1.831
2749 1.851
2750 1.723
2751 3.036
2752 1.892
2753 1.747
2754 1.923
2755 1.672
2756 1.755
2757 1.884
2758 1.84
2759 1.788
2760 1.947
2761 1.851
2762 1.704
2763 1.864
2764 2.204
2765 1.699
2766 1.811
2767 2.159
2768 1.803
2769 2.027
2770 1.804
2771 1.748
2772 1.848
2773 1.752
2774 1.824
2775 1.867
2776 1.956
2777 1.779
2778 1.807
2779 2.032
2780 1.736
2781 1.692
2782 2.203
2783 1.784
2784 1.76
2785 2.131
2786 1.727
2787 1.827
2788 2.108
2789 1.8
2790 1.68
2791 2.248
2792 1.811
2793 1.875
2794 2.019
2795 1.768
2796 2.052
2797 1.976
2798 1.776
2799 1.783
2800 2.115
2801 1.827
2802 1.967
2803 1.867
2804 1.8
2805 1.788
2806 2.064
2807 1.783
2808 1.759
2809 2.195
2810 1.779
2811 1.923
2812 2.007
2813 1.835
2814 1.84
2815 2.24
2816 1.728
2817 2.052
2818 1.96
2819 1.824
2820 2.083
2821 1.871
2822 1.836
2823 2.228
2824 1.763
2825 1.851
2826 2.099
2827 1.755
2828 1.996
2829 2.087
2830 1.844
2831 1.879
2832 2.127
2833 1.815
2834 1.884
2835 1.927
2836 1.807
2837 2.003
2838 1.972
2839 1.887
2840 2.108
2841 1.832
2842 1.92
2843 2.072
2844 1.811
2845 2.024
2846 1.968
2847 1.836
2848 2.068
2849 2.019
2850 1.764
2851 2.231
2852 1.835
2853 2.083
2854 1.792
2855 1.872
2856 2.256
2857 1.831
2858 1.923
2859 2.164
2860 1.743
2861 1.855
2862 2.211
2863 1.912
2864 2.155
2865 1.923
2866 1.899
2867 2.156
2868 1.847
2869 1.88
2870 2.18
2871 1.792
2872 2.019
2873 2.108
2874 1.856
2875 2.079
2876 2.163
2877 1.971
2878 2.119
2879 1.759
2880 1.895
2881 2.007
2882 1.88
2883 2.192
2884 1.955
2885 1.847
2886 2.172
2887 1.851
2888 2.02
2889 2.167
2890 1.796
2891 1.92
2892 2.079
2893 1.96
2894 2.252
2895 1.904
2896 1.868
2897 2.228
2898 2.032
2899 2.207
2900 1.939
2901 1.947
2902 2.203
2903 1.871
2904 1.923
2905 2.019
2906 1.775
2907 2.079
2908 2.112
2909 1.884
2910 2.156
2911 1.916
2912 1.9
2913 2.391
2914 1.88
2915 2.056
2916 2.036
2917 1.807
2918 2.243
2919 2.036
2920 1.936
2921 2.172
2922 1.983
2923 2.12
2924 2.067
2925 1.819
2926 2.363
2927 1.956
2928 2.091
2929 2.
2930 1.876
2931 2.204
2932 1.963
2933 1.931
2934 2.303
2935 1.811
2936 2.14
2937 2.036
2938 1.9
2939 2.327
2940 1.979
2941 1.931
2942 2.155
2943 1.899
2944 2.223
2945 1.984
2946 1.916
2947 2.096
2948 1.94
2949 2.095
2950 2.059
2951 1.963
2952 2.46
2953 1.975
2954 2.336
2955 1.931
2956 2.024
2957 3.572
2958 1.712
2959 1.784
2960 2.291
2961 1.952
2962 2.243
2963 1.952
2964 1.884
2965 2.184
2966 2.231
2967 1.975
2968 2.087
2969 2.051
2970 2.
2971 1.967
2972 2.423
2973 1.947
2974 2.192
2975 2.152
2976 2.028
2977 2.356
2978 1.884
2979 1.884
2980 2.199
2981 1.784
2982 1.956
2983 2.319
2984 1.96
2985 2.083
2986 2.248
2987 1.992
2988 2.224
2989 2.091
2990 2.052
2991 2.467
2992 1.944
2993 2.039
2994 2.316
2995 2.003
2996 2.1
2997 2.288
2998 1.836
2999 2.264
3000 2.067
3001 2.055
3002 1.935
3003 2.391
3004 2.064
3005 2.268
3006 2.167
3007 2.095
3008 2.248
3009 1.976
3010 2.032
3011 2.436
3012 1.956
3013 1.967
3014 2.472
3015 1.967
3016 2.244
3017 1.983
3018 2.02
3019 2.376
3020 2.108
3021 2.188
3022 2.531
3023 1.876
3024 1.976
3025 2.42
3026 2.003
3027 2.268
3028 2.175
3029 2.076
3030 2.475
3031 1.903
3032 2.148
3033 2.507
3034 2.036
3035 2.192
3036 2.331
3037 1.98
3038 2.347
3039 2.104
3040 2.144
3041 2.28
3042 1.984
3043 2.22
3044 2.279
3045 1.891
3046 2.104
3047 2.091
3048 2.127
3049 2.228
3050 2.007
3051 2.155
3052 2.403
3053 2.051
3054 2.384
3055 2.136
3056 1.988
3057 2.344
3058 2.015
3059 2.199
3060 2.271
3061 2.096
3062 2.451
3063 2.076
3064 2.039
3065 2.344
3066 2.076
3067 2.144
3068 2.175
3069 2.107
3070 2.287
3071 2.039
3072 2.008
3073 2.36
3074 2.064
3075 2.384
3076 2.179
3077 2.028
3078 2.367
3079 2.059
3080 2.324
3081 2.231
3082 2.068
3083 2.488
3084 2.091
3085 2.275
3086 2.127
3087 2.015
3088 2.448
3089 1.967
3090 2.296
3091 2.395
3092 2.047
3093 2.436
3094 2.184
3095 2.127
3096 2.351
3097 2.06
3098 2.203
3099 2.255
3100 2.028
3101 2.351
3102 2.14
3103 2.192
3104 2.319
3105 2.199
3106 2.503
3107 2.243
3108 2.064
3109 2.271
3110 2.131
3111 2.26
3112 2.328
3113 2.112
3114 2.372
3115 2.139
3116 2.176
3117 2.439
3118 2.104
3119 2.112
3120 2.372
3121 2.028
3122 2.3
3123 2.423
3124 2.243
3125 2.479
3126 2.136
3127 2.3
3128 2.288
3129 2.099
3130 2.484
3131 2.119
3132 2.38
3133 2.324
3134 2.135
3135 2.3
3136 2.084
3137 2.284
3138 2.38
3139 2.099
3140 2.568
3141 2.144
3142 2.416
3143 2.095
3144 2.063
3145 2.395
3146 2.099
3147 2.188
3148 2.447
3149 2.131
3150 2.451
3151 2.268
3152 2.179
3153 2.351
3154 2.119
3155 2.404
3156 2.164
3157 2.148
3158 2.579
3159 2.148
3160 2.511
3161 2.132
3162 2.108
3163 2.395
3164 2.079
3165 2.344
3166 2.435
3167 2.055
3168 2.36
3169 2.307
3170 2.192
3171 3.975
3172 2.264
3173 2.096
3174 2.296
3175 2.268
3176 2.231
3177 2.548
3178 2.243
3179 2.228
3180 2.547
3181 2.119
3182 2.315
3183 2.231
3184 2.028
3185 2.247
3186 2.692
3187 2.2
3188 2.435
3189 2.335
3190 2.155
3191 2.655
3192 2.26
3193 2.212
3194 2.595
3195 2.059
3196 2.131
3197 2.659
3198 2.14
3199 2.355
3200 2.307
3201 2.115
3202 2.399
3203 2.456
3204 2.212
3205 2.527
3206 2.251
3207 2.228
3208 2.652
3209 2.215
3210 2.172
3211 2.864
3212 2.167
3213 2.488
3214 2.391
3215 2.228
3216 2.479
3217 2.332
3218 2.288
3219 2.684
3220 2.155
3221 2.376
3222 2.392
3223 2.088
3224 2.304
3225 2.503
3226 2.239
3227 2.511
3228 2.344
3229 2.344
3230 2.631
3231 2.144
3232 2.515
3233 2.363
3234 2.264
3235 2.763
3236 2.095
3237 2.304
3238 2.492
3239 2.131
3240 2.532
3241 2.435
3242 2.115
3243 2.511
3244 2.351
3245 2.315
3246 2.632
3247 2.1
3248 2.271
3249 2.875
3250 2.231
3251 2.435
3252 2.408
3253 2.288
3254 2.771
3255 2.268
3256 2.587
3257 2.42
3258 2.172
3259 2.847
3260 2.231
3261 2.228
3262 2.599
3263 2.176
3264 2.44
3265 2.568
3266 2.259
3267 2.568
3268 2.252
3269 2.275
3270 2.807
3271 2.275
3272 2.559
3273 2.416
3274 2.156
3275 2.42
3276 2.403
3277 2.332
3278 2.591
3279 2.167
3280 2.22
3281 2.507
3282 2.363
3283 2.532
3284 2.399
3285 2.372
3286 2.775
3287 2.256
3288 2.524
3289 2.688
3290 2.339
3291 2.507
3292 2.552
3293 2.311
3294 2.695
3295 2.239
3296 2.484
3297 2.619
3298 2.344
3299 2.88
3300 2.164
3301 2.403
3302 2.771
3303 2.287
3304 2.551
3305 2.536
3306 2.327
3307 2.692
3308 2.412
3309 2.38
3310 2.82
3311 2.252
3312 2.655
3313 2.348
3314 2.292
3315 2.668
3316 2.319
3317 2.384
3318 2.524
3319 2.347
3320 2.551
3321 2.407
3322 2.32
3323 2.58
3324 2.288
3325 2.456
3326 2.411
3327 2.26
3328 2.72
3329 2.351
3330 2.408
3331 2.931
3332 2.364
3333 2.608
3334 2.496
3335 2.416
3336 2.572
3337 2.295
3338 2.712
3339 2.347
3340 2.511
3341 2.819
3342 2.235
3343 2.704
3344 2.471
3345 2.475
3346 2.607
3347 2.427
3348 2.672
3349 2.36
3350 2.46
3351 2.692
3352 2.351
3353 2.804
3354 2.347
3355 2.44
3356 2.659
3357 2.244
3358 2.695
3359 2.312
3360 2.475
3361 3.199
3362 2.332
3363 2.76
3364 2.412
3365 2.444
3366 2.648
3367 2.432
3368 2.944
3369 2.336
3370 2.604
3371 2.68
3372 2.372
3373 2.615
3374 2.539
3375 2.368
3376 2.819
3377 2.363
3378 2.675
3379 2.364
3380 2.38
3381 2.731
3382 2.435
3383 2.528
3384 2.752
3385 2.396
3386 2.839
3387 2.563
3388 2.44
3389 2.707
3390 2.411
3391 2.952
3392 2.307
3393 2.735
3394 2.564
3395 2.427
3396 2.768
3397 2.271
3398 2.771
3399 2.56
3400 2.4
3401 2.731
3402 2.376
3403 2.8
3404 2.496
3405 2.463
3406 2.72
3407 2.436
3408 2.96
3409 2.511
3410 2.884
3411 2.471
3412 2.512
3413 2.688
3414 2.532
3415 2.935
3416 2.332
3417 2.568
3418 2.576
3419 2.512
3420 2.663
3421 2.44
3422 2.88
3423 2.563
3424 2.463
3425 3.155
3426 2.484
3427 2.836
3428 2.556
3429 2.612
3430 2.948
3431 2.496
3432 2.823
3433 2.744
3434 2.655
3435 3.12
3436 2.467
3437 2.728
3438 2.512
3439 2.528
3440 3.14
3441 2.576
3442 3.003
3443 2.511
3444 2.648
3445 2.655
3446 2.435
3447 3.051
3448 2.524
3449 2.699
3450 2.92
3451 2.584
3452 3.083
3453 2.539
3454 2.844
3455 2.719
3456 2.512
3457 2.859
3458 2.427
3459 2.895
3460 2.612
3461 2.391
3462 2.715
3463 2.54
3464 3.047
3465 2.383
3466 2.728
3467 2.872
3468 2.556
3469 2.872
3470 2.579
3471 4.551
3472 2.307
3473 2.512
3474 2.791
3475 2.623
3476 2.804
3477 2.456
3478 4.532
3479 2.283
3480 2.435
3481 3.155
3482 2.588
3483 2.992
3484 2.556
3485 2.555
3486 3.108
3487 2.376
3488 2.796
3489 2.895
3490 2.623
3491 2.876
3492 2.547
3493 2.715
3494 2.5
3495 2.479
3496 2.847
3497 2.559
3498 2.627
3499 3.123
3500 2.615
3501 2.935
3502 2.524
3503 2.516
3504 2.731
3505 2.579
3506 2.948
3507 2.604
3508 2.539
3509 3.311
3510 2.556
3511 2.891
3512 2.56
3513 2.572
3514 2.9
3515 2.579
3516 2.956
3517 2.72
3518 2.475
3519 3.18
3520 2.612
3521 2.927
3522 2.912
3523 2.568
3524 2.827
3525 2.475
3526 2.836
3527 2.859
3528 2.503
3529 2.948
3530 2.576
3531 2.984
3532 2.64
3533 2.487
3534 3.011
3535 2.599
3536 3.059
3537 2.744
3538 2.607
3539 3.
3540 2.564
3541 4.804
3542 2.188
3543 2.836
3544 2.72
3545 2.579
3546 2.884
3547 2.568
3548 2.96
3549 2.887
3550 2.652
3551 2.779
3552 2.603
3553 4.768
3554 2.36
3555 2.659
3556 2.863
3557 2.648
3558 3.072
3559 2.48
3560 2.912
3561 2.824
3562 2.631
3563 3.127
3564 2.587
3565 2.951
3566 2.811
3567 2.623
3568 3.
3569 2.423
3570 2.987
3571 2.948
3572 2.699
3573 3.092
3574 2.479
3575 2.872
3576 2.956
3577 2.724
3578 3.091
3579 2.579
3580 2.835
3581 3.164
3582 2.66
3583 3.003
3584 2.827
3585 2.579
3586 3.083
3587 2.528
3588 2.939
3589 2.828
3590 2.571
3591 3.155
3592 2.647
3593 3.099
3594 2.627
3595 2.704
3596 2.92
3597 2.707
3598 3.1
3599 2.456
3600 2.8
3601 2.884
3602 2.564
3603 2.927
3604 2.8
3605 2.655
3606 3.112
3607 2.628
3608 2.92
3609 2.768
3610 2.747
3611 2.872
3612 2.655
3613 3.203
3614 2.74
3615 3.056
3616 2.648
3617 2.635
3618 3.055
3619 2.76
3620 3.091
3621 2.623
3622 3.207
3623 2.592
3624 2.783
3625 2.979
3626 2.536
3627 3.084
3628 2.94
3629 2.804
3630 3.399
3631 2.807
3632 3.176
3633 2.751
3634 4.963
3635 3.123
3636 2.56
3637 3.051
3638 2.744
3639 3.1
3640 2.752
3641 2.684
3642 3.283
3643 2.76
3644 3.115
3645 2.779
3646 2.88
3647 3.295
3648 2.775
3649 3.224
3650 2.708
3651 3.148
3652 2.923
3653 2.748
3654 3.152
3655 2.572
3656 3.167
3657 2.952
3658 2.819
3659 3.532
3660 2.727
3661 3.023
3662 2.931
3663 2.792
3664 2.975
3665 2.804
3666 3.463
3667 2.635
3668 3.072
3669 2.804
3670 2.895
3671 3.296
3672 2.724
3673 3.268
3674 2.844
3675 2.779
3676 3.475
3677 2.783
3678 3.319
3679 2.82
3680 2.643
3681 3.411
3682 2.684
3683 3.152
3684 2.76
3685 2.992
3686 3.224
3687 2.648
3688 3.351
3689 2.668
3690 2.992
3691 2.991
3692 2.715
3693 3.192
3694 2.688
3695 2.872
3696 3.176
3697 2.743
3698 3.3
3699 2.735
3700 3.364
3701 2.744
3702 2.98
3703 3.283
3704 2.787
3705 3.115
3706 2.783
3707 3.091
3708 3.291
3709 2.768
3710 3.1
3711 2.815
3712 3.076
3713 3.204
3714 2.9
3715 3.167
3716 2.895
3717 3.34
3718 2.88
3719 3.139
3720 2.967
3721 2.96
3722 3.44
3723 2.835
3724 3.328
3725 2.84
3726 3.079
3727 3.244
3728 2.851
3729 3.516
3730 2.76
3731 3.212
3732 2.996
3733 2.976
3734 3.439
3735 2.816
3736 3.243
3737 3.004
3738 2.748
3739 3.355
3740 2.843
3741 3.26
3742 2.967
3743 2.891
3744 3.503
3745 2.956
3746 3.487
3747 2.896
3748 5.164
3749 2.819
3750 2.915
3751 3.072
3752 2.892
3753 3.332
3754 2.884
3755 4.979
3756 2.495
3757 3.347
3758 2.859
3759 3.079
3760 3.059
3761 2.943
3762 3.147
3763 2.823
3764 5.159
3765 2.492
3766 3.316
3767 2.852
3768 2.92
3769 3.275
3770 2.971
3771 3.371
3772 2.915
3773 3.211
3774 3.156
3775 2.971
3776 3.143
3777 2.868
3778 5.503
3779 2.599
3780 3.399
3781 2.739
3782 3.264
3783 2.955
3784 2.939
3785 3.195
3786 2.856
3787 5.296
3788 2.603
3789 3.396
3790 2.747
3791 3.283
3792 2.987
3793 2.852
3794 3.5
3795 3.108
3796 3.332
3797 3.011
3798 2.935
3799 3.871
3800 2.727
3801 3.224
3802 3.372
3803 2.923
3804 3.351
3805 2.887
3806 3.26
3807 3.051
3808 2.96
3809 3.664
3810 2.884
3811 3.22
3812 3.083
3813 3.139
3814 3.695
3815 2.836
3816 3.231
3817 2.979
3818 2.948
3819 3.175
3820 2.847
3821 3.359
3822 3.123
3823 2.879
3824 3.103
3825 2.771
3826 3.284
3827 3.159
3828 3.072
3829 3.092
3830 2.843
3831 3.167
3832 3.164
3833 2.876
3834 3.115
3835 2.8
3836 3.672
3837 2.939
3838 3.192
3839 2.959
3840 2.927
3841 3.34
3842 2.927
3843 3.384
3844 2.872
3845 3.043
3846 3.207
3847 2.811
3848 5.511
3849 2.404
3850 3.291
3851 3.263
3852 2.804
3853 3.567
3854 2.948
3855 3.356
3856 3.236
3857 2.896
3858 3.275
3859 3.095
3860 5.611
3861 2.735
3862 3.091
3863 3.291
3864 2.975
3865 3.603
3866 2.815
3867 3.195
3868 3.456
3869 2.975
3870 3.275
3871 3.087
3872 3.028
3873 3.508
3874 3.048
3875 3.384
3876 3.139
3877 2.968
3878 3.44
3879 2.963
3880 5.111
3881 2.567
3882 3.492
3883 3.095
3884 3.123
3885 3.567
3886 2.84
3887 3.531
3888 3.051
3889 3.387
3890 3.496
3891 3.159
3892 3.5
3893 2.923
3894 3.304
3895 2.992
3896 3.068
3897 3.255
3898 3.083
3899 5.612
3900 2.507
3901 3.423
3902 3.203
3903 3.183
3904 3.688
3905 2.98
3906 3.595
3907 2.992
3908 3.272
3909 3.572
3910 3.092
3911 3.444
3912 3.079
3913 3.367
3914 3.459
3915 3.144
3916 3.487
3917 2.979
3918 3.28
3919 3.276
3920 3.119
3921 3.279
3922 2.904
3923 3.528
3924 3.231
3925 3.34
3926 3.6
3927 2.92
3928 3.731
3929 3.18
3930 3.516
3931 3.007
3932 3.224
3933 3.688
3934 3.043
3935 3.427
3936 3.263
3937 3.183
3938 3.567
3939 3.152
3940 3.791
3941 2.968
3942 3.715
3943 2.956
3944 3.14
3945 3.631
3946 2.988
3947 3.436
3948 3.388
3949 3.064
3950 3.931
3951 3.144
3952 3.352
3953 3.335
3954 3.084
3955 3.796
3956 3.136
3957 3.815
3958 3.064
3959 3.467
3960 3.471
3961 3.084
3962 4.067
3963 3.072
3964 3.615
3965 3.124
3966 3.307
3967 3.615
3968 3.152
3969 3.683
3970 3.136
3971 3.319
3972 3.636
3973 3.156
3974 3.743
3975 3.
3976 3.46
3977 3.28
3978 3.379
3979 4.087
3980 3.087
3981 3.731
3982 3.1
3983 3.42
3984 3.34
3985 3.144
3986 3.288
3987 3.103
3988 5.631
3989 2.855
3990 3.768
3991 3.075
3992 3.443
3993 3.599
3994 3.088
3995 3.695
3996 3.291
3997 3.728
3998 3.095
3999 3.375
4000 3.663
4001 3.239
4002 3.452
4003 3.075
4004 5.711
4005 2.904
4006 3.523
4007 3.388
4008 3.243
4009 3.731
4010 3.26
4011 3.6
4012 3.34
4013 3.399
4014 3.467
4015 3.227
4016 3.376
4017 3.144
4018 5.904
4019 2.868
4020 3.672
4021 3.396
4022 3.239
4023 4.103
4024 3.34
4025 3.807
4026 3.308
4027 5.824
4028 3.095
4029 3.075
4030 4.015
4031 3.111
4032 3.671
4033 3.34
4034 3.364
4035 3.819
4036 3.239
4037 3.708
4038 3.331
4039 3.735
4040 3.463
4041 3.791
4042 3.484
4043 3.479
4044 3.799
4045 3.231
4046 4.028
4047 3.147
4048 5.744
4049 2.904
4050 3.255
4051 3.564
4052 3.283
4053 3.76
4054 3.243
4055 5.764
4056 2.951
4057 3.84
4058 3.207
4059 3.971
4060 3.244
4061 3.747
4062 3.427
4063 3.316
4064 3.951
4065 3.247
4066 3.943
4067 3.319
4068 6.091
4069 2.904
4070 3.699
4071 3.384
4072 3.708
4073 3.443
4074 3.304
4075 4.043
4076 3.268
4077 3.919
4078 3.435
4079 3.783
4080 3.608
4081 3.736
4082 3.768
4083 3.263
4084 4.2
4085 3.379
4086 4.128
4087 3.379
4088 3.639
4089 3.48
4090 3.567
4091 3.648
4092 3.371
4093 3.764
4094 3.307
4095 5.824
4096 3.043
4097 3.819
4098 3.128
4099 3.975
4100 3.139
4101 3.76
4102 3.371
4103 3.711
4104 3.603
4105 3.396
4106 3.695
4107 3.423
4108 5.655
4109 3.
4110 3.684
4111 3.279
4112 3.927
4113 3.175
4114 3.668
4115 3.247
4116 3.623
4117 3.804
4118 3.376
4119 4.072
4120 3.347
4121 4.031
4122 3.412
4123 6.175
4124 3.367
4125 3.539
4126 3.916
4127 3.24
4128 3.692
4129 3.316
4130 6.031
4131 3.043
4132 3.935
4133 3.236
4134 3.832
4135 3.195
4136 3.7
4137 3.736
4138 3.587
4139 4.123
4140 3.559
4141 3.86
4142 3.252
4143 6.036
4144 3.399
4145 3.136
4146 4.188
4147 3.424
4148 3.711
4149 3.435
4150 3.428
4151 4.068
4152 3.227
4153 3.728
4154 3.695
4155 3.319
4156 3.855
4157 3.46
4158 3.759
4159 3.243
4160 3.34
4161 4.136
4162 3.264
4163 3.948
4164 3.515
4165 3.511
4166 4.115
4167 3.448
4168 3.84
4169 3.512
4170 3.427
4171 4.252
4172 3.463
4173 4.015
4174 3.399
4175 3.68
4176 3.919
4177 3.46
4178 4.016
4179 3.211
4180 3.756
4181 3.547
4182 3.432
4183 3.884
4184 3.308
4185 5.956
4186 3.156
4187 4.136
4188 3.279
4189 3.963
4190 3.347
4191 3.516
4192 4.
4193 3.583
4194 3.84
4195 3.268
4196 6.319
4197 3.191
4198 3.48
4199 4.299
4200 3.391
4201 4.02
4202 3.432
4203 3.899
4204 3.471
4205 3.492
4206 4.139
4207 3.52
4208 3.88
4209 3.431
4210 3.587
4211 4.211
4212 3.44
4213 3.895
4214 3.576
4215 3.512
4216 4.34
4217 3.567
4218 4.187
4219 3.304
4220 3.855
4221 3.828
4222 3.584
4223 4.384
4224 3.272
4225 3.904
4226 3.7
4227 3.543
4228 4.496
4229 3.492
4230 3.972
4231 3.712
4232 3.731
4233 4.043
4234 3.652
4235 4.02
4236 3.395
4237 6.391
4238 3.236
4239 3.632
4240 3.824
4241 3.572
4242 3.888
4243 3.44
4244 4.192
4245 3.476
4246 3.823
4247 3.967
4248 3.523
4249 3.887
4250 3.579
4251 6.131
4252 3.111
4253 3.876
4254 3.328
4255 3.603
4256 4.156
4257 3.451
4258 4.395
4259 3.523
4260 6.376
4261 3.456
4262 3.627
4263 3.768
4264 3.551
4265 4.015
4266 3.399
4267 6.292
4268 2.992
4269 4.04
4270 3.768
4271 3.832
4272 3.872
4273 3.604
4274 4.26
4275 3.588
4276 6.548
4277 3.572
4278 3.86
4279 4.027
4280 3.671
4281 4.043
4282 3.615
4283 5.743
4284 3.18
4285 4.227
4286 3.371
4287 4.316
4288 3.471
4289 3.967
4290 3.66
4291 3.416
4292 4.04
4293 3.587
4294 4.344
4295 3.288
4296 4.188
4297 3.491
4298 3.92
4299 4.175
4300 3.559
4301 3.935
4302 3.736
4303 6.208
4304 3.175
4305 4.007
4306 3.595
4307 3.912
4308 4.
4309 3.623
4310 4.275
4311 3.644
4312 4.176
4313 3.683
4314 6.6
4315 3.467
4316 3.507
4317 4.287
4318 3.544
4319 4.136
4320 3.632
4321 6.835
4322 3.672
4323 3.288
4324 4.667
4325 3.512
4326 4.131
4327 3.556
4328 3.676
4329 4.155
4330 3.667
4331 4.108
4332 3.547
4333 6.503
4334 3.12
4335 3.924
4336 3.647
4337 3.768
4338 4.
4339 3.528
4340 4.159
4341 3.567
4342 6.579
4343 3.059
4344 4.076
4345 4.039
4346 3.667
4347 4.072
4348 3.712
4349 3.86
4350 3.18
4351 3.976
4352 3.592
4353 4.5
4354 3.407
4355 4.172
4356 3.675
4357 3.979
4358 3.88
4359 3.796
4360 4.531
4361 3.752
4362 4.356
4363 3.739
4364 6.996
4365 3.387
4366 4.34
4367 3.444
4368 4.352
4369 3.623
4370 4.036
4371 3.951
4372 4.
4373 4.307
4374 3.823
4375 4.176
4376 3.744
4377 6.768
4378 3.291
4379 4.144
4380 3.719
4381 4.051
4382 3.947
4383 3.695
4384 4.76
4385 3.7
4386 4.584
4387 3.775
4388 4.144
4389 3.84
4390 4.092
4391 4.219
4392 3.783
4393 4.655
4394 3.791
4395 4.304
4396 3.727
4397 6.751
4398 3.283
4399 4.368
4400 3.492
4401 4.115
4402 4.072
4403 3.675
4404 4.091
4405 3.799
4406 6.172
4407 3.5
4408 4.171
4409 3.663
4410 4.487
4411 3.476
4412 4.388
4413 3.74
4414 4.172
4415 3.799
4416 4.131
4417 4.304
4418 3.736
4419 4.195
4420 3.912
4421 6.163
4422 3.324
4423 4.275
4424 3.555
4425 4.324
4426 3.708
4427 4.307
4428 3.744
4429 4.264
4430 4.108
4431 4.104
4432 4.095
4433 3.747
4434 4.76
4435 3.74
4436 4.652
4437 3.808
4438 7.087
4439 3.503
4440 4.355
4441 3.639
4442 4.611
4443 3.683
4444 4.752
4445 3.548
4446 4.492
4447 3.6
4448 4.44
4449 3.703
4450 4.148
4451 3.899
4452 4.084
4453 4.307
4454 3.788
4455 4.247
4456 3.932
4457 6.424
4458 3.459
4459 4.432
4460 3.711
4461 4.448
4462 3.587
4463 4.568
4464 3.744
4465 4.683
4466 3.712
4467 4.567
4468 3.816
4469 4.5
4470 3.584
4471 4.52
4472 3.868
4473 4.731
4474 3.652
4475 4.368
4476 3.887
4477 4.167
4478 4.252
4479 3.811
4480 4.26
4481 6.915
4482 4.859
4483 3.652
4484 4.527
4485 3.992
4486 6.675
4487 3.547
4488 4.299
4489 3.683
4490 4.559
4491 3.731
4492 4.631
4493 3.724
4494 4.652
4495 3.712
4496 4.564
4497 3.891
4498 4.488
4499 3.708
4500 4.579
4501 3.879
4502 4.752
4503 3.755
4504 4.595
4505 3.979
4506 4.523
4507 3.603
4508 4.856
4509 3.847
4510 4.7
4511 3.663
4512 4.628
4513 3.851
4514 4.443
4515 3.695
4516 4.587
4517 4.003
4518 4.599
4519 3.832
4520 4.659
4521 3.84
4522 4.579
4523 3.708
4524 4.54
4525 3.928
4526 4.655
4527 3.771
4528 4.64
4529 3.959
4530 4.703
4531 3.76
4532 4.492
4533 3.948
4534 4.559
4535 3.816
4536 4.684
4537 3.84
4538 4.592
4539 3.788
4540 4.652
4541 3.968
4542 4.672
4543 3.876
4544 4.623
4545 3.98
4546 4.604
4547 3.807
4548 4.724
4549 3.927
4550 4.667
4551 3.868
4552 4.68
4553 3.987
4554 4.724
4555 3.752
4556 4.723
4557 4.048
4558 4.6
4559 3.92
4560 4.539
4561 4.048
4562 4.399
4563 3.852
4564 4.412
4565 4.015
4566 4.175
4567 3.992
4568 4.967
4569 4.123
4570 4.804
4571 4.18
4572 6.78
4573 3.675
4574 4.391
4575 3.844
4576 4.576
4577 3.695
4578 4.695
4579 3.86
4580 4.671
4581 4.144
4582 4.096
4583 4.543
4584 3.984
4585 4.547
4586 3.876
4587 7.355
4588 3.7
4589 4.791
4590 3.659
4591 4.528
4592 4.015
4593 4.42
4594 4.303
4595 4.163
4596 4.876
4597 4.108
4598 4.688
4599 4.048
4600 7.131
4601 3.54
4602 4.236
4603 4.123
4604 4.319
4605 4.816
4606 4.007
4607 4.736
4608 3.963
4609 7.459
4610 3.688
4611 4.376
4612 4.371
4613 4.152
4614 4.927
4615 4.04
4616 4.819
4617 4.159
4618 7.319
4619 3.703
4620 4.347
4621 4.268
4622 4.344
4623 4.668
4624 4.043
4625 4.492
4626 3.987
4627 7.431
4628 3.727
4629 4.368
4630 4.199
4631 4.148
4632 4.783
4633 3.987
4634 4.724
4635 3.979
4636 7.736
4637 3.807
4638 4.219
4639 4.54
4640 4.164
4641 4.46
4642 4.123
4643 6.463
4644 3.931
4645 4.424
4646 3.899
4647 4.587
4648 4.103
4649 4.707
4650 3.731
4651 4.879
4652 3.98
4653 4.523
4654 4.159
4655 4.503
4656 4.787
4657 4.064
4658 4.275
4659 4.164
4660 6.916
4661 3.592
4662 4.751
4663 3.863
4664 4.631
4665 4.092
4666 4.595
4667 4.423
4668 4.252
4669 4.951
4670 4.144
4671 4.708
4672 4.003
4673 7.244
4674 4.031
4675 4.032
4676 4.86
4677 4.143
4678 4.504
4679 4.115
4680 7.619
4681 3.648
4682 4.876
4683 3.939
4684 4.935
4685 4.159
4686 4.739
4687 4.292
4688 4.5
4689 4.78
4690 4.172
4691 4.536
4692 4.255
4693 7.131
4694 3.74
4695 4.875
4696 3.743
4697 4.728
4698 4.203
4699 4.512
4700 4.608
4701 4.199
4702 5.227
4703 4.2
4704 5.028
4705 4.18
4706 7.656
4707 3.679
4708 4.564
4709 4.328
4710 4.52
4711 4.84
4712 4.104
4713 4.724
4714 4.236
4715 4.395
4716 3.688
4717 4.691
4718 4.16
4719 4.484
4720 3.944
4721 4.788
4722 4.043
4723 4.583
4724 4.26
4725 4.672
4726 4.
4727 4.236
4728 4.272
4729 4.644
4730 4.064
4731 5.036
4732 4.308
4733 4.623
4734 4.231
4735 7.072
4736 3.984
4737 4.772
4738 3.987
4739 4.827
4740 4.111
4741 5.296
4742 3.927
4743 5.183
4744 4.119
4745 5.032
4746 4.096
4747 4.747
4748 4.172
4749 4.675
4750 4.628
4751 4.247
4752 4.68
4753 6.628
4754 4.484
4755 3.788
4756 4.62
4757 4.327
4758 5.347
4759 4.16
4760 4.796
4761 4.388
4762 7.172
4763 3.76
4764 5.012
4765 4.211
4766 4.864
4767 3.96
4768 5.155
4769 4.159
4770 4.903
4771 4.108
4772 5.2
4773 4.328
4774 5.052
4775 4.
4776 5.224
4777 4.212
4778 5.048
4779 4.064
4780 4.992
4781 3.995
4782 4.855
4783 4.152
4784 4.783
4785 4.423
4786 4.816
4787 4.78
4788 4.567
4789 5.18
4790 4.275
4791 4.84
4792 4.324
4793 7.432
4794 3.84
4795 5.048
4796 4.128
4797 5.076
4798 3.987
4799 5.043
4800 4.307
4801 5.12
4802 4.039
4803 5.056
4804 4.319
4805 5.064
4806 4.171
4807 5.015
4808 4.427
4809 5.16
4810 4.139
4811 4.987
4812 4.252
4813 5.239
4814 4.075
4815 5.139
4816 4.311
4817 5.039
4818 4.051
4819 5.268
4820 4.195
4821 5.268
4822 4.084
4823 5.167
4824 4.235
4825 5.391
4826 4.191
4827 5.159
4828 4.231
4829 5.095
4830 4.2
4831 5.18
4832 4.159
4833 5.175
4834 4.331
4835 5.075
4836 4.204
4837 5.2
4838 4.412
4839 5.004
4840 4.191
4841 5.123
4842 4.34
4843 5.04
4844 4.079
4845 5.12
4846 4.423
4847 5.031
4848 4.216
4849 4.992
4850 4.324
4851 5.159
4852 4.087
4853 5.328
4854 4.247
4855 5.344
4856 4.099
4857 5.072
4858 4.367
4859 5.056
4860 4.172
4861 5.175
4862 4.331
4863 5.056
4864 4.095
4865 5.123
4866 4.312
4867 4.987
4868 4.276
4869 5.184
4870 4.247
4871 5.164
4872 4.376
4873 5.2
4874 4.324
4875 5.216
4876 4.383
4877 5.188
4878 4.247
4879 5.356
4880 4.387
4881 5.308
4882 4.312
4883 4.956
4884 4.295
4885 5.016
4886 4.263
4887 5.099
4888 4.6
4889 5.051
4890 4.244
4891 5.288
4892 4.407
4893 5.175
4894 4.372
4895 5.26
4896 4.54
4897 4.94
4898 4.407
4899 5.015
4900 4.584
4901 4.827
4902 4.407
4903 5.412
4904 4.448
4905 5.063
4906 4.7
4907 7.972
4908 4.064
4909 5.208
4910 4.236
4911 5.192
4912 4.195
4913 5.523
4914 4.304
4915 5.259
4916 4.123
4917 5.307
4918 4.403
4919 5.056
4920 4.727
4921 4.652
4922 5.831
4923 4.512
4924 5.079
4925 4.468
4926 8.276
4927 4.288
4928 4.619
4929 4.775
4930 4.439
4931 4.924
4932 4.456
4933 7.563
4934 3.84
4935 5.516
4936 4.187
4937 5.159
4938 4.439
4939 4.936
4940 5.216
4941 4.328
4942 5.191
4943 4.623
4944 8.476
4945 4.012
4946 5.155
4947 4.504
4948 5.22
4949 4.5
4950 4.835
4951 5.216
4952 4.644
4953 5.244
4954 4.5
4955 7.703
4956 4.38
4957 5.443
4958 4.116
4959 5.416
4960 4.507
4961 5.087
4962 4.631
4963 4.851
4964 5.252
4965 4.536
4966 5.116
4967 4.572
4968 8.307
4969 3.963
4970 5.351
4971 4.515
4972 5.568
4973 4.155
4974 5.307
4975 4.548
4976 5.072
4977 4.632
4978 4.644
4979 5.512
4980 4.575
4981 5.536
4982 4.563
4983 8.352
4984 4.788
4985 4.528
4986 5.295
4987 4.556
4988 5.387
4989 4.723
4990 7.804
4991 3.919
4992 5.4
4993 4.603
4994 5.599
4995 4.279
4996 5.283
4997 4.455
4998 5.136
4999 4.695
5000 4.596