1 0.016
2 0.016
3 0.016
4 0.016
5 0.015
6 0.02
7 0.02
8 0.02
9 0.02
10 0.02
11 0.016
12 0.016
13 0.016
14 0.02
15 0.02
16 0.02
17 0.02
18 0.02
19 0.016
20 0.02
21 0.02
22 0.016
23 0.024
24 0.024
25 0.024
26 0.019
27 0.02
28 0.024
29 0.02
30 0.019
31 0.02
32 0.028
33 0.02
34 0.023
35 0.024
36 0.028
37 0.024
38 0.028
39 0.028
40 0.028
41 0.028
42 0.024
43 0.027
44 0.032
45 0.028
46 0.028
47 0.027
48 0.027
49 0.027
50 0.027
51 0.028
52 0.027
53 0.032
54 0.028
55 0.028
56 0.028
57 0.027
58 0.035
59 0.032
60 0.036
61 0.028
62 0.032
63 0.032
64 0.032
65 0.032
66 0.028
67 0.032
68 0.036
69 0.032
70 0.032
71 0.044
72 0.036
73 0.04
74 0.036
75 0.04
76 0.036
77 0.04
78 0.044
79 0.04
80 0.036
81 0.036
82 0.036
83 0.044
84 0.036
85 0.044
86 0.036
87 0.044
88 0.04
89 0.04
90 0.043
91 0.04
92 0.044
93 0.044
94 0.04
95 0.043
96 0.044
97 0.048
98 0.043
99 0.044
100 0.048
101 0.043
102 0.044
103 0.048
104 0.048
105 0.043
106 0.051
107 0.052
108 0.048
109 0.048
110 0.048
111 0.052
112 0.048
113 0.048
114 0.043
115 0.048
116 0.048
117 0.051
118 0.052
119 0.051
120 0.051
121 0.048
122 0.048
123 0.051
124 0.048
125 0.051
126 0.056
127 0.056
128 0.056
129 0.051
130 0.055
131 0.059
132 0.06
133 0.059
134 0.055
135 0.068
136 0.059
137 0.056
138 0.06
139 0.06
140 0.06
141 0.067
142 0.067
143 0.064
144 0.064
145 0.064
146 0.067
147 0.064
148 0.071
149 0.067
150 0.064
151 0.064
152 0.064
153 0.068
154 0.064
155 0.068
156 0.059
157 0.071
158 0.068
159 0.064
160 0.059
161 0.064
162 0.064
163 0.068
164 0.071
165 0.067
166 0.064
167 0.071
168 0.067
169 0.064
170 0.067
171 0.064
172 0.059
173 0.068
174 0.067
175 0.071
176 0.071
177 0.075
178 0.079
179 0.076
180 0.071
181 0.076
182 0.076
183 0.072
184 0.071
185 0.071
186 0.076
187 0.08
188 0.067
189 0.076
190 0.079
191 0.083
192 0.076
193 0.076
194 0.08
195 0.08
196 0.071
197 0.079
198 0.083
199 0.076
200 0.075
201 0.079
202 0.079
203 0.079
204 0.079
205 0.083
206 0.075
207 0.079
208 0.083
209 0.083
210 0.083
211 0.083
212 0.08
213 0.083
214 0.08
215 0.083
216 0.076
217 0.08
218 0.083
219 0.079
220 0.088
221 0.083
222 0.087
223 0.083
224 0.088
225 0.088
226 0.088
227 0.083
228 0.091
229 0.084
230 0.088
231 0.091
232 0.091
233 0.084
234 0.088
235 0.091
236 0.095
237 0.088
238 0.091
239 0.096
240 0.096
241 0.091
242 0.088
243 0.095
244 0.096
245 0.095
246 0.091
247 0.092
248 0.088
249 0.096
250 0.096
251 0.099
252 0.091
253 0.095
254 0.091
255 0.091
256 0.091
257 0.091
258 0.095
259 0.095
260 0.103
261 0.1
262 0.095
263 0.091
264 0.091
265 0.103
266 0.1
267 0.1
268 0.103
269 0.103
270 0.1
271 0.1
272 0.096
273 0.111
274 0.103
275 0.1
276 0.1
277 0.103
278 0.095
279 0.107
280 0.103
281 0.107
282 0.108
283 0.103
284 0.112
285 0.112
286 0.111
287 0.115
288 0.112
289 0.111
290 0.115
291 0.107
292 0.103
293 0.103
294 0.107
295 0.108
296 0.1
297 0.107
298 0.108
299 0.107
300 0.103
301 0.103
302 0.104
303 0.12
304 0.124
305 0.124
306 0.124
307 0.123
308 0.124
309 0.12
310 0.119
311 0.119
312 0.115
313 0.115
314 0.115
315 0.119
316 0.115
317 0.116
318 0.115
319 0.123
320 0.131
321 0.115
322 0.116
323 0.115
324 0.115
325 0.12
326 0.124
327 0.124
328 0.119
329 0.115
330 0.124
331 0.124
332 0.128
333 0.115
334 0.119
335 0.124
336 0.123
337 0.124
338 0.128
339 0.131
340 0.128
341 0.128
342 0.124
343 0.131
344 0.143
345 0.124
346 0.123
347 0.131
348 0.135
349 0.128
350 0.123
351 0.132
352 0.124
353 0.135
354 0.128
355 0.132
356 0.123
357 0.123
358 0.131
359 0.135
360 0.131
361 0.124
362 0.128
363 0.128
364 0.135
365 0.128
366 0.136
367 0.135
368 0.14
369 0.14
370 0.128
371 0.131
372 0.128
373 0.148
374 0.132
375 0.131
376 0.144
377 0.144
378 0.132
379 0.14
380 0.147
381 0.147
382 0.135
383 0.132
384 0.144
385 0.14
386 0.135
387 0.143
388 0.152
389 0.135
390 0.136
391 0.14
392 0.132
393 0.135
394 0.144
395 0.143
396 0.152
397 0.152
398 0.159
399 0.156
400 0.143
401 0.159
402 0.155
403 0.147
404 0.16
405 0.152
406 0.151
407 0.135
408 0.147
409 0.147
410 0.155
411 0.14
412 0.152
413 0.151
414 0.152
415 0.148
416 0.147
417 0.144
418 0.156
419 0.147
420 0.152
421 0.168
422 0.159
423 0.147
424 0.164
425 0.152
426 0.171
427 0.147
428 0.176
429 0.164
430 0.156
431 0.159
432 0.16
433 0.152
434 0.16
435 0.159
436 0.147
437 0.16
438 0.156
439 0.16
440 0.168
441 0.155
442 0.164
443 0.152
444 0.164
445 0.156
446 0.159
447 0.183
448 0.168
449 0.159
450 0.192
451 0.172
452 0.176
453 0.171
454 0.171
455 0.171
456 0.176
457 0.156
458 0.168
459 0.159
460 0.168
461 0.159
462 0.168
463 0.171
464 0.171
465 0.171
466 0.191
467 0.179
468 0.179
469 0.163
470 0.2
471 0.179
472 0.192
473 0.179
474 0.164
475 0.171
476 0.175
477 0.171
478 0.171
479 0.168
480 0.176
481 0.176
482 0.176
483 0.168
484 0.171
485 0.176
486 0.191
487 0.172
488 0.212
489 0.2
490 0.176
491 0.183
492 0.179
493 0.183
494 0.179
495 0.18
496 0.171
497 0.179
498 0.183
499 0.176
500 0.183
501 0.168
502 0.203
503 0.179
504 0.192
505 0.176
506 0.176
507 0.195
508 0.195
509 0.18
510 0.188
511 0.195
512 0.191
513 0.195
514 0.188
515 0.188
516 0.183
517 0.168
518 0.192
519 0.179
520 0.195
521 0.204
522 0.212
523 0.187
524 0.219
525 0.188
526 0.183
527 0.192
528 0.192
529 0.188
530 0.188
531 0.191
532 0.195
533 0.195
534 0.187
535 0.192
536 0.219
537 0.187
538 0.22
539 0.207
540 0.212
541 0.211
542 0.191
543 0.188
544 0.192
545 0.192
546 0.204
547 0.195
548 0.204
549 0.2
550 0.195
551 0.195
552 0.223
553 0.228
554 0.216
555 0.236
556 0.231
557 0.207
558 0.195
559 0.203
560 0.183
561 0.207
562 0.207
563 0.207
564 0.216
565 0.204
566 0.192
567 0.219
568 0.227
569 0.268
570 0.223
571 0.231
572 0.235
573 0.227
574 0.231
575 0.228
576 0.235
577 0.235
578 0.243
579 0.235
580 0.231
581 0.243
582 0.228
583 0.236
584 0.236
585 0.236
586 0.231
587 0.236
588 0.248
589 0.24
590 0.231
591 0.231
592 0.231
593 0.252
594 0.256
595 0.28
596 0.295
597 0.24
598 0.252
599 0.243
600 0.219
601 0.24
602 0.263
603 0.244
604 0.243
605 0.239
606 0.256
607 0.28
608 0.231
609 0.28
610 0.271
611 0.252
612 0.247
613 0.231
614 0.224
615 0.243
616 0.256
617 0.256
618 0.231
619 0.251
620 0.251
621 0.268
622 0.247
623 0.276
624 0.283
625 0.28
626 0.239
627 0.256
628 0.252
629 0.252
630 0.231
631 0.252
632 0.252
633 0.259
634 0.271
635 0.268
636 0.235
637 0.259
638 0.316
639 0.307
640 0.26
641 0.24
642 0.268
643 0.264
644 0.235
645 0.259
646 0.239
647 0.255
648 0.279
649 0.259
650 0.319
651 0.288
652 0.288
653 0.243
654 0.268
655 0.271
656 0.268
657 0.24
658 0.268
659 0.239
660 0.287
661 0.24
662 0.292
663 0.3
664 0.319
665 0.367
666 0.275
667 0.271
668 0.247
669 0.268
670 0.268
671 0.275
672 0.292
673 0.275
674 0.324
675 0.348
676 0.324
677 0.316
678 0.279
679 0.287
680 0.304
681 0.283
682 0.259
683 0.296
684 0.288
685 0.259
686 0.34
687 0.311
688 0.287
689 0.288
690 0.307
691 0.28
692 0.28
693 0.291
694 0.275
695 0.307
696 0.292
697 0.28
698 0.283
699 0.287
700 0.288
701 0.28
702 0.296
703 0.296
704 0.275
705 0.308
706 0.323
707 0.292
708 0.376
709 0.287
710 0.3
711 0.275
712 0.263
713 0.275
714 0.316
715 0.292
716 0.292
717 0.312
718 0.315
719 0.304
720 0.348
721 0.295
722 0.296
723 0.312
724 0.292
725 0.295
726 0.704
727 0.331
728 0.323
729 0.307
730 0.299
731 0.292
732 0.3
733 0.328
734 0.295
735 0.307
736 0.288
737 0.32
738 0.36
739 0.304
740 0.371
741 0.307
742 0.295
743 0.319
744 0.316
745 0.316
746 0.272
747 0.316
748 0.4
749 0.415
750 0.307
751 0.296
752 0.28
753 0.312
754 0.332
755 0.299
756 0.287
757 0.328
758 0.324
759 0.383
760 0.307
761 0.335
762 0.328
763 0.295
764 0.292
765 0.324
766 0.34
767 0.292
768 0.339
769 0.4
770 0.408
771 0.344
772 0.311
773 0.292
774 0.316
775 0.335
776 0.327
777 0.328
778 0.316
779 0.367
780 0.419
781 0.367
782 0.356
783 0.303
784 0.324
785 0.34
786 0.328
787 0.403
788 0.363
789 0.331
790 0.336
791 0.315
792 0.347
793 0.348
794 0.328
795 0.408
796 0.352
797 0.319
798 0.331
799 0.312
800 0.351
801 0.303
802 0.355
803 0.348
804 0.411
805 0.403
806 0.391
807 0.363
808 0.352
809 0.312
810 0.343
811 0.348
812 0.34
813 0.347
814 0.355
815 0.364
816 0.343
817 0.355
818 0.367
819 0.376
820 0.351
821 0.339
822 0.375
823 0.483
824 0.367
825 0.367
826 0.34
827 0.355
828 0.363
829 0.372
830 0.38
831 0.407
832 0.451
833 0.371
834 0.371
835 0.347
836 0.364
837 0.363
838 0.355
839 0.42
840 0.423
841 0.36
842 0.336
843 0.367
844 0.387
845 0.363
846 0.367
847 0.423
848 0.363
849 0.376
850 0.375
851 0.391
852 0.343
853 0.384
854 0.348
855 0.363
856 0.483
857 0.384
858 0.408
859 0.395
860 0.395
861 0.352
862 0.363
863 0.363
864 0.4
865 0.459
866 0.367
867 0.352
868 0.384
869 0.391
870 0.376
871 0.399
872 0.427
873 0.455
874 0.451
875 0.364
876 0.4
877 0.396
878 0.388
879 0.372
880 0.483
881 0.399
882 0.367
883 0.355
884 0.384
885 0.379
886 0.387
887 0.375
888 0.399
889 0.411
890 0.387
891 0.411
892 0.359
893 0.391
894 0.4
895 0.379
896 0.38
897 0.548
898 0.475
899 0.403
900 0.388
901 0.399
902 0.379
903 0.404
904 0.524
905 0.455
906 0.408
907 0.396
908 0.367
909 0.391
910 0.384
911 0.46
912 0.451
913 0.408
914 0.424
915 0.419
916 0.411
917 0.435
918 0.391
919 0.451
920 0.507
921 0.42
922 0.375
923 0.439
924 0.379
925 0.412
926 0.379
927 0.396
928 0.412
929 0.551
930 0.396
931 0.439
932 0.42
933 0.444
934 0.411
935 0.507
936 0.408
937 0.371
938 0.4
939 0.415
940 0.391
941 0.444
942 0.387
943 0.527
944 0.5
945 0.439
946 0.415
947 0.451
948 0.432
949 0.412
950 0.563
951 0.495
952 0.384
953 0.439
954 0.456
955 0.436
956 0.504
957 0.548
958 0.463
959 0.4
960 0.456
961 0.451
962 0.435
963 0.512
964 0.456
965 0.471
966 0.42
967 0.471
968 0.471
969 0.427
970 0.531
971 0.528
972 0.379
973 0.384
974 0.395
975 0.399
976 0.391
977 0.471
978 0.484
979 0.388
980 0.379
981 0.411
982 0.379
983 0.42
984 0.516
985 0.459
986 0.396
987 0.391
988 0.415
989 0.403
990 0.451
991 0.468
992 0.415
993 0.412
994 0.399
995 0.412
996 0.384
997 0.439
998 0.459
999 0.447
1000 0.447
1001 0.388
1002 0.412
1003 0.824
1004 0.475
1005 0.48
1006 0.436
1007 0.399
1008 0.411
1009 0.372
1010 0.391
1011 0.564
1012 0.448
1013 0.383
1014 0.419
1015 0.412
1016 0.431
1017 0.551
1018 0.423
1019 0.391
1020 0.439
1021 0.419
1022 0.439
1023 0.523
1024 0.471
1025 0.403
1026 0.431
1027 0.395
1028 0.419
1029 0.456
1030 0.451
1031 0.504
1032 0.432
1033 0.435
1034 0.412
1035 0.412
1036 0.456
1037 0.567
1038 0.403
1039 0.4
1040 0.432
1041 0.4
1042 0.432
1043 0.528
1044 0.435
1045 0.444
1046 0.439
1047 0.456
1048 0.435
1049 0.415
1050 0.563
1051 0.495
1052 0.475
1053 0.492
1054 0.475
1055 0.528
1056 0.587
1057 0.584
1058 0.507
1059 0.532
1060 0.512
1061 0.468
1062 0.624
1063 0.588
1064 0.5
1065 0.463
1066 0.531
1067 0.459
1068 0.608
1069 0.507
1070 0.507
1071 0.543
1072 0.471
1073 0.483
1074 0.508
1075 0.623
1076 0.531
1077 0.472
1078 0.455
1079 0.519
1080 0.54
1081 0.567
1082 0.623
1083 0.548
1084 0.544
1085 0.519
1086 0.475
1087 0.483
1088 0.711
1089 0.496
1090 0.472
1091 0.504
1092 0.543
1093 0.62
1094 0.536
1095 0.591
1096 0.543
1097 0.548
1098 0.543
1099 0.648
1100 0.603
1101 0.443
1102 0.483
1103 0.5
1104 0.543
1105 0.519
1106 0.72
1107 0.544
1108 0.579
1109 0.531
1110 0.54
1111 0.483
1112 0.656
1113 0.596
1114 0.484
1115 0.544
1116 0.495
1117 0.54
1118 0.592
1119 0.564
1120 0.587
1121 0.543
1122 0.484
1123 0.528
1124 0.539
1125 0.487
1126 0.748
1127 0.548
1128 0.528
1129 0.563
1130 0.516
1131 0.515
1132 0.6
1133 0.635
1134 0.455
1135 0.54
1136 0.548
1137 0.54
1138 0.552
1139 0.6
1140 0.648
1141 0.539
1142 0.543
1143 0.563
1144 0.536
1145 0.591
1146 0.663
1147 0.548
1148 0.58
1149 0.556
1150 0.699
1151 0.608
1152 0.567
1153 0.504
1154 0.548
1155 0.535
1156 0.72
1157 0.548
1158 0.5
1159 0.539
1160 0.507
1161 0.548
1162 0.555
1163 0.692
1164 0.596
1165 0.576
1166 0.56
1167 0.596
1168 0.535
1169 0.591
1170 0.56
1171 0.504
1172 0.48
1173 0.495
1174 0.559
1175 0.603
1176 0.512
1177 0.504
1178 0.519
1179 0.524
1180 0.68
1181 0.475
1182 0.5
1183 0.519
1184 0.508
1185 0.639
1186 0.519
1187 0.5
1188 0.511
1189 0.508
1190 0.612
1191 0.603
1192 0.507
1193 0.504
1194 0.552
1195 0.567
1196 0.604
1197 0.475
1198 0.495
1199 0.531
1200 0.5
1201 0.6
1202 0.58
1203 0.504
1204 0.536
1205 0.528
1206 0.572
1207 0.572
1208 0.527
1209 0.535
1210 0.536
1211 0.524
1212 0.699
1213 0.507
1214 0.552
1215 0.548
1216 0.932
1217 0.716
1218 0.467
1219 0.46
1220 0.495
1221 0.535
1222 0.596
1223 0.631
1224 0.531
1225 0.516
1226 0.539
1227 0.543
1228 0.671
1229 0.552
1230 0.548
1231 0.564
1232 0.504
1233 0.548
1234 0.659
1235 0.528
1236 0.492
1237 0.5
1238 0.508
1239 0.555
1240 0.683
1241 0.58
1242 0.511
1243 0.552
1244 0.519
1245 0.54
1246 0.648
1247 0.583
1248 0.508
1249 0.495
1250 0.507
1251 0.564
1252 0.683
1253 0.6
1254 0.548
1255 0.543
1256 0.539
1257 0.527
1258 0.727
1259 0.511
1260 0.524
1261 0.564
1262 0.507
1263 0.696
1264 0.627
1265 0.575
1266 0.528
1267 0.511
1268 0.555
1269 0.744
1270 0.507
1271 0.548
1272 0.528
1273 0.58
1274 0.716
1275 0.6
1276 0.56
1277 0.552
1278 0.543
1279 0.543
1280 0.704
1281 0.596
1282 0.548
1283 0.584
1284 0.548
1285 0.735
1286 0.543
1287 0.584
1288 0.576
1289 0.567
1290 0.683
1291 0.636
1292 0.6
1293 0.583
1294 0.567
1295 0.68
1296 0.584
1297 0.58
1298 0.567
1299 0.556
1300 0.672
1301 0.624
1302 0.548
1303 0.548
1304 0.572
1305 0.783
1306 0.58
1307 0.567
1308 0.596
1309 0.768
1310 0.567
1311 0.563
1312 0.555
1313 0.755
1314 0.624
1315 0.555
1316 0.575
1317 0.552
1318 0.663
1319 0.7
1320 0.572
1321 0.587
1322 0.563
1323 0.603
1324 0.791
1325 0.556
1326 0.611
1327 0.608
1328 0.656
1329 0.74
1330 0.567
1331 0.6
1332 0.615
1333 0.604
1334 0.792
1335 0.599
1336 0.563
1337 0.608
1338 0.696
1339 0.635
1340 0.599
1341 0.576
1342 0.604
1343 0.732
1344 0.644
1345 0.587
1346 0.572
1347 0.603
1348 0.639
1349 0.7
1350 0.6
1351 0.567
1352 0.628
1353 0.62
1354 0.796
1355 0.608
1356 0.591
1357 0.635
1358 0.659
1359 0.708
1360 0.615
1361 0.632
1362 0.635
1363 0.775
1364 0.615
1365 0.639
1366 0.639
1367 0.779
1368 0.624
1369 0.615
1370 0.631
1371 0.624
1372 0.823
1373 0.619
1374 0.603
1375 0.632
1376 0.815
1377 0.556
1378 0.627
1379 0.567
1380 0.632
1381 0.84
1382 0.631
1383 0.615
1384 0.644
1385 0.752
1386 0.615
1387 0.635
1388 0.628
1389 0.72
1390 0.783
1391 0.596
1392 0.639
1393 0.627
1394 0.74
1395 0.703
1396 0.639
1397 0.668
1398 0.703
1399 0.78
1400 0.56
1401 0.656
1402 0.627
1403 0.611
1404 0.831
1405 0.62
1406 0.655
1407 0.643
1408 0.772
1409 0.687
1410 0.66
1411 0.656
1412 0.675
1413 0.743
1414 0.612
1415 0.679
1416 0.676
1417 0.584
1418 0.783
1419 0.668
1420 0.676
1421 0.659
1422 0.675
1423 0.816
1424 0.671
1425 0.675
1426 0.764
1427 0.752
1428 0.672
1429 0.628
1430 0.724
1431 0.723
1432 0.632
1433 0.62
1434 0.679
1435 0.723
1436 0.855
1437 0.664
1438 0.676
1439 0.648
1440 0.772
1441 0.711
1442 0.648
1443 0.675
1444 0.647
1445 0.887
1446 0.639
1447 0.656
1448 0.668
1449 0.784
1450 0.707
1451 0.659
1452 0.632
1453 0.764
1454 0.768
1455 0.651
1456 0.711
1457 0.687
1458 1.292
1459 0.751
1460 0.6
1461 0.684
1462 0.652
1463 0.908
1464 0.656
1465 0.687
1466 0.66
1467 0.799
1468 0.62
1469 0.675
1470 0.711
1471 0.744
1472 0.86
1473 0.628
1474 0.695
1475 0.696
1476 0.816
1477 0.655
1478 0.7
1479 0.712
1480 0.815
1481 0.799
1482 0.671
1483 0.647
1484 0.668
1485 0.792
1486 0.724
1487 0.692
1488 0.807
1489 0.747
1490 0.955
1491 0.8
1492 0.807
1493 0.804
1494 0.747
1495 1.063
1496 0.759
1497 0.843
1498 0.824
1499 0.927
1500 0.903
1501 0.759
1502 0.816
1503 0.836
1504 1.039
1505 0.796
1506 0.804
1507 0.792
1508 0.923
1509 0.788
1510 0.836
1511 0.924
1512 0.895
1513 0.743
1514 0.799
1515 0.791
1516 0.795
1517 1.031
1518 0.803
1519 0.807
1520 0.82
1521 0.975
1522 0.916
1523 0.775
1524 0.775
1525 0.831
1526 1.056
1527 0.82
1528 0.86
1529 0.78
1530 0.827
1531 0.967
1532 0.792
1533 0.836
1534 0.799
1535 1.044
1536 0.8
1537 0.843
1538 0.828
1539 0.776
1540 1.079
1541 0.764
1542 0.807
1543 0.803
1544 0.788
1545 1.083
1546 0.799
1547 0.859
1548 0.792
1549 0.796
1550 1.132
1551 0.847
1552 0.884
1553 0.799
1554 1.048
1555 0.823
1556 0.847
1557 0.84
1558 0.799
1559 1.028
1560 0.74
1561 0.799
1562 0.836
1563 0.796
1564 1.108
1565 0.823
1566 0.807
1567 0.855
1568 1.063
1569 0.796
1570 0.836
1571 0.863
1572 1.056
1573 0.74
1574 0.847
1575 0.855
1576 0.852
1577 1.003
1578 0.864
1579 0.847
1580 0.807
1581 1.007
1582 0.816
1583 0.867
1584 0.872
1585 1.056
1586 0.752
1587 0.804
1588 0.887
1589 0.831
1590 1.064
1591 0.851
1592 0.899
1593 0.827
1594 0.951
1595 0.819
1596 0.816
1597 0.872
1598 1.056
1599 0.923
1600 0.827
1601 0.856
1602 0.819
1603 1.048
1604 0.884
1605 0.903
1606 0.836
1607 1.052
1608 0.912
1609 0.863
1610 0.908
1611 0.932
1612 0.975
1613 0.819
1614 0.903
1615 0.895
1616 0.844
1617 1.088
1618 0.927
1619 0.875
1620 1.5
1621 1.127
1622 0.816
1623 0.847
1624 0.9
1625 1.071
1626 0.892
1627 0.895
1628 0.847
1629 0.96
1630 1.08
1631 0.836
1632 0.871
1633 0.908
1634 1.064
1635 0.892
1636 0.864
1637 0.915
1638 0.907
1639 1.071
1640 0.844
1641 0.96
1642 0.864
1643 1.144
1644 0.884
1645 0.884
1646 1.008
1647 1.031
1648 0.859
1649 0.824
1650 0.919
1651 1.079
1652 0.98
1653 0.844
1654 0.915
1655 0.863
1656 1.179
1657 0.911
1658 0.943
1659 0.951
1660 1.147
1661 0.948
1662 0.895
1663 0.94
1664 1.148
1665 0.892
1666 0.887
1667 1.059
1668 1.019
1669 0.919
1670 0.923
1671 0.963
1672 1.12
1673 0.864
1674 0.975
1675 0.932
1676 1.091
1677 0.928
1678 0.943
1679 1.059
1680 1.02
1681 0.859
1682 0.98
1683 0.996
1684 0.996
1685 0.976
1686 0.968
1687 1.016
1688 1.019
1689 0.895
1690 0.96
1691 1.004
1692 1.011
1693 0.964
1694 0.968
1695 1.155
1696 1.019
1697 0.967
1698 0.964
1699 1.108
1700 0.947
1701 0.98
1702 1.016
1703 1.171
1704 0.844
1705 0.88
1706 0.988
1707 1.2
1708 0.932
1709 0.98
1710 1.044
1711 1.044
1712 0.879
1713 0.868
1714 0.927
1715 1.107
1716 0.932
1717 0.927
1718 0.988
1719 1.155
1720 1.019
1721 0.963
1722 1.016
1723 1.18
1724 0.912
1725 0.98
1726 1.004
1727 1.127
1728 0.971
1729 0.903
1730 1.028
1731 1.192
1732 0.92
1733 1.024
1734 0.987
1735 1.224
1736 0.936
1737 0.923
1738 0.932
1739 1.172
1740 0.927
1741 0.963
1742 1.008
1743 1.172
1744 0.943
1745 1.008
1746 1.031
1747 1.124
1748 0.896
1749 1.036
1750 1.076
1751 1.147
1752 0.923
1753 0.98
1754 0.98
1755 1.067
1756 0.872
1757 1.408
1758 1.059
1759 0.812
1760 0.804
1761 0.928
1762 0.976
1763 0.867
1764 0.859
1765 1.147
1766 0.756
1767 0.816
1768 0.908
1769 1.06
1770 0.839
1771 0.875
1772 0.851
1773 1.076
1774 0.895
1775 0.864
1776 0.988
1777 1.115
1778 0.975
1779 1.059
1780 0.88
1781 1.307
1782 1.
1783 1.003
1784 1.236
1785 1.043
1786 1.035
1787 1.036
1788 1.256
1789 0.987
1790 1.048
1791 1.192
1792 1.072
1793 1.
1794 1.083
1795 1.175
1796 1.079
1797 1.031
1798 1.023
1799 1.18
1800 0.943
1801 1.003
1802 1.059
1803 1.215
1804 0.944
1805 0.991
1806 1.064
1807 1.16
1808 1.144
1809 0.932
1810 0.991
1811 0.964
1812 1.375
1813 0.983
1814 0.975
1815 1.024
1816 1.231
1817 1.048
1818 1.048
1819 1.187
1820 0.963
1821 0.968
1822 1.168
1823 1.199
1824 1.056
1825 1.096
1826 1.248
1827 1.016
1828 0.987
1829 1.195
1830 1.168
1831 1.019
1832 1.076
1833 1.211
1834 1.079
1835 1.011
1836 1.084
1837 1.171
1838 1.079
1839 1.019
1840 1.016
1841 1.135
1842 1.207
1843 1.008
1844 1.087
1845 1.076
1846 1.259
1847 1.019
1848 1.099
1849 1.208
1850 1.043
1851 1.051
1852 1.107
1853 1.291
1854 1.048
1855 1.039
1856 1.036
1857 1.223
1858 1.028
1859 1.112
1860 1.307
1861 1.
1862 1.072
1863 1.072
1864 1.255
1865 1.019
1866 1.135
1867 1.323
1868 1.108
1869 1.
1870 1.059
1871 1.296
1872 0.923
1873 1.127
1874 1.183
1875 1.072
1876 1.059
1877 1.132
1878 1.18
1879 1.079
1880 0.983
1881 1.119
1882 1.248
1883 1.132
1884 1.127
1885 1.111
1886 1.244
1887 0.968
1888 1.056
1889 1.088
1890 1.307
1891 1.107
1892 1.112
1893 1.312
1894 1.004
1895 1.015
1896 1.08
1897 1.299
1898 1.099
1899 1.048
1900 1.307
1901 1.087
1902 1.211
1903 1.279
1904 1.036
1905 1.039
1906 1.367
1907 0.972
1908 1.115
1909 1.084
1910 1.339
1911 1.083
1912 1.128
1913 1.299
1914 1.091
1915 1.123
1916 1.067
1917 1.256
1918 1.039
1919 1.16
1920 1.788
1921 1.336
1922 1.007
1923 1.155
1924 1.311
1925 1.059
1926 1.112
1927 1.344
1928 1.092
1929 1.108
1930 1.299
1931 1.031
1932 1.135
1933 1.012
1934 1.448
1935 1.139
1936 1.099
1937 1.336
1938 1.091
1939 1.035
1940 1.192
1941 1.115
1942 1.071
1943 1.144
1944 1.331
1945 0.996
1946 1.115
1947 1.092
1948 1.336
1949 0.991
1950 1.144
1951 1.152
1952 1.467
1953 1.06
1954 1.084
1955 1.248
1956 1.144
1957 1.147
1958 1.144
1959 1.336
1960 1.072
1961 1.099
1962 1.284
1963 1.1
1964 1.152
1965 1.256
1966 1.436
1967 1.099
1968 1.147
1969 1.323
1970 1.039
1971 1.144
1972 1.263
1973 1.268
1974 1.135
1975 1.283
1976 1.384
1977 1.1
1978 1.003
1979 1.148
1980 0.995
1981 0.967
1982 0.976
1983 1.172
1984 1.008
1985 1.011
1986 1.2
1987 0.976
1988 1.015
1989 1.332
1990 0.915
1991 0.995
1992 0.996
1993 1.195
1994 1.
1995 0.971
1996 1.223
1997 1.003
1998 1.052
1999 1.24
2000 0.951
2001 1.004
2002 1.2
2003 1.06
2004 1.039
2005 1.084
2006 1.195
2007 1.019
2008 1.024
2009 1.323
2010 0.955
2011 0.991
2012 1.008
2013 1.24
2014 1.023
2015 1.039
2016 1.74
2017 1.004
2018 0.951
2019 0.975
2020 1.208
2021 1.004
2022 1.019
2023 1.172
2024 1.008
2025 1.028
2026 1.079
2027 1.215
2028 0.991
2029 0.995
2030 1.107
2031 1.176
2032 1.016
2033 1.023
2034 1.264
2035 0.988
2036 1.064
2037 1.236
2038 0.971
2039 1.02
2040 1.259
2041 1.008
2042 1.036
2043 1.156
2044 1.304
2045 0.991
2046 1.056
2047 1.196
2048 1.068
2049 1.039
2050 1.003
2051 1.22
2052 1.051
2053 1.04
2054 1.279
2055 0.98
2056 1.055
2057 1.259
2058 1.08
2059 1.044
2060 1.416
2061 0.988
2062 1.072
2063 1.244
2064 1.076
2065 1.044
2066 1.887
2067 0.923
2068 1.036
2069 1.288
2070 1.052
2071 1.003
2072 1.264
2073 1.
2074 1.039
2075 1.119
2076 1.288
2077 1.032
2078 1.08
2079 1.368
2080 1.004
2081 1.099
2082 0.98
2083 1.392
2084 1.064
2085 1.052
2086 1.24
2087 1.039
2088 1.115
2089 1.111
2090 1.295
2091 1.056
2092 1.076
2093 1.268
2094 1.091
2095 1.067
2096 1.259
2097 1.079
2098 1.067
2099 1.42
2100 1.084
2101 1.096
2102 1.299
2103 1.015
2104 1.103
2105 1.972
2106 0.984
2107 1.092
2108 1.375
2109 0.996
2110 1.107
2111 1.443
2112 1.092
2113 1.076
2114 1.496
2115 1.232
2116 1.203
2117 2.311
2118 1.208
2119 1.167
2120 1.5
2121 1.284
2122 1.471
2123 1.443
2124 1.259
2125 1.223
2126 1.512
2127 1.275
2128 2.267
2129 1.607
2130 1.275
2131 1.16
2132 1.587
2133 1.344
2134 2.019
2135 1.463
2136 1.188
2137 1.175
2138 1.491
2139 1.332
2140 1.34
2141 1.524
2142 1.192
2143 1.384
2144 1.507
2145 1.332
2146 1.299
2147 1.683
2148 1.336
2149 1.423
2150 1.576
2151 1.364
2152 1.275
2153 1.536
2154 1.28
2155 1.32
2156 1.507
2157 1.223
2158 1.36
2159 1.503
2160 1.483
2161 1.367
2162 1.412
2163 1.615
2164 1.364
2165 1.427
2166 1.663
2167 1.331
2168 1.335
2169 1.5
2170 1.315
2171 2.355
2172 1.675
2173 1.34
2174 1.288
2175 1.567
2176 1.268
2177 1.288
2178 2.519
2179 1.239
2180 1.208
2181 1.303
2182 1.523
2183 1.251
2184 1.344
2185 1.583
2186 1.319
2187 1.411
2188 1.66
2189 1.268
2190 2.244
2191 1.671
2192 1.28
2193 1.292
2194 1.559
2195 1.251
2196 2.135
2197 1.536
2198 1.215
2199 1.288
2200 1.547
2201 1.263
2202 1.432
2203 1.635
2204 1.351
2205 1.432
2206 1.695
2207 1.267
2208 1.364
2209 1.564
2210 1.288
2211 2.387
2212 1.652
2213 1.364
2214 1.316
2215 1.679
2216 1.42
2217 2.336
2218 1.632
2219 1.344
2220 1.335
2221 1.632
2222 1.316
2223 1.327
2224 1.799
2225 1.427
2226 1.452
2227 1.652
2228 1.331
2229 1.396
2230 1.683
2231 1.152
2232 1.26
2233 1.223
2234 1.46
2235 1.148
2236 1.211
2237 1.443
2238 1.108
2239 1.112
2240 1.483
2241 1.172
2242 1.199
2243 1.42
2244 1.115
2245 1.175
2246 1.403
2247 1.188
2248 1.2
2249 1.463
2250 1.159
2251 1.123
2252 1.119
2253 1.539
2254 1.132
2255 1.184
2256 1.364
2257 1.179
2258 1.179
2259 1.204
2260 1.392
2261 1.184
2262 1.175
2263 2.027
2264 1.092
2265 1.135
2266 1.392
2267 1.195
2268 1.239
2269 1.436
2270 1.128
2271 1.18
2272 1.579
2273 1.172
2274 1.235
2275 1.539
2276 1.131
2277 1.175
2278 1.348
2279 1.231
2280 1.228
2281 1.387
2282 1.364
2283 1.228
2284 1.271
2285 1.48
2286 1.172
2287 1.231
2288 1.427
2289 1.236
2290 1.203
2291 1.512
2292 1.156
2293 1.152
2294 1.415
2295 1.284
2296 1.184
2297 1.371
2298 1.4
2299 1.248
2300 1.276
2301 1.48
2302 1.203
2303 1.3
2304 1.456
2305 1.227
2306 1.208
2307 1.659
2308 1.2
2309 1.324
2310 1.503
2311 1.22
2312 1.403
2313 1.423
2314 1.188
2315 1.276
2316 1.427
2317 1.275
2318 1.327
2319 1.515
2320 1.211
2321 1.22
2322 1.435
2323 1.219
2324 1.351
2325 1.556
2326 1.179
2327 1.223
2328 1.436
2329 1.259
2330 2.275
2331 1.423
2332 1.204
2333 1.143
2334 1.632
2335 1.192
2336 1.264
2337 1.416
2338 1.196
2339 1.26
2340 1.467
2341 1.132
2342 1.28
2343 1.476
2344 1.204
2345 1.299
2346 1.511
2347 1.24
2348 1.235
2349 1.94
2350 1.436
2351 1.4
2352 1.836
2353 1.412
2354 1.423
2355 1.672
2356 1.38
2357 1.516
2358 1.751
2359 1.46
2360 1.563
2361 1.768
2362 1.447
2363 1.516
2364 1.751
2365 1.487
2366 1.572
2367 1.775
2368 1.519
2369 1.528
2370 1.812
2371 1.492
2372 1.42
2373 1.772
2374 1.44
2375 1.5
2376 1.695
2377 1.447
2378 1.487
2379 1.684
2380 1.4
2381 1.544
2382 1.771
2383 1.463
2384 1.516
2385 1.779
2386 1.447
2387 1.596
2388 1.831
2389 1.519
2390 1.56
2391 1.831
2392 1.519
2393 2.316
2394 1.679
2395 1.356
2396 1.4
2397 1.679
2398 1.48
2399 1.467
2400 1.672
2401 1.412
2402 1.532
2403 1.796
2404 1.492
2405 1.411
2406 1.675
2407 1.532
2408 1.455
2409 1.695
2410 1.443
2411 1.503
2412 1.695
2413 1.455
2414 1.623
2415 1.831
2416 1.431
2417 1.592
2418 1.844
2419 1.531
2420 1.527
2421 1.704
2422 1.447
2423 1.496
2424 2.619
2425 1.4
2426 1.436
2427 1.703
2428 1.447
2429 1.532
2430 1.707
2431 1.5
2432 1.5
2433 1.76
2434 1.408
2435 1.627
2436 1.871
2437 1.455
2438 1.656
2439 1.943
2440 1.5
2441 1.547
2442 1.923
2443 1.44
2444 1.556
2445 1.756
2446 1.583
2447 2.656
2448 2.008
2449 1.46
2450 1.416
2451 1.927
2452 1.516
2453 1.688
2454 1.876
2455 1.532
2456 1.516
2457 1.875
2458 1.467
2459 1.559
2460 1.708
2461 1.563
2462 1.596
2463 1.587
2464 1.903
2465 1.628
2466 1.699
2467 1.916
2468 1.587
2469 1.596
2470 1.987
2471 1.588
2472 1.615
2473 2.052
2474 1.623
2475 1.552
2476 1.911
2477 1.455
2478 1.572
2479 1.847
2480 1.556
2481 1.615
2482 1.827
2483 1.612
2484 1.523
2485 1.567
2486 1.768
2487 1.511
2488 1.555
2489 2.031
2490 1.508
2491 1.708
2492 1.843
2493 1.531
2494 1.615
2495 1.739
2496 1.644
2497 2.443
2498 1.795
2499 1.4
2500 1.5
2501 1.784
2502 1.588
2503 1.551
2504 2.076
2505 1.596
2506 1.771
2507 1.619
2508 1.531
2509 1.611
2510 2.027
2511 1.559
2512 1.579
2513 1.811
2514 1.552
2515 2.476
2516 1.804
2517 1.516
2518 1.708
2519 1.876
2520 1.668
2521 1.615
2522 1.88
2523 1.627
2524 1.644
2525 1.931
2526 1.643
2527 1.744
2528 1.96
2529 1.635
2530 1.607
2531 1.987
2532 1.519
2533 1.627
2534 2.003
2535 1.608
2536 1.623
2537 1.807
2538 1.647
2539 1.688
2540 2.011
2541 1.644
2542 1.584
2543 1.92
2544 1.68
2545 1.603
2546 2.132
2547 1.596
2548 1.655
2549 1.84
2550 1.644
2551 2.795
2552 2.104
2553 1.579
2554 1.731
2555 1.911
2556 1.675
2557 1.579
2558 2.064
2559 1.668
2560 1.707
2561 1.976
2562 1.66
2563 1.623
2564 2.128
2565 1.635
2566 1.771
2567 2.036
2568 1.587
2569 1.655
2570 2.164
2571 1.715
2572 1.679
2573 2.003
2574 1.664
2575 1.735
2576 1.956
2577 1.628
2578 1.847
2579 1.847
2580 1.603
2581 1.728
2582 1.956
2583 1.639
2584 1.679
2585 2.184
2586 1.663
2587 1.735
2588 2.028
2589 1.736
2590 1.659
2591 1.975
2592 1.723
2593 1.715
2594 1.927
2595 1.695
2596 1.635
2597 2.184
2598 1.775
2599 1.867
2600 1.751
2601 1.724
2602 1.7
2603 2.003
2604 1.775
2605 1.791
2606 1.931
2607 1.728
2608 1.827
2609 1.856
2610 1.695
2611 1.628
2612 2.119
2613 1.804
2614 1.879
2615 1.827
2616 1.748
2617 1.916
2618 1.711
2619 1.679
2620 1.9
2621 1.775
2622 1.748
2623 1.96
2624 1.784
2625 1.695
2626 1.944
2627 1.771
2628 1.759
2629 1.956
2630 1.799
2631 1.78
2632 1.983
2633 1.811
2634 1.735
2635 1.987
2636 1.708
2637 1.699
2638 2.167
2639 1.672
2640 1.724
2641 1.887
2642 1.695
2643 1.864
2644 2.036
2645 1.764
2646 2.112
2647 1.796
2648 1.864
2649 2.079
2650 1.639
2651 1.86
2652 1.887
2653 1.791
2654 2.003
2655 2.019
2656 1.724
2657 1.976
2658 1.748
2659 1.824
2660 1.963
2661 1.9
2662 1.82
2663 2.052
2664 1.751
2665 1.743
2666 1.907
2667 1.836
2668 1.827
2669 1.831
2670 1.96
2671 1.807
2672 1.987
2673 2.024
2674 1.836
2675 1.956
2676 1.884
2677 1.76
2678 2.263
2679 1.743
2680 1.795
2681 2.011
2682 1.775
2683 1.996
2684 1.88
2685 1.856
2686 2.
2687 1.768
2688 2.083
2689 1.912
2690 1.839
2691 1.991
2692 1.827
2693 2.112
2694 1.748
2695 1.832
2696 2.12
2697 1.719
2698 1.795
2699 2.327
2700 1.824
2701 1.976
2702 2.003
2703 1.791
2704 2.092
2705 1.832
2706 1.887
2707 2.043
2708 1.731
2709 1.856
2710 1.976
2711 1.884
2712 1.935
2713 1.896
2714 1.836
2715 2.028
2716 1.92
2717 1.844
2718 2.172
2719 1.847
2720 1.816
2721 1.971
2722 1.711
2723 2.056
2724 1.739
2725 1.88
2726 1.867
2727 1.995
2728 1.799
2729 2.059
2730 2.056
2731 1.923
2732 2.12
2733 1.756
2734 2.108
2735 1.832
2736 1.816
2737 1.987
2738 1.923
2739 1.847
2740 2.056
2741 1.827
2742 1.827
2743 2.159
2744 1.912
2745 1.82
2746 2.24
2747 1.923
2748 1.943
2749 1.968
2750 1.84
2751 3.152
2752 2.012
2753 1.864
2754 2.043
2755 1.791
2756 1.884
2757 2.
2758 1.96
2759 1.911
2760 2.064
2761 1.972
2762 1.827
2763 1.992
2764 2.324
2765 1.82
2766 1.936
2767 2.284
2768 1.923
2769 2.144
2770 1.923
2771 1.867
2772 1.967
2773 1.872
2774 1.951
2775 1.987
2776 2.072
2777 1.9
2778 1.928
2779 2.155
2780 1.86
2781 1.819
2782 2.327
2783 1.903
2784 1.879
2785 2.251
2786 1.847
2787 1.951
2788 2.223
2789 1.919
2790 1.795
2791 2.375
2792 1.936
2793 1.996
2794 2.148
2795 1.891
2796 2.172
2797 2.099
2798 1.896
2799 1.903
2800 2.248
2801 1.952
2802 2.083
2803 1.987
2804 1.923
2805 1.907
2806 2.184
2807 1.912
2808 1.88
2809 2.319
2810 1.903
2811 2.051
2812 2.128
2813 1.96
2814 1.963
2815 2.364
2816 1.847
2817 2.175
2818 2.083
2819 1.947
2820 2.204
2821 1.992
2822 1.96
2823 2.351
2824 1.887
2825 1.975
2826 2.219
2827 1.871
2828 2.124
2829 2.22
2830 1.968
2831 1.999
2832 2.252
2833 1.939
2834 2.007
2835 2.051
2836 1.931
2837 2.127
2838 2.1
2839 2.011
2840 2.231
2841 1.956
2842 2.043
2843 2.195
2844 1.939
2845 2.155
2846 2.092
2847 1.96
2848 2.192
2849 2.144
2850 1.895
2851 2.359
2852 1.963
2853 2.208
2854 1.92
2855 2.003
2856 2.384
2857 1.955
2858 2.047
2859 2.292
2860 1.876
2861 1.979
2862 2.343
2863 2.036
2864 2.279
2865 2.047
2866 2.027
2867 2.284
2868 1.975
2869 2.011
2870 2.307
2871 1.916
2872 2.147
2873 2.235
2874 1.98
2875 2.216
2876 2.288
2877 2.095
2878 2.243
2879 1.887
2880 2.024
2881 2.135
2882 2.007
2883 2.32
2884 2.083
2885 1.975
2886 2.3
2887 1.975
2888 2.148
2889 2.295
2890 1.923
2891 2.047
2892 2.203
2893 2.083
2894 2.38
2895 2.032
2896 2.003
2897 2.359
2898 2.155
2899 2.336
2900 2.072
2901 2.076
2902 2.327
2903 2.
2904 2.06
2905 2.152
2906 1.899
2907 2.207
2908 2.247
2909 2.008
2910 2.288
2911 2.043
2912 2.036
2913 2.524
2914 2.007
2915 2.195
2916 2.167
2917 1.939
2918 2.371
2919 2.167
2920 2.068
2921 2.296
2922 2.111
2923 2.248
2924 2.208
2925 1.943
2926 2.492
2927 2.087
2928 2.223
2929 2.136
2930 2.007
2931 2.344
2932 2.096
2933 2.072
2934 2.432
2935 1.94
2936 2.275
2937 2.175
2938 2.036
2939 2.456
2940 2.112
2941 2.063
2942 2.284
2943 2.028
2944 2.351
2945 2.115
2946 2.051
2947 2.224
2948 2.072
2949 2.235
2950 2.192
2951 2.096
2952 2.6
2953 2.112
2954 2.472
2955 2.063
2956 2.18
2957 3.707
2958 1.84
2959 1.923
2960 2.423
2961 2.083
2962 2.375
2963 2.087
2964 2.011
2965 2.315
2966 2.359
2967 2.108
2968 2.224
2969 2.183
2970 2.131
2971 2.1
2972 2.556
2973 2.079
2974 2.328
2975 2.284
2976 2.159
2977 2.484
2978 2.016
2979 2.015
2980 2.335
2981 1.916
2982 2.091
2983 2.452
2984 2.1
2985 2.224
2986 2.387
2987 2.131
2988 2.36
2989 2.228
2990 2.184
2991 2.599
2992 2.079
2993 2.176
2994 2.452
2995 2.136
2996 2.228
2997 2.423
2998 1.971
2999 2.403
3000 2.204
3001 2.192
3002 2.068
3003 2.532
3004 2.195
3005 2.404
3006 2.304
3007 2.231
3008 2.384
3009 2.108
3010 2.168
3011 2.576
3012 2.091
3013 2.104
3014 2.615
3015 2.104
3016 2.38
3017 2.131
3018 2.159
3019 2.511
3020 2.252
3021 2.323
3022 2.668
3023 2.011
3024 2.112
3025 2.56
3026 2.14
3027 2.411
3028 2.311
3029 2.219
3030 2.611
3031 2.048
3032 2.291
3033 2.652
3034 2.176
3035 2.34
3036 2.467
3037 2.127
3038 2.483
3039 2.243
3040 2.279
3041 2.416
3042 2.119
3043 2.359
3044 2.416
3045 2.028
3046 2.243
3047 2.231
3048 2.264
3049 2.364
3050 2.148
3051 2.296
3052 2.543
3053 2.195
3054 2.527
3055 2.275
3056 2.127
3057 2.488
3058 2.159
3059 2.351
3060 2.408
3061 2.231
3062 2.596
3063 2.22
3064 2.18
3065 2.48
3066 2.215
3067 2.283
3068 2.319
3069 2.252
3070 2.435
3071 2.184
3072 2.148
3073 2.5
3074 2.203
3075 2.523
3076 2.32
3077 2.167
3078 2.503
3079 2.2
3080 2.463
3081 2.371
3082 2.203
3083 2.627
3084 2.231
3085 2.423
3086 2.271
3087 2.156
3088 2.596
3089 2.115
3090 2.439
3091 2.535
3092 2.188
3093 2.576
3094 2.335
3095 2.271
3096 2.5
3097 2.207
3098 2.347
3099 2.396
3100 2.176
3101 2.492
3102 2.283
3103 2.336
3104 2.479
3105 2.344
3106 2.648
3107 2.384
3108 2.212
3109 2.416
3110 2.272
3111 2.407
3112 2.475
3113 2.259
3114 2.515
3115 2.283
3116 2.315
3117 2.587
3118 2.248
3119 2.26
3120 2.519
3121 2.172
3122 2.439
3123 2.568
3124 2.395
3125 2.623
3126 2.279
3127 2.443
3128 2.436
3129 2.24
3130 2.631
3131 2.263
3132 2.524
3133 2.467
3134 2.283
3135 2.444
3136 2.228
3137 2.427
3138 2.523
3139 2.243
3140 2.712
3141 2.288
3142 2.568
3143 2.247
3144 2.208
3145 2.54
3146 2.244
3147 2.328
3148 2.595
3149 2.279
3150 2.608
3151 2.411
3152 2.332
3153 2.503
3154 2.271
3155 2.547
3156 2.307
3157 2.288
3158 2.728
3159 2.296
3160 2.663
3161 2.275
3162 2.252
3163 2.539
3164 2.228
3165 2.492
3166 2.587
3167 2.208
3168 2.507
3169 2.463
3170 2.347
3171 4.131
3172 2.416
3173 2.252
3174 2.443
3175 2.416
3176 2.38
3177 2.703
3178 2.399
3179 2.384
3180 2.767
3181 2.271
3182 2.463
3183 2.384
3184 2.18
3185 2.399
3186 2.84
3187 2.344
3188 2.595
3189 2.496
3190 2.304
3191 2.807
3192 2.412
3193 2.359
3194 2.744
3195 2.204
3196 2.287
3197 2.811
3198 2.288
3199 2.503
3200 2.456
3201 2.268
3202 2.56
3203 2.612
3204 2.363
3205 2.676
3206 2.403
3207 2.376
3208 2.8
3209 2.368
3210 2.323
3211 3.015
3212 2.319
3213 2.648
3214 2.547
3215 2.376
3216 2.632
3217 2.48
3218 2.447
3219 2.832
3220 2.307
3221 2.52
3222 2.543
3223 2.235
3224 2.452
3225 2.655
3226 2.395
3227 2.659
3228 2.496
3229 2.492
3230 2.787
3231 2.303
3232 2.672
3233 2.524
3234 2.415
3235 2.916
3236 2.256
3237 2.456
3238 2.648
3239 2.292
3240 2.684
3241 2.587
3242 2.276
3243 2.663
3244 2.5
3245 2.467
3246 2.796
3247 2.26
3248 2.42
3249 3.032
3250 2.388
3251 2.587
3252 2.564
3253 2.439
3254 2.927
3255 2.423
3256 2.743
3257 2.583
3258 2.324
3259 3.012
3260 2.395
3261 2.384
3262 2.752
3263 2.332
3264 2.595
3265 2.72
3266 2.416
3267 2.724
3268 2.407
3269 2.435
3270 2.963
3271 2.427
3272 2.711
3273 2.568
3274 2.307
3275 2.583
3276 2.567
3277 2.492
3278 2.743
3279 2.323
3280 2.372
3281 2.664
3282 2.519
3283 2.684
3284 2.563
3285 2.528
3286 2.935
3287 2.416
3288 2.68
3289 2.847
3290 2.503
3291 2.672
3292 2.707
3293 2.468
3294 2.851
3295 2.395
3296 2.639
3297 2.775
3298 2.5
3299 3.039
3300 2.328
3301 2.559
3302 2.927
3303 2.447
3304 2.712
3305 2.699
3306 2.488
3307 2.844
3308 2.567
3309 2.543
3310 2.984
3311 2.407
3312 2.811
3313 2.507
3314 2.46
3315 2.82
3316 2.476
3317 2.543
3318 2.692
3319 2.503
3320 2.711
3321 2.567
3322 2.475
3323 2.739
3324 2.452
3325 2.624
3326 2.568
3327 2.416
3328 2.88
3329 2.512
3330 2.568
3331 3.099
3332 2.528
3333 2.771
3334 2.667
3335 2.579
3336 2.731
3337 2.46
3338 2.872
3339 2.511
3340 2.671
3341 2.979
3342 2.399
3343 2.868
3344 2.631
3345 2.635
3346 2.776
3347 2.587
3348 2.832
3349 2.52
3350 2.619
3351 2.855
3352 2.52
3353 2.971
3354 2.515
3355 2.608
3356 2.82
3357 2.408
3358 2.867
3359 2.472
3360 2.64
3361 3.363
3362 2.492
3363 2.927
3364 2.576
3365 2.612
3366 2.811
3367 2.6
3368 3.112
3369 2.503
3370 2.771
3371 2.844
3372 2.532
3373 2.779
3374 2.712
3375 2.539
3376 2.987
3377 2.528
3378 2.843
3379 2.528
3380 2.547
3381 2.899
3382 2.603
3383 2.695
3384 2.923
3385 2.564
3386 3.003
3387 2.724
3388 2.604
3389 2.871
3390 2.576
3391 3.115
3392 2.471
3393 2.903
3394 2.728
3395 2.599
3396 2.931
3397 2.439
3398 2.931
3399 2.735
3400 2.568
3401 2.895
3402 2.539
3403 2.963
3404 2.663
3405 2.632
3406 2.891
3407 2.595
3408 3.123
3409 2.676
3410 3.047
3411 2.64
3412 2.684
3413 2.851
3414 2.695
3415 3.108
3416 2.503
3417 2.739
3418 2.743
3419 2.684
3420 2.919
3421 2.608
3422 3.043
3423 2.731
3424 2.628
3425 3.319
3426 2.652
3427 3.003
3428 2.728
3429 2.788
3430 3.115
3431 2.668
3432 2.987
3433 2.912
3434 2.824
3435 3.292
3436 2.639
3437 2.895
3438 2.68
3439 2.703
3440 3.307
3441 2.739
3442 3.171
3443 2.688
3444 2.82
3445 2.831
3446 2.604
3447 3.228
3448 2.695
3449 2.871
3450 3.083
3451 2.76
3452 3.251
3453 2.711
3454 3.015
3455 2.891
3456 2.688
3457 3.031
3458 2.604
3459 3.072
3460 2.784
3461 2.555
3462 2.892
3463 2.704
3464 3.215
3465 2.552
3466 2.907
3467 3.043
3468 2.728
3469 3.039
3470 2.752
3471 4.72
3472 2.475
3473 2.684
3474 2.963
3475 2.792
3476 2.971
3477 2.632
3478 4.704
3479 2.451
3480 2.612
3481 3.327
3482 2.764
3483 3.167
3484 2.728
3485 2.731
3486 3.279
3487 2.551
3488 2.979
3489 3.068
3490 2.796
3491 3.051
3492 2.72
3493 2.891
3494 2.671
3495 2.664
3496 3.023
3497 2.731
3498 2.8
3499 3.296
3500 2.787
3501 3.103
3502 2.699
3503 2.688
3504 2.912
3505 2.752
3506 3.115
3507 2.779
3508 2.711
3509 3.491
3510 2.728
3511 3.063
3512 2.735
3513 2.747
3514 3.072
3515 2.751
3516 3.131
3517 2.895
3518 2.652
3519 3.359
3520 2.788
3521 3.1
3522 3.091
3523 2.739
3524 3.003
3525 2.648
3526 3.015
3527 3.036
3528 2.675
3529 3.123
3530 2.751
3531 3.159
3532 2.811
3533 2.667
3534 3.192
3535 2.771
3536 3.247
3537 2.923
3538 2.776
3539 3.192
3540 2.735
3541 4.992
3542 2.359
3543 3.011
3544 2.895
3545 2.752
3546 3.056
3547 2.752
3548 3.143
3549 3.064
3550 2.832
3551 2.963
3552 2.792
3553 4.948
3554 2.536
3555 2.84
3556 3.039
3557 2.819
3558 3.255
3559 2.655
3560 3.091
3561 3.003
3562 2.807
3563 3.315
3564 2.768
3565 3.132
3566 2.988
3567 2.811
3568 3.184
3569 2.599
3570 3.172
3571 3.132
3572 2.88
3573 3.264
3574 2.667
3575 3.055
3576 3.139
3577 2.912
3578 3.271
3579 2.756
3580 3.02
3581 3.34
3582 2.84
3583 3.184
3584 3.02
3585 2.768
3586 3.264
3587 2.719
3588 3.115
3589 3.016
3590 2.756
3591 3.344
3592 2.828
3593 3.284
3594 2.82
3595 2.887
3596 3.099
3597 2.884
3598 3.275
3599 2.64
3600 2.98
3601 3.063
3602 2.747
3603 3.112
3604 2.983
3605 2.835
3606 3.3
3607 2.811
3608 3.115
3609 2.947
3610 2.936
3611 3.051
3612 2.836
3613 3.387
3614 2.92
3615 3.235
3616 2.839
3617 2.82
3618 3.244
3619 2.939
3620 3.28
3621 2.812
3622 3.395
3623 2.783
3624 2.963
3625 3.163
3626 2.719
3627 3.264
3628 3.127
3629 2.988
3630 3.584
3631 2.992
3632 3.359
3633 2.939
3634 5.155
3635 3.311
3636 2.743
3637 3.236
3638 2.931
3639 3.287
3640 2.935
3641 2.871
3642 3.471
3643 2.944
3644 3.315
3645 2.972
3646 3.068
3647 3.492
3648 2.963
3649 3.408
3650 2.891
3651 3.347
3652 3.108
3653 2.936
3654 3.34
3655 2.756
3656 3.355
3657 3.131
3658 3.012
3659 3.728
3660 2.916
3661 3.208
3662 3.123
3663 2.971
3664 3.164
3665 2.996
3666 3.655
3667 2.827
3668 3.263
3669 2.995
3670 3.088
3671 3.484
3672 2.911
3673 3.456
3674 3.036
3675 2.98
3676 3.668
3677 2.987
3678 3.507
3679 3.007
3680 2.832
3681 3.6
3682 2.868
3683 3.336
3684 2.952
3685 3.184
3686 3.408
3687 2.835
3688 3.539
3689 2.859
3690 3.188
3691 3.195
3692 2.907
3693 3.38
3694 2.88
3695 3.06
3696 3.368
3697 2.939
3698 3.491
3699 2.927
3700 3.56
3701 2.94
3702 3.172
3703 3.472
3704 2.984
3705 3.307
3706 2.979
3707 3.28
3708 3.483
3709 2.96
3710 3.292
3711 3.011
3712 3.268
3713 3.408
3714 3.092
3715 3.359
3716 3.091
3717 3.536
3718 3.072
3719 3.332
3720 3.164
3721 3.152
3722 3.635
3723 3.039
3724 3.515
3725 3.04
3726 3.279
3727 3.44
3728 3.04
3729 3.708
3730 2.951
3731 3.407
3732 3.203
3733 3.18
3734 3.644
3735 3.016
3736 3.443
3737 3.195
3738 2.939
3739 3.551
3740 3.043
3741 3.456
3742 3.164
3743 3.083
3744 3.703
3745 3.152
3746 3.683
3747 3.091
3748 5.355
3749 3.023
3750 3.111
3751 3.263
3752 3.087
3753 3.528
3754 3.083
3755 5.175
3756 2.688
3757 3.547
3758 3.056
3759 3.271
3760 3.264
3761 3.147
3762 3.352
3763 3.02
3764 5.364
3765 2.683
3766 3.52
3767 3.048
3768 3.115
3769 3.476
3770 3.167
3771 3.563
3772 3.115
3773 3.42
3774 3.36
3775 3.172
3776 3.34
3777 3.067
3778 5.703
3779 2.799
3780 3.603
3781 2.94
3782 3.463
3783 3.156
3784 3.135
3785 3.399
3786 3.056
3787 5.492
3788 2.8
3789 3.591
3790 2.951
3791 3.492
3792 3.2
3793 3.055
3794 3.699
3795 3.304
3796 3.54
3797 3.211
3798 3.136
3799 4.072
3800 2.923
3801 3.423
3802 3.575
3803 3.131
3804 3.559
3805 3.092
3806 3.463
3807 3.26
3808 3.168
3809 3.871
3810 3.087
3811 3.424
3812 3.283
3813 3.344
3814 3.904
3815 3.043
3816 3.439
3817 3.183
3818 3.147
3819 3.376
3820 3.047
3821 3.564
3822 3.324
3823 3.095
3824 3.304
3825 2.976
3826 3.487
3827 3.367
3828 3.271
3829 3.296
3830 3.048
3831 3.371
3832 3.364
3833 3.087
3834 3.315
3835 3.
3836 3.876
3837 3.144
3838 3.399
3839 3.164
3840 3.139
3841 3.54
3842 3.131
3843 3.595
3844 3.079
3845 3.255
3846 3.407
3847 3.012
3848 5.711
3849 2.595
3850 3.492
3851 3.476
3852 3.007
3853 3.768
3854 3.164
3855 3.551
3856 3.448
3857 3.1
3858 3.479
3859 3.295
3860 5.824
3861 2.94
3862 3.304
3863 3.504
3864 3.183
3865 3.807
3866 3.02
3867 3.396
3868 3.672
3869 3.18
3870 3.48
3871 3.291
3872 3.236
3873 3.708
3874 3.252
3875 3.595
3876 3.343
3877 3.171
3878 3.644
3879 3.18
3880 5.316
3881 2.775
3882 3.703
3883 3.311
3884 3.332
3885 3.783
3886 3.043
3887 3.735
3888 3.264
3889 3.655
3890 3.703
3891 3.371
3892 3.708
3893 3.128
3894 3.511
3895 3.203
3896 3.283
3897 3.468
3898 3.287
3899 5.827
3900 2.708
3901 3.632
3902 3.415
3903 3.399
3904 3.899
3905 3.188
3906 3.808
3907 3.2
3908 3.484
3909 3.78
3910 3.311
3911 3.648
3912 3.288
3913 3.584
3914 3.667
3915 3.355
3916 3.704
3917 3.188
3918 3.488
3919 3.484
3920 3.331
3921 3.484
3922 3.112
3923 3.752
3924 3.451
3925 3.551
3926 3.811
3927 3.136
3928 3.94
3929 3.384
3930 3.731
3931 3.216
3932 3.448
3933 3.903
3934 3.251
3935 3.636
3936 3.476
3937 3.399
3938 3.775
3939 3.363
3940 3.992
3941 3.18
3942 3.923
3943 3.171
3944 3.36
3945 3.843
3946 3.2
3947 3.647
3948 3.6
3949 3.279
3950 4.152
3951 3.355
3952 3.567
3953 3.559
3954 3.3
3955 4.015
3956 3.347
3957 4.031
3958 3.283
3959 3.671
3960 3.683
3961 3.3
3962 4.283
3963 3.296
3964 3.827
3965 3.332
3966 3.515
3967 3.827
3968 3.376
3969 3.899
3970 3.34
3971 3.532
3972 3.847
3973 3.376
3974 3.956
3975 3.216
3976 3.683
3977 3.496
3978 3.596
3979 4.3
3980 3.308
3981 3.951
3982 3.319
3983 3.636
3984 3.556
3985 3.363
3986 3.504
3987 3.316
3988 5.847
3989 3.076
3990 3.984
3991 3.292
3992 3.66
3993 3.819
3994 3.304
3995 3.907
3996 3.504
3997 3.948
3998 3.316
3999 3.595
4000 3.888
4001 3.463
4002 3.672
4003 3.296
4004 5.927
4005 3.14
4006 3.748
4007 3.604
4008 3.459
4009 3.951
4010 3.48
4011 3.811
4012 3.559
4013 3.628
4014 3.7
4015 3.448
4016 3.592
4017 3.367
4018 6.123
4019 3.087
4020 3.887
4021 3.615
4022 3.456
4023 4.328
4024 3.564
4025 4.031
4026 3.532
4027 6.048
4028 3.327
4029 3.296
4030 4.236
4031 3.332
4032 3.899
4033 3.559
4034 3.583
4035 4.043
4036 3.463
4037 3.927
4038 3.547
4039 3.96
4040 3.688
4041 4.016
4042 3.708
4043 3.7
4044 4.02
4045 3.447
4046 4.243
4047 3.364
4048 5.968
4049 3.123
4050 3.484
4051 3.788
4052 3.504
4053 3.984
4054 3.471
4055 5.992
4056 3.172
4057 4.064
4058 3.427
4059 4.191
4060 3.471
4061 3.976
4062 3.652
4063 3.539
4064 4.18
4065 3.468
4066 4.163
4067 3.54
4068 6.316
4069 3.127
4070 3.924
4071 3.611
4072 3.927
4073 3.667
4074 3.523
4075 4.28
4076 3.492
4077 4.144
4078 3.664
4079 4.012
4080 3.836
4081 3.959
4082 3.992
4083 3.484
4084 4.427
4085 3.603
4086 4.351
4087 3.603
4088 3.86
4089 3.708
4090 3.796
4091 3.876
4092 3.591
4093 3.992
4094 3.54
4095 6.048
4096 3.268
4097 4.051
4098 3.355
4099 4.203
4100 3.363
4101 3.988
4102 3.604
4103 3.947
4104 3.827
4105 3.623
4106 3.924
4107 3.648
4108 5.884
4109 3.223
4110 3.908
4111 3.515
4112 4.159
4113 3.407
4114 3.904
4115 3.479
4116 3.868
4117 4.036
4118 3.6
4119 4.304
4120 3.575
4121 4.272
4122 3.639
4123 6.404
4124 3.6
4125 3.768
4126 4.155
4127 3.476
4128 3.927
4129 3.54
4130 6.268
4131 3.275
4132 4.163
4133 3.472
4134 4.067
4135 3.427
4136 3.923
4137 3.968
4138 3.823
4139 4.351
4140 3.788
4141 4.091
4142 3.487
4143 6.276
4144 3.628
4145 3.371
4146 4.427
4147 3.656
4148 3.943
4149 3.668
4150 3.659
4151 4.299
4152 3.463
4153 3.943
4154 3.924
4155 3.556
4156 4.088
4157 3.691
4158 3.995
4159 3.479
4160 3.579
4161 4.38
4162 3.508
4163 4.18
4164 3.747
4165 3.743
4166 4.347
4167 3.675
4168 4.068
4169 3.744
4170 3.659
4171 4.488
4172 3.695
4173 4.247
4174 3.631
4175 3.915
4176 4.152
4177 3.703
4178 4.252
4179 3.448
4180 3.992
4181 3.779
4182 3.663
4183 4.115
4184 3.543
4185 6.191
4186 3.391
4187 4.367
4188 3.515
4189 4.211
4190 3.583
4191 3.76
4192 4.231
4193 3.816
4194 4.076
4195 3.5
4196 6.559
4197 3.423
4198 3.719
4199 4.531
4200 3.628
4201 4.255
4202 3.672
4203 4.147
4204 3.704
4205 3.727
4206 4.376
4207 3.764
4208 4.115
4209 3.667
4210 3.827
4211 4.452
4212 3.688
4213 4.131
4214 3.811
4215 3.744
4216 4.572
4217 3.807
4218 4.42
4219 3.548
4220 4.095
4221 4.064
4222 3.819
4223 4.623
4224 3.512
4225 4.14
4226 3.939
4227 3.792
4228 4.731
4229 3.731
4230 4.216
4231 3.959
4232 3.971
4233 4.279
4234 3.891
4235 4.256
4236 3.631
4237 6.631
4238 3.487
4239 3.884
4240 4.059
4241 3.824
4242 4.132
4243 3.676
4244 4.427
4245 3.711
4246 4.064
4247 4.208
4248 3.764
4249 4.124
4250 3.84
4251 6.371
4252 3.355
4253 4.115
4254 3.572
4255 3.844
4256 4.407
4257 3.7
4258 4.636
4259 3.764
4260 6.631
4261 3.699
4262 3.871
4263 4.007
4264 3.799
4265 4.26
4266 3.643
4267 6.536
4268 3.239
4269 4.291
4270 4.004
4271 4.072
4272 4.115
4273 3.847
4274 4.516
4275 3.832
4276 6.788
4277 3.819
4278 4.104
4279 4.271
4280 3.912
4281 4.284
4282 3.859
4283 5.995
4284 3.427
4285 4.468
4286 3.615
4287 4.56
4288 3.711
4289 4.211
4290 3.907
4291 3.659
4292 4.283
4293 3.832
4294 4.599
4295 3.536
4296 4.435
4297 3.731
4298 4.175
4299 4.424
4300 3.804
4301 4.18
4302 3.991
4303 6.452
4304 3.42
4305 4.252
4306 3.847
4307 4.167
4308 4.239
4309 3.867
4310 4.527
4311 3.896
4312 4.423
4313 3.935
4314 6.86
4315 3.724
4316 3.752
4317 4.548
4318 3.804
4319 4.384
4320 3.879
4321 7.079
4322 3.92
4323 3.536
4324 4.924
4325 3.772
4326 4.375
4327 3.807
4328 3.927
4329 4.404
4330 3.915
4331 4.347
4332 3.799
4333 6.755
4334 3.38
4335 4.18
4336 3.896
4337 4.015
4338 4.252
4339 3.78
4340 4.412
4341 3.824
4342 6.836
4343 3.307
4344 4.319
4345 4.291
4346 3.916
4347 4.328
4348 3.963
4349 4.103
4350 3.432
4351 4.228
4352 3.844
4353 4.752
4354 3.664
4355 4.432
4356 3.932
4357 4.231
4358 4.131
4359 4.048
4360 4.788
4361 3.996
4362 4.611
4363 3.988
4364 7.252
4365 3.639
4366 4.6
4367 3.695
4368 4.603
4369 3.888
4370 4.292
4371 4.211
4372 4.247
4373 4.556
4374 4.075
4375 4.423
4376 4.003
4377 7.028
4378 3.543
4379 4.399
4380 3.971
4381 4.315
4382 4.2
4383 3.951
4384 5.019
4385 3.955
4386 4.84
4387 4.023
4388 4.407
4389 4.092
4390 4.356
4391 4.467
4392 4.036
4393 4.912
4394 4.043
4395 4.559
4396 3.988
4397 7.012
4398 3.536
4399 4.623
4400 3.759
4401 4.367
4402 4.336
4403 3.944
4404 4.36
4405 4.064
4406 6.427
4407 3.756
4408 4.435
4409 3.915
4410 4.747
4411 3.736
4412 4.644
4413 3.995
4414 4.427
4415 4.067
4416 4.399
4417 4.564
4418 3.995
4419 4.456
4420 4.171
4421 6.435
4422 3.572
4423 4.532
4424 3.816
4425 4.583
4426 3.971
4427 4.567
4428 4.003
4429 4.532
4430 4.372
4431 4.359
4432 4.351
4433 4.004
4434 5.031
4435 4.004
4436 4.912
4437 4.075
4438 7.347
4439 3.771
4440 4.62
4441 3.9
4442 4.876
4443 3.94
4444 5.007
4445 3.808
4446 4.751
4447 3.855
4448 4.695
4449 3.963
4450 4.408
4451 4.164
4452 4.332
4453 4.575
4454 4.047
4455 4.507
4456 4.203
4457 6.684
4458 3.72
4459 4.699
4460 3.972
4461 4.711
4462 3.859
4463 4.827
4464 4.004
4465 4.947
4466 3.979
4467 4.835
4468 4.076
4469 4.759
4470 3.851
4471 4.775
4472 4.131
4473 5.003
4474 3.907
4475 4.628
4476 4.156
4477 4.432
4478 4.515
4479 4.072
4480 4.523
4481 7.18
4482 5.131
4483 3.916
4484 4.791
4485 4.263
4486 6.963
4487 3.807
4488 4.572
4489 3.956
4490 4.824
4491 3.995
4492 4.904
4493 3.992
4494 4.92
4495 3.975
4496 4.827
4497 4.164
4498 4.76
4499 3.971
4500 4.847
4501 4.144
4502 5.02
4503 4.024
4504 4.863
4505 4.248
4506 4.799
4507 3.876
4508 5.119
4509 4.108
4510 4.963
4511 3.935
4512 4.896
4513 4.123
4514 4.716
4515 3.976
4516 4.852
4517 4.272
4518 4.876
4519 4.091
4520 4.935
4521 4.111
4522 4.847
4523 3.971
4524 4.807
4525 4.199
4526 4.924
4527 4.036
4528 4.911
4529 4.231
4530 4.975
4531 4.02
4532 4.768
4533 4.216
4534 4.827
4535 4.084
4536 4.956
4537 4.115
4538 4.859
4539 4.06
4540 4.932
4541 4.235
4542 4.943
4543 4.144
4544 4.904
4545 4.235
4546 4.88
4547 4.087
4548 4.987
4549 4.2
4550 4.944
4551 4.14
4552 4.959
4553 4.26
4554 5.
4555 4.024
4556 4.995
4557 4.32
4558 4.88
4559 4.2
4560 4.819
4561 4.32
4562 4.672
4563 4.123
4564 4.695
4565 4.291
4566 4.456
4567 4.263
4568 5.247
4569 4.396
4570 5.087
4571 4.46
4572 7.055
4573 3.951
4574 4.667
4575 4.115
4576 4.847
4577 3.984
4578 4.963
4579 4.139
4580 4.951
4581 4.424
4582 4.371
4583 4.827
4584 4.268
4585 4.819
4586 4.152
4587 7.628
4588 3.979
4589 5.072
4590 3.936
4591 4.804
4592 4.291
4593 4.7
4594 4.583
4595 4.443
4596 5.156
4597 4.387
4598 4.968
4599 4.336
4600 7.412
4601 3.819
4602 4.511
4603 4.404
4604 4.595
4605 5.095
4606 4.283
4607 5.012
4608 4.247
4609 7.747
4610 3.975
4611 4.652
4612 4.656
4613 4.431
4614 5.208
4615 4.311
4616 5.111
4617 4.435
4618 7.604
4619 3.983
4620 4.627
4621 4.548
4622 4.623
4623 4.951
4624 4.328
4625 4.771
4626 4.28
4627 7.708
4628 4.012
4629 4.652
4630 4.484
4631 4.427
4632 5.067
4633 4.268
4634 5.011
4635 4.26
4636 8.028
4637 4.092
4638 4.5
4639 4.823
4640 4.443
4641 4.743
4642 4.407
4643 6.747
4644 4.219
4645 4.716
4646 4.176
4647 4.879
4648 4.384
4649 4.992
4650 4.012
4651 5.159
4652 4.243
4653 4.812
4654 4.448
4655 4.8
4656 5.072
4657 4.351
4658 4.564
4659 4.444
4660 7.199
4661 3.879
4662 5.031
4663 4.152
4664 4.912
4665 4.376
4666 4.875
4667 4.708
4668 4.54
4669 5.244
4670 4.431
4671 4.992
4672 4.283
4673 7.536
4674 4.311
4675 4.311
4676 5.143
4677 4.431
4678 4.8
4679 4.396
4680 7.904
4681 3.927
4682 5.159
4683 4.224
4684 5.264
4685 4.451
4686 5.028
4687 4.579
4688 4.788
4689 5.064
4690 4.456
4691 4.824
4692 4.543
4693 7.416
4694 4.019
4695 5.159
4696 4.036
4697 5.012
4698 4.492
4699 4.796
4700 4.896
4701 4.492
4702 5.515
4703 4.5
4704 5.311
4705 4.463
4706 7.948
4707 3.963
4708 4.847
4709 4.619
4710 4.811
4711 5.132
4712 4.403
4713 5.011
4714 4.531
4715 4.692
4716 3.976
4717 4.976
4718 4.443
4719 4.78
4720 4.235
4721 5.084
4722 4.328
4723 4.868
4724 4.543
4725 4.971
4726 4.296
4727 4.536
4728 4.56
4729 4.94
4730 4.347
4731 5.327
4732 4.595
4733 4.912
4734 4.524
4735 7.36
4736 4.268
4737 5.055
4738 4.288
4739 5.12
4740 4.408
4741 5.591
4742 4.22
4743 5.484
4744 4.408
4745 5.324
4746 4.387
4747 5.036
4748 4.463
4749 4.968
4750 4.92
4751 4.536
4752 4.976
4753 6.92
4754 4.783
4755 4.072
4756 4.92
4757 4.632
4758 5.615
4759 4.451
4760 5.087
4761 4.684
4762 7.463
4763 4.051
4764 5.304
4765 4.515
4766 5.155
4767 4.252
4768 5.451
4769 4.447
4770 5.195
4771 4.404
4772 5.5
4773 4.619
4774 5.34
4775 4.296
4776 5.52
4777 4.52
4778 5.339
4779 4.363
4780 5.288
4781 4.292
4782 5.152
4783 4.46
4784 5.079
4785 4.719
4786 5.12
4787 5.072
4788 4.863
4789 5.471
4790 4.575
4791 5.131
4792 4.627
4793 7.724
4794 4.136
4795 5.34
4796 4.42
4797 5.375
4798 4.28
4799 5.344
4800 4.603
4801 5.42
4802 4.344
4803 5.347
4804 4.612
4805 5.355
4806 4.471
4807 5.315
4808 4.731
4809 5.456
4810 4.435
4811 5.288
4812 4.551
4813 5.539
4814 4.376
4815 5.44
4816 4.612
4817 5.343
4818 4.355
4819 5.567
4820 4.492
4821 5.579
4822 4.379
4823 5.463
4824 4.536
4825 5.699
4826 4.487
4827 5.463
4828 4.528
4829 5.396
4830 4.5
4831 5.479
4832 4.46
4833 5.479
4834 4.644
4835 5.379
4836 4.512
4837 5.5
4838 4.711
4839 5.311
4840 4.495
4841 5.427
4842 4.644
4843 5.34
4844 4.387
4845 5.42
4846 4.724
4847 5.34
4848 4.524
4849 5.292
4850 4.623
4851 5.468
4852 4.387
4853 5.635
4854 4.547
4855 5.652
4856 4.404
4857 5.387
4858 4.667
4859 5.359
4860 4.472
4861 5.479
4862 4.632
4863 5.371
4864 4.412
4865 5.427
4866 4.611
4867 5.288
4868 4.575
4869 5.495
4870 4.551
4871 5.468
4872 4.684
4873 5.503
4874 4.627
4875 5.528
4876 4.7
4877 5.492
4878 4.572
4879 5.664
4880 4.692
4881 5.623
4882 4.619
4883 5.268
4884 4.6
4885 5.324
4886 4.584
4887 5.408
4888 4.9
4889 5.355
4890 4.551
4891 5.603
4892 4.708
4893 5.483
4894 4.68
4895 5.579
4896 4.84
4897 5.247
4898 4.711
4899 5.324
4900 4.891
4901 5.139
4902 4.711
4903 5.72
4904 4.756
4905 5.38
4906 5.011
4907 8.279
4908 4.376
4909 5.515
4910 4.54
4911 5.504
4912 4.504
4913 5.844
4914 4.611
4915 5.572
4916 4.439
4917 5.624
4918 4.724
4919 5.363
4920 5.051
4921 4.963
4922 6.152
4923 4.824
4924 5.396
4925 4.783
4926 8.587
4927 4.607
4928 4.932
4929 5.083
4930 4.752
4931 5.247
4932 4.768
4933 7.888
4934 4.151
4935 5.835
4936 4.5
4937 5.472
4938 4.756
4939 5.247
4940 5.531
4941 4.651
4942 5.519
4943 4.935
4944 8.783
4945 4.335
4946 5.468
4947 4.824
4948 5.54
4949 4.816
4950 5.151
4951 5.528
4952 4.956
4953 5.572
4954 4.815
4955 8.019
4956 4.691
4957 5.755
4958 4.427
4959 5.731
4960 4.819
4961 5.404
4962 4.948
4963 5.168
4964 5.576
4965 4.851
4966 5.431
4967 4.887
4968 8.636
4969 4.288
4970 5.675
4971 4.84
4972 5.884
4973 4.471
4974 5.623
4975 4.867
4976 5.391
4977 4.948
4978 4.968
4979 5.84
4980 4.904
4981 5.851
4982 4.884
4983 8.684
4984 5.112
4985 4.844
4986 5.631
4987 4.876
4988 5.707
4989 5.056
4990 8.127
4991 4.244
4992 5.723
4993 4.923
4994 5.927
4995 4.595
4996 5.615
4997 4.78
4998 5.455
4999 5.011
5000 4.92