1 0.495
2 0.496
3 0.536
4 0.539
5 0.539
6 0.568
7 0.547
8 0.56
9 0.595
10 0.588
11 0.576
12 0.576
13 0.579
14 0.603
15 0.612
16 0.619
17 0.628
18 0.644
19 0.671
20 0.667
21 0.672
22 0.663
23 0.692
24 0.68
25 0.72
26 0.724
27 0.727
28 0.756
29 0.748
30 0.775
31 0.8
32 0.787
33 0.783
34 0.791
35 0.8
36 0.804
37 0.804
38 0.831
39 0.832
40 0.819
41 0.828
42 0.847
43 0.872
44 0.88
45 0.895
46 0.884
47 0.887
48 0.891
49 0.904
50 0.923
51 0.927
52 0.927
53 0.939
54 0.944
55 0.967
56 0.956
57 0.979
58 0.98
59 0.984
60 0.987
61 1.02
62 1.027
63 1.02
64 1.028
65 1.032
66 1.059
67 1.051
68 1.059
69 1.087
70 1.076
71 1.068
72 1.083
73 1.084
74 1.087
75 1.112
76 1.112
77 1.119
78 1.14
79 1.167
80 1.155
81 1.159
82 1.188
83 1.172
84 1.207
85 1.192
86 1.192
87 1.212
88 1.215
89 1.212
90 1.252
91 1.247
92 1.247
93 1.283
94 1.3
95 1.279
96 1.307
97 1.304
98 1.323
99 1.316
100 1.34
101 1.335
102 1.336
103 1.347
104 1.359
105 1.404
106 1.399
107 1.391
108 1.392
109 1.42
110 1.451
111 1.455
112 1.436
113 1.439
114 1.444
115 1.456
116 1.467
117 1.463
118 1.463
119 1.472
120 1.483
121 1.496
122 1.52
123 1.515
124 1.536
125 1.532
126 1.564
127 1.539
128 1.563
129 1.588
130 1.579
131 1.572
132 1.572
133 1.599
134 1.615
135 1.608
136 1.6
137 1.612
138 1.647
139 1.672
140 1.659
141 1.659
142 1.688
143 1.676
144 1.711
145 1.692
146 1.688
147 1.704
148 1.739
149 1.735
150 1.728
151 1.747
152 1.748
153 1.771
154 1.771
155 1.775
156 1.78
157 1.799
158 1.827
159 1.832
160 1.811
161 1.823
162 1.839
163 1.868
164 1.876
165 1.871
166 1.868
167 1.876
168 1.88
169 1.895
170 1.916
171 1.899
172 1.92
173 1.931
174 1.936
175 1.943
176 1.976
177 1.956
178 1.983
179 1.988
180 1.996
181 1.988
182 2.023
183 2.047
184 2.052
185 2.059
186 2.091
187 2.083
188 2.079
189 2.064
190 2.072
191 2.072
192 2.072
193 2.115
194 2.139
195 2.136
196 2.144
197 2.147
198 2.128
199 2.144
200 2.163
201 2.167
202 2.168
203 2.199
204 2.184
205 2.207
206 2.22
207 2.211
208 2.204
209 2.228
210 2.224
211 2.231
212 2.243
213 2.256
214 2.271
215 2.268
216 2.283
217 2.307
218 2.299
219 2.316
220 2.303
221 2.336
222 2.351
223 2.34
224 2.36
225 2.363
226 2.387
227 2.387
228 2.388
229 2.38
230 2.387
231 2.423
232 2.407
233 2.44
234 2.427
235 2.448
236 2.439
237 2.467
238 2.463
239 2.46
240 2.472
241 2.487
242 2.488
243 2.488
244 2.503
245 2.511
246 2.516
247 2.532
248 2.555
249 2.564
250 2.572
251 2.583
252 2.591
253 2.596
254 2.595
255 2.615
256 2.632
257 2.652
258 2.667
259 2.655
260 2.64
261 2.667
262 2.659
263 2.664
264 2.679
265 2.695
266 2.699
267 2.707
268 2.716
269 2.703
270 2.731
271 2.723
272 2.724
273 2.74
274 2.747
275 2.748
276 2.767
277 2.784
278 2.783
279 2.788
280 2.804
281 2.819
282 2.811
283 2.844
284 2.872
285 2.88
286 2.884
287 2.855
288 2.859
289 2.88
290 2.908
291 2.895
292 2.9
293 2.935
294 2.923
295 2.931
296 2.927
297 2.943
298 2.967
299 2.972
300 2.963
301 2.967
302 2.979
303 2.988
304 3.003
305 3.012
306 3.032
307 3.043
308 3.051
309 3.06
310 3.055
311 3.047
312 3.072
313 3.108
314 3.096
315 3.112
316 3.119
317 3.115
318 3.135
319 3.168
320 3.163
321 3.152
322 3.195
323 3.195
324 3.184
325 3.188
326 3.199
327 3.188
328 3.192
329 3.216
330 3.239
331 3.239
332 3.231
333 3.235
334 3.236
335 3.251
336 3.268
337 3.296
338 3.284
339 3.291
340 3.288
341 3.319
342 3.347
343 3.328
344 3.336
345 3.344
346 3.351
347 3.363
348 3.376
349 3.384
350 3.387
351 3.376
352 3.408
353 3.391
354 3.42
355 3.395
356 3.44
357 3.447
358 3.432
359 3.475
360 3.503
361 3.472
362 3.471
363 3.475
364 3.476
365 3.479
366 3.496
367 3.515
368 3.548
369 3.547
370 3.536
371 3.559
372 3.551
373 3.551
374 3.568
375 3.576
376 3.587
377 3.612
378 3.636
379 3.612
380 3.615
381 3.644
382 3.671
383 3.668
384 3.675
385 3.688
386 3.7
387 3.692
388 3.675
389 3.72
390 3.716
391 3.711
392 3.712
393 3.715
394 3.724
395 3.735
396 3.759
397 3.768
398 3.8
399 3.788
400 3.799
401 3.807
402 3.807
403 3.799
404 3.832
405 3.819
406 3.828
407 3.855
408 3.86
409 3.863
410 3.855
411 3.884
412 3.887
413 3.879
414 3.891
415 3.903
416 3.904
417 3.935
418 3.936
419 3.927
420 3.939
421 3.971
422 3.992
423 4.011
424 4.011
425 4.012
426 4.003
427 4.003
428 4.039
429 4.032
430 4.047
431 4.047
432 4.047
433 4.051
434 4.056
435 4.063
436 4.072
437 4.087
438 4.107
439 4.104
440 4.096
441 4.143
442 4.148
443 4.148
444 4.163
445 4.192
446 4.18
447 4.18
448 4.184
449 4.171
450 4.188
451 4.216
452 4.235
453 4.319
454 4.18
455 4.184
456 4.167
457 4.18
458 4.192
459 4.188
460 4.216
461 4.228
462 4.22
463 4.215
464 4.228
465 4.231
466 4.248
467 4.26
468 4.283
469 4.288
470 4.295
471 4.304
472 4.3
473 4.3
474 4.496
475 4.387
476 4.408
477 4.42
478 4.431
479 4.435
480 4.452
481 4.463
482 4.476
483 4.475
484 4.471
485 4.496
486 4.503
487 4.516
488 4.492
489 4.491
490 4.519
491 4.528
492 4.528
493 4.536
494 4.543
495 4.547
496 4.547
497 4.579
498 4.615
499 4.619
500 4.631
501 4.688
502 4.648
503 4.64
504 4.655
505 4.659
506 4.64
507 4.671
508 4.668
509 4.655
510 4.675
511 4.708
512 4.728
513 4.731
514 4.748
515 4.744
516 4.752
517 4.788
518 4.739
519 4.731
520 4.76
521 4.768
522 4.775
523 4.775
524 4.783
525 4.799
526 4.792
527 4.811
528 4.844
529 4.844
530 4.847
531 4.884
532 4.868
533 4.872
534 4.871
535 4.884
536 4.879
537 4.907
538 4.899
539 4.904
540 4.927
541 4.952
542 4.976
543 4.951
544 4.96
545 4.959
546 4.976
547 4.984
548 4.959
549 4.959
550 5.
551 5.011
552 5.023
553 5.02
554 5.02
555 5.036
556 5.059
557 5.059
558 5.072
559 5.084
560 5.095
561 5.12
562 5.099
563 5.096
564 5.099
565 5.12
566 5.128
567 5.123
568 5.128
569 5.159
570 5.175
571 5.164
572 5.151
573 5.148
574 5.168
575 5.167
576 5.176
577 5.2
578 5.243
579 5.232
580 5.208
581 5.224
582 5.243
583 5.252
584 5.252
585 5.283
586 5.279
587 5.3
588 5.299
589 5.296
590 5.304
591 5.323
592 5.344
593 5.335
594 5.344
595 5.355
596 5.372
597 5.368
598 5.379
599 5.4
600 5.399
601 5.395
602 5.412
603 5.427
604 5.427
605 5.436
606 5.468
607 5.495
608 5.507
609 5.495
610 5.532
611 5.547
612 5.531
613 5.524
614 5.531
615 5.539
616 5.568
617 5.556
618 5.556
619 5.575
620 5.579
621 5.604
622 5.631
623 5.64
624 5.623
625 5.644
626 5.664
627 5.644
628 5.636
629 5.659
630 5.683
631 5.675
632 5.688
633 5.668
634 5.603
635 5.595
636 5.623
637 5.619
638 5.639
639 5.644
640 5.639
641 5.675
642 5.664
643 5.667
644 5.684
645 5.695
646 5.7
647 5.688
648 5.712
649 5.719
650 5.727
651 5.748
652 5.747
653 5.768
654 5.768
655 5.796
656 5.771
657 5.78
658 5.816
659 5.827
660 5.82
661 5.831
662 5.852
663 5.863
664 5.852
665 5.864
666 5.855
667 5.851
668 5.868
669 5.9
670 5.899
671 5.896
672 5.923
673 5.932
674 5.92
675 5.927
676 5.948
677 5.976
678 5.948
679 5.956
680 5.975
681 5.976
682 5.979
683 6.004
684 5.991
685 6.02
686 6.028
687 6.023
688 6.007
689 6.04
690 6.067
691 6.079
692 6.064
693 6.083
694 6.087
695 6.092
696 6.103
697 6.119
698 6.128
699 6.112
700 6.123
701 6.159
702 6.131
703 6.163
704 6.152
705 6.172
706 6.167
707 6.195
708 6.183
709 6.235
710 6.224
711 6.247
712 6.264
713 6.255
714 6.244
715 6.272
716 6.264
717 6.292
718 6.287
719 6.312
720 6.291
721 6.296
722 6.304
723 6.327
724 6.319
725 6.327
726 6.335
727 6.355
728 6.368
729 6.384
730 6.372
731 6.367
732 6.391
733 6.387
734 6.412
735 6.412
736 6.424
737 6.435
738 6.42
739 6.44
740 6.451
741 6.456
742 6.468
743 6.463
744 6.487
745 6.507
746 6.511
747 6.504
748 6.507
749 6.531
750 6.532
751 6.54
752 6.539
753 6.548
754 6.547
755 6.548
756 6.572
757 6.587
758 6.608
759 6.615
760 6.652
761 6.663
762 6.647
763 6.664
764 6.635
765 6.664
766 6.671
767 6.664
768 6.671
769 6.688
770 6.695
771 6.703
772 6.692
773 6.703
774 6.731
775 6.771
776 6.752
777 6.731
778 6.772
779 6.768
780 6.788
781 6.791
782 6.796
783 6.788
784 6.795
785 6.816
786 6.816
787 6.847
788 6.86
789 6.819
790 6.847
791 6.868
792 6.863
793 6.888
794 6.871
795 6.912
796 6.891
797 6.927
798 6.924
799 6.923
800 6.915
801 6.94
802 6.932
803 6.936
804 6.96
805 6.968
806 6.992
807 7.02
808 7.02
809 7.043
810 7.036
811 7.036
812 7.051
813 7.056
814 7.051
815 7.064
816 7.087
817 7.095
818 7.075
819 7.079
820 7.111
821 7.103
822 7.128
823 7.139
824 7.123
825 7.14
826 7.136
827 7.147
828 7.139
829 7.167
830 7.167
831 7.164
832 7.175
833 7.199
834 7.224
835 7.208
836 7.224
837 7.219
838 7.26
839 7.239
840 7.252
841 7.252
842 7.279
843 7.272
844 7.28
845 7.292
846 7.307
847 7.315
848 7.315
849 7.315
850 7.324
851 7.347
852 7.371
853 7.379
854 7.388
855 7.384
856 7.404
857 7.407
858 7.404
859 7.407
860 7.415
861 7.427
862 7.415
863 7.431
864 7.448
865 7.443
866 7.476
867 7.479
868 7.479
869 7.504
870 7.476
871 7.511
872 7.504
873 7.532
874 7.527
875 7.528
876 7.556
877 7.564
878 7.559
879 7.547
880 7.587
881 7.6
882 7.568
883 7.62
884 7.592
885 7.623
886 7.615
887 7.615
888 7.652
889 7.648
890 7.64
891 7.652
892 7.663
893 7.68
894 7.676
895 7.687
896 7.716
897 7.711
898 7.739
899 7.748
900 7.78
901 7.771
902 7.752
903 7.783
904 7.796
905 7.792
906 7.799
907 7.776
908 7.824
909 7.816
910 7.796
911 7.855
912 7.836
913 7.86
914 7.843
915 7.847
916 7.863
917 7.871
918 7.884
919 7.876
920 7.876
921 7.912
922 7.904
923 7.912
924 7.935
925 7.915
926 7.932
927 7.951
928 7.96
929 7.975
930 7.971
931 7.995
932 7.979
933 7.987
934 8.003
935 8.023
936 8.032
937 8.043
938 8.04
939 8.059
940 8.064
941 8.076
942 8.076
943 8.127
944 8.115
945 8.115
946 8.127
947 8.123
948 8.136
949 8.135
950 8.132
951 8.148
952 8.144
953 8.159
954 8.179
955 8.184
956 8.188
957 8.195
958 8.191
959 8.216
960 8.224
961 8.211
962 8.224
963 8.252
964 8.247
965 8.275
966 8.279
967 8.283
968 8.287
969 8.299
970 8.283
971 8.319
972 8.287
973 8.327
974 8.324
975 8.327
976 8.32
977 8.347
978 8.371
979 8.355
980 8.36
981 8.391
982 8.42
983 8.396
984 8.42
985 8.427
986 8.463
987 8.463
988 8.444
989 8.448
990 8.459
991 8.479
992 8.487
993 8.472
994 8.496
995 8.495
996 8.523
997 8.548
998 8.528
999 8.547
1000 8.54