1 0.
2 0.048
3 0.007
4 0.008
5 0.012
6 0.016
7 0.096
8 0.016
9 0.02
10 0.023
11 0.028
12 0.032
13 0.032
14 0.032
15 0.04
16 0.04
17 0.044
18 0.048
19 0.055
20 0.056
21 0.059
22 0.064
23 0.072
24 0.076
25 0.084
26 0.092
27 0.096
28 0.1
29 0.108
30 0.112
31 0.119
32 0.132
33 0.136
34 0.143
35 0.152
36 0.156
37 0.167
38 0.172
39 0.183
40 0.187
41 0.203
42 0.211
43 0.219
44 0.232
45 0.243
46 0.255
47 0.267
48 0.28
49 0.291
50 0.304
51 0.312
52 0.327
53 0.352
54 0.371
55 0.379
56 0.391
57 0.387
58 0.419
59 0.416
60 0.468
61 0.492
62 0.475
63 0.515
64 0.543
65 0.528
66 0.548
67 0.559
68 0.615
69 0.608
70 0.6
71 0.812
72 0.692
73 0.719
74 0.751
75 0.764
76 0.78
77 0.847
78 0.868
79 0.868
80 0.895
81 0.924
82 1.011
83 1.044
84 1.096
85 1.04
86 1.048
87 1.103
88 1.155
89 1.16
90 1.184
91 1.204
92 1.248
93 1.324
94 1.339
95 1.443
96 1.475
97 1.484
98 1.603
99 1.607
100 1.6
101 1.64
102 1.631
103 1.688
104 1.736
105 1.756
106 1.823
107 1.899
108 1.984
109 2.051
110 2.088
111 2.159
112 2.22
113 2.064
114 2.124
115 2.14
116 2.243
117 2.316
118 2.367
119 2.427
120 2.552
121 2.599
122 2.683
123 2.688
124 2.695
125 2.731
126 2.739
127 2.856
128 2.887
129 3.016
130 3.171
131 3.275
132 3.244
133 3.183
134 3.259
135 3.388
136 3.387
137 3.487
138 3.656
139 3.787
140 3.872
141 3.864
142 3.848
143 3.972
144 4.008
145 4.107
146 4.252
147 4.424
148 4.508
149 4.5
150 4.508
151 4.539
152 4.623
153 4.752
154 4.955
155 5.112
156 5.087
157 5.103
158 5.252
159 5.3
160 5.475
161 5.656
162 5.828
163 5.74
164 5.744
165 5.832
166 5.955
167 6.184
168 6.427
169 6.36
170 6.355
171 6.467
172 6.68
173 6.967
174 6.932
175 6.903
176 7.015
177 7.144
178 7.412
179 7.723
180 7.592
181 7.659
182 7.72
183 8.096
184 8.36
185 8.252
186 8.252
187 8.3
188 8.704
189 9.012
190 8.848
191 8.703
192 8.843
193 9.375
194 9.292
195 9.264
196 9.391
197 9.779
198 9.911
199 9.788
200 10.024
201 10.712
202 10.792
203 10.9
204 11.028
205 11.211
206 11.375
207 11.5
208 11.703
209 11.864
210 11.991
211 12.188
212 12.032
213 12.127
214 12.352
215 12.512
216 12.62
217 12.847
218 13.015
219 13.207
220 13.376
221 13.536
222 13.728
223 13.895
224 14.056
225 14.272
226 14.436
227 14.635
228 15.348
229 15.415
230 15.628
231 15.811
232 16.055
233 16.084
234 16.16
235 16.388
236 16.588
237 16.791
238 16.979
239 17.216
240 17.415
241 17.631
242 17.836
243 18.012
244 18.312
245 18.464
246 18.748
247 18.891
248 19.175
249 19.411
250 19.639
251 19.863
252 20.147
253 20.339
254 20.524
255 20.768
256 20.972
257 21.259
258 21.467
259 21.704
260 21.884
261 22.04
262 22.235
263 22.392
264 22.659
265 22.915
266 23.183
267 23.456
268 23.703
269 23.971
270 24.256
271 24.531
272 24.796
273 25.051
274 25.319
275 25.619
276 25.903
277 26.184
278 26.483
279 26.788
280 26.971
281 27.228
282 27.528
283 27.844
284 28.111
285 28.448
286 28.764
287 29.039
288 29.327
289 29.675
290 29.956
291 30.231
292 30.6
293 30.975
294 31.279
295 31.604
296 31.932
297 32.271
298 32.583
299 32.907
300 33.256
301 33.599
302 33.972
303 34.295
304 34.619
305 34.988
306 35.355
307 35.695
308 36.027
309 36.412
310 36.768
311 37.104
312 37.503
313 37.84
314 38.204
315 39.068
316 39.316
317 39.788
318 40.203
319 40.587
320 41.003
321 41.423
322 41.819
323 42.184
324 42.612
325 43.059
326 43.483
327 43.904
328 44.344
329 44.811
330 45.299
331 45.748
332 46.168
333 46.623
334 47.067
335 47.564
336 47.979
337 48.215
338 48.572
339 49.304
340 49.788
341 50.195
342 50.648
343 51.084
344 51.7
345 52.148
346 52.623
347 53.059
348 53.604
349 53.908
350 54.456
351 54.927
352 55.384
353 55.8
354 56.304
355 56.704
356 57.236
357 57.439
358 58.039
359 58.436
360 59.028
361 59.467
362 59.996
363 60.404
364 60.88
365 61.44
366 61.916
367 62.412
368 62.975
369 63.435
370 63.935
371 64.472