1 0.004
2 0.
3 0.004
4 0.
5 0.
6 0.004
7 0.004
8 0.004
9 0.
10 0.
11 0.
12 0.
13 0.
14 0.
15 0.004
16 0.
17 0.
18 0.
19 0.
20 0.004
21 0.003
22 0.004
23 0.004
24 0.
25 0.003
26 0.004
27 0.003
28 0.012
29 0.
30 0.003
31 0.
32 0.003
33 0.
34 0.004
35 0.004
36 0.004
37 0.004
38 0.004
39 0.
40 0.004
41 0.004
42 0.004
43 0.003
44 0.004
45 0.004
46 0.003
47 0.003
48 0.
49 0.004
50 0.003
51 0.003
52 0.003
53 0.003
54 0.003
55 0.003
56 0.004
57 0.
58 0.
59 0.003
60 0.004
61 0.
62 0.003
63 0.004
64 0.004
65 0.004
66 0.004
67 0.
68 0.004
69 0.
70 0.004
71 0.004
72 0.003
73 0.003
74 0.004
75 0.004
76 0.004
77 0.004
78 0.003
79 0.004
80 0.004
81 0.004
82 0.004
83 0.003
84 0.004
85 0.004
86 0.004
87 0.003
88 0.004
89 0.003
90 0.019
91 0.003
92 0.004
93 0.004
94 0.004
95 0.004
96 0.003
97 0.003
98 0.004
99 0.003
100 0.004
101 0.003
102 0.003
103 0.004
104 0.004
105 0.004
106 0.003
107 0.003
108 0.004
109 0.003
110 0.004
111 0.004
112 0.004
113 0.007
114 0.003
115 0.004
116 0.004
117 0.004
118 0.007
119 0.003
120 0.004
121 0.004
122 0.007
123 0.003
124 0.004
125 0.004
126 0.004
127 0.004
128 0.004
129 0.007
130 0.003
131 0.004
132 0.003
133 0.007
134 0.003
135 0.004
136 0.003
137 0.004
138 0.012
139 0.004
140 0.008
141 0.004
142 0.004
143 0.007
144 0.007
145 0.003
146 0.003
147 0.007
148 0.008
149 0.004
150 0.007
151 0.004
152 0.008
153 0.007
154 0.007
155 0.004
156 0.008
157 0.007
158 0.007
159 0.015
160 0.004
161 0.007
162 0.004
163 0.004
164 0.003
165 0.003
166 0.007
167 0.008
168 0.007
169 0.004
170 0.015
171 0.004
172 0.004
173 0.003
174 0.008
175 0.007
176 0.007
177 0.003
178 0.004
179 0.003
180 0.007
181 0.004
182 0.007
183 0.003
184 0.007
185 0.007
186 0.008
187 0.007
188 0.008
189 0.004
190 0.003
191 0.007
192 0.007
193 0.003
194 0.015
195 0.008
196 0.007
197 0.007
198 0.007
199 0.008
200 0.003
201 0.007
202 0.008
203 0.007
204 0.007
205 0.008
206 0.003
207 0.004
208 0.007
209 0.007
210 0.008
211 0.003
212 0.004
213 0.007
214 0.004
215 0.007
216 0.004
217 0.007
218 0.008
219 0.023
220 0.007
221 0.008
222 0.007
223 0.007
224 0.007
225 0.007
226 0.008
227 0.008
228 0.007
229 0.007
230 0.007
231 0.007
232 0.008
233 0.007
234 0.007
235 0.008
236 0.008
237 0.007
238 0.007
239 0.004
240 0.007
241 0.007
242 0.007
243 0.007
244 0.008
245 0.007
246 0.004
247 0.008
248 0.007
249 0.008
250 0.007
251 0.008
252 0.008
253 0.007
254 0.008
255 0.007
256 0.007
257 0.007
258 0.016
259 0.007
260 0.008
261 0.007
262 0.008
263 0.007
264 0.008
265 0.007
266 0.007
267 0.012
268 0.012
269 0.02
270 0.008
271 0.007
272 0.007
273 0.008
274 0.008
275 0.007
276 0.007
277 0.019
278 0.007
279 0.007
280 0.007
281 0.007
282 0.007
283 0.012
284 0.007
285 0.012
286 0.008
287 0.007
288 0.007
289 0.012
290 0.007
291 0.007
292 0.008
293 0.012
294 0.008
295 0.007
296 0.008
297 0.007
298 0.008
299 0.019
300 0.008
301 0.007
302 0.007
303 0.007
304 0.007
305 0.007
306 0.012
307 0.012
308 0.007
309 0.008
310 0.007
311 0.012
312 0.008
313 0.012
314 0.008
315 0.019
316 0.007
317 0.007
318 0.012
319 0.012
320 0.012
321 0.012
322 0.015
323 0.012
324 0.007
325 0.023
326 0.008
327 0.007
328 0.008
329 0.012
330 0.012
331 0.012
332 0.012
333 0.012
334 0.019
335 0.008
336 0.012
337 0.024
338 0.012
339 0.012
340 0.012
341 0.007
342 0.012
343 0.008
344 0.012
345 0.019
346 0.012
347 0.007
348 0.008
349 0.007
350 0.02
351 0.007
352 0.008
353 0.012
354 0.012
355 0.012
356 0.012
357 0.016
358 0.012
359 0.007
360 0.007
361 0.012
362 0.012
363 0.012
364 0.012
365 0.012
366 0.02
367 0.007
368 0.024
369 0.007
370 0.024
371 0.012
372 0.012
373 0.012
374 0.012
375 0.012
376 0.012
377 0.012
378 0.012
379 0.012
380 0.019
381 0.012
382 0.024
383 0.012
384 0.012
385 0.012
386 0.012
387 0.012
388 0.012
389 0.008
390 0.012
391 0.012
392 0.012
393 0.02
394 0.012
395 0.012
396 0.008
397 0.011
398 0.012
399 0.012
400 0.012
401 0.012
402 0.007
403 0.012
404 0.012
405 0.007
406 0.012
407 0.012
408 0.019
409 0.012
410 0.012
411 0.012
412 0.012
413 0.012
414 0.012
415 0.007
416 0.032
417 0.012
418 0.012
419 0.019
420 0.012
421 0.012
422 0.019
423 0.012
424 0.012
425 0.02
426 0.012
427 0.012
428 0.012
429 0.012
430 0.012
431 0.012
432 0.016
433 0.012
434 0.012
435 0.012
436 0.012
437 0.012
438 0.015
439 0.02
440 0.012
441 0.015
442 0.012
443 0.024
444 0.012
445 0.012
446 0.012
447 0.024
448 0.016
449 0.012
450 0.012
451 0.012
452 0.012
453 0.012
454 0.012
455 0.016
456 0.024
457 0.012
458 0.012
459 0.012
460 0.012
461 0.012
462 0.015
463 0.012
464 0.012
465 0.012
466 0.012
467 0.024
468 0.012
469 0.016
470 0.012
471 0.015
472 0.012
473 0.012
474 0.02
475 0.012
476 0.012
477 0.012
478 0.008
479 0.016
480 0.015
481 0.012
482 0.028
483 0.024
484 0.012
485 0.016
486 0.012
487 0.012
488 0.012
489 0.012
490 0.016
491 0.016
492 0.012
493 0.016
494 0.024
495 0.024
496 0.015
497 0.012
498 0.016
499 0.016
500 0.016
501 0.015
502 0.016
503 0.015
504 0.012
505 0.015
506 0.012
507 0.016
508 0.016
509 0.012
510 0.016
511 0.015
512 0.015
513 0.016
514 0.012
515 0.012
516 0.015
517 0.015
518 0.016
519 0.015
520 0.012
521 0.016
522 0.012
523 0.016
524 0.015
525 0.016
526 0.024
527 0.024
528 0.024
529 0.012
530 0.012
531 0.015
532 0.012
533 0.015
534 0.012
535 0.015
536 0.016
537 0.015
538 0.012
539 0.024
540 0.012
541 0.016
542 0.016
543 0.011
544 0.012
545 0.015
546 0.012
547 0.028
548 0.027
549 0.016
550 0.012
551 0.015
552 0.016
553 0.012
554 0.024
555 0.015
556 0.012
557 0.016
558 0.016
559 0.015
560 0.024
561 0.015
562 0.016
563 0.016
564 0.016
565 0.024
566 0.016
567 0.012
568 0.012
569 0.016
570 0.019
571 0.015
572 0.016
573 0.016
574 0.015
575 0.012
576 0.016
577 0.016
578 0.016
579 0.024
580 0.015
581 0.015
582 0.016
583 0.016
584 0.016
585 0.016
586 0.032
587 0.016
588 0.016
589 0.016
590 0.043
591 0.016
592 0.016
593 0.024
594 0.016
595 0.016
596 0.016
597 0.016
598 0.016
599 0.016
600 0.016
601 0.016
602 0.016
603 0.016
604 0.016
605 0.016
606 0.015
607 0.016
608 0.016
609 0.016
610 0.016
611 0.019
612 0.016
613 0.016
614 0.016
615 0.015
616 0.016
617 0.019
618 0.019
619 0.028
620 0.015
621 0.015
622 0.016
623 0.02
624 0.028
625 0.015
626 0.027
627 0.016
628 0.015
629 0.019
630 0.019
631 0.032
632 0.016
633 0.031
634 0.016
635 0.015
636 0.02
637 0.02
638 0.016
639 0.016
640 0.015
641 0.015
642 0.016
643 0.015
644 0.016
645 0.02
646 0.016
647 0.019
648 0.016
649 0.016
650 0.02
651 0.019
652 0.019
653 0.015
654 0.02
655 0.016
656 0.016
657 0.016
658 0.016
659 0.032
660 0.02
661 0.028
662 0.019
663 0.019
664 0.015
665 0.015
666 0.016
667 0.019
668 0.031
669 0.019
670 0.019
671 0.019
672 0.016
673 0.024
674 0.019
675 0.019
676 0.019
677 0.02
678 0.028
679 0.019
680 0.016
681 0.02
682 0.019
683 0.028
684 0.019
685 0.02
686 0.031
687 0.019
688 0.015
689 0.031
690 0.019
691 0.016
692 0.019
693 0.016
694 0.019
695 0.028
696 0.019
697 0.019
698 0.031
699 0.019
700 0.019
701 0.031
702 0.016
703 0.019
704 0.019
705 0.019
706 0.02
707 0.02
708 0.024
709 0.02
710 0.016
711 0.019
712 0.031
713 0.016
714 0.019
715 0.019
716 0.028
717 0.019
718 0.015
719 0.02
720 0.031
721 0.015
722 0.02
723 0.019
724 0.032
725 0.019
726 0.019
727 0.019
728 0.019
729 0.028
730 0.02
731 0.016
732 0.019
733 0.015
734 0.016
735 0.048
736 0.02
737 0.019
738 0.019
739 0.019
740 0.019
741 0.036
742 0.019
743 0.019
744 0.019
745 0.019
746 0.019
747 0.036
748 0.027
749 0.02
750 0.019
751 0.019
752 0.019
753 0.015
754 0.02
755 0.019
756 0.036
757 0.028
758 0.027
759 0.02
760 0.02
761 0.019
762 0.019
763 0.02
764 0.019
765 0.02
766 0.02
767 0.019
768 0.019
769 0.036
770 0.027
771 0.027
772 0.027
773 0.028
774 0.028
775 0.02
776 0.019
777 0.019
778 0.019
779 0.019
780 0.019
781 0.024
782 0.019
783 0.019
784 0.024
785 0.02
786 0.02
787 0.019
788 0.019
789 0.019
790 0.02
791 0.028
792 0.028
793 0.031
794 0.031
795 0.032
796 0.031
797 0.02
798 0.024
799 0.019
800 0.024
801 0.02
802 0.019
803 0.019
804 0.02
805 0.02
806 0.024
807 0.019
808 0.036
809 0.031
810 0.031
811 0.019
812 0.024
813 0.024
814 0.024
815 0.019
816 0.024
817 0.036
818 0.028
819 0.024
820 0.024
821 0.024
822 0.019
823 0.019
824 0.036
825 0.031
826 0.019
827 0.019
828 0.019
829 0.019
830 0.019
831 0.036
832 0.02
833 0.024
834 0.019
835 0.024
836 0.036
837 0.024
838 0.024
839 0.019
840 0.019
841 0.036
842 0.019
843 0.02
844 0.024
845 0.032
846 0.031
847 0.024
848 0.024
849 0.024
850 0.044
851 0.019
852 0.019
853 0.019
854 0.052
855 0.019
856 0.024
857 0.04
858 0.024
859 0.019
860 0.019
861 0.04
862 0.024
863 0.024
864 0.036
865 0.019
866 0.019
867 0.019
868 0.039
869 0.019
870 0.024
871 0.04
872 0.024
873 0.024
874 0.04
875 0.024
876 0.024
877 0.04
878 0.024
879 0.024
880 0.024
881 0.024
882 0.032
883 0.019
884 0.024
885 0.039
886 0.019
887 0.024
888 0.04
889 0.024
890 0.039
891 0.02
892 0.024
893 0.036
894 0.024
895 0.035
896 0.024
897 0.024
898 0.024
899 0.024
900 0.032
901 0.024
902 0.04
903 0.02
904 0.024
905 0.02
906 0.024
907 0.024
908 0.024
909 0.039
910 0.024
911 0.04
912 0.024
913 0.039
914 0.024
915 0.039
916 0.024
917 0.036
918 0.024
919 0.035
920 0.024
921 0.039
922 0.024
923 0.039
924 0.024
925 0.039
926 0.024
927 0.039
928 0.024
929 0.039
930 0.024
931 0.024
932 0.024
933 0.024
934 0.024
935 0.024
936 0.032
937 0.024
938 0.039
939 0.024
940 0.027
941 0.024
942 0.024
943 0.04
944 0.024
945 0.024
946 0.024
947 0.024
948 0.035
949 0.024
950 0.024
951 0.024
952 0.024
953 0.039
954 0.024
955 0.024
956 0.036
957 0.024
958 0.024
959 0.048
960 0.024
961 0.024
962 0.024
963 0.024
964 0.024
965 0.024
966 0.024
967 0.024
968 0.035
969 0.027
970 0.027
971 0.036
972 0.024
973 0.028
974 0.035
975 0.024
976 0.024
977 0.035
978 0.024
979 0.028
980 0.024
981 0.039
982 0.027
983 0.028
984 0.028
985 0.043
986 0.024
987 0.028
988 0.027
989 0.043
990 0.024
991 0.024
992 0.028
993 0.043
994 0.028
995 0.024
996 0.024
997 0.028
998 0.036
999 0.028
1000 0.024