1 0.284
2 0.288
3 0.319
4 0.319
5 0.327
6 0.34
7 0.331
8 0.351
9 0.372
10 0.368
11 0.36
12 0.364
13 0.38
14 0.391
15 0.395
16 0.399
17 0.42
18 0.432
19 0.452
20 0.448
21 0.452
22 0.451
23 0.475
24 0.463
25 0.5
26 0.491
27 0.512
28 0.528
29 0.515
30 0.551
31 0.56
32 0.564
33 0.539
34 0.572
35 0.564
36 0.596
37 0.587
38 0.603
39 0.604
40 0.595
41 0.612
42 0.631
43 0.655
44 0.655
45 0.667
46 0.667
47 0.667
48 0.663
49 0.684
50 0.704
51 0.692
52 0.711
53 0.728
54 0.724
55 0.747
56 0.743
57 0.751
58 0.748
59 0.768
60 0.764
61 0.791
62 0.8
63 0.8
64 0.807
65 0.812
66 0.824
67 0.831
68 0.836
69 0.855
70 0.851
71 0.847
72 0.863
73 0.868
74 0.88
75 0.887
76 0.887
77 0.9
78 0.92
79 0.94
80 0.931
81 0.935
82 0.956
83 0.94
84 0.976
85 0.963
86 0.971
87 0.992
88 0.991
89 0.996
90 1.019
91 1.019
92 1.024
93 1.056
94 1.06
95 1.047
96 1.087
97 1.079
98 1.091
99 1.083
100 1.107
101 1.112
102 1.112
103 1.119
104 1.131
105 1.167
106 1.171
107 1.16
108 1.156
109 1.195
110 1.215
111 1.199
112 1.207
113 1.219
114 1.22
115 1.235
116 1.243
117 1.228
118 1.243
119 1.252
120 1.259
121 1.268
122 1.288
123 1.295
124 1.304
125 1.307
126 1.323
127 1.307
128 1.344
129 1.343
130 1.347
131 1.34
132 1.344
133 1.367
134 1.38
135 1.376
136 1.376
137 1.392
138 1.416
139 1.431
140 1.423
141 1.427
142 1.452
143 1.44
144 1.475
145 1.456
146 1.463
147 1.488
148 1.495
149 1.496
150 1.5
151 1.52
152 1.524
153 1.539
154 1.536
155 1.539
156 1.552
157 1.567
158 1.583
159 1.588
160 1.579
161 1.599
162 1.611
163 1.631
164 1.644
165 1.64
166 1.644
167 1.64
168 1.648
169 1.659
170 1.688
171 1.663
172 1.692
173 1.7
174 1.699
175 1.707
176 1.731
177 1.716
178 1.747
179 1.752
180 1.752
181 1.752
182 1.775
183 1.791
184 1.796
185 1.807
186 1.828
187 1.819
188 1.844
189 1.815
190 1.836
191 1.84
192 1.84
193 1.875
194 1.88
195 1.884
196 1.891
197 1.9
198 1.884
199 1.908
200 1.92
201 1.923
202 1.931
203 1.952
204 1.932
205 1.967
206 1.963
207 1.972
208 1.971
209 1.992
210 1.984
211 1.996
212 2.011
213 2.015
214 2.032
215 2.032
216 2.047
217 2.055
218 2.059
219 2.067
220 2.067
221 2.091
222 2.099
223 2.099
224 2.119
225 2.119
226 2.131
227 2.139
228 2.14
229 2.14
230 2.152
231 2.176
232 2.155
233 2.192
234 2.18
235 2.195
236 2.188
237 2.231
238 2.224
239 2.211
240 2.235
241 2.247
242 2.239
243 2.248
244 2.26
245 2.264
246 2.284
247 2.296
248 2.304
249 2.311
250 2.323
251 2.34
252 2.34
253 2.347
254 2.351
255 2.367
256 2.387
257 2.391
258 2.399
259 2.391
260 2.391
261 2.412
262 2.407
263 2.42
264 2.436
265 2.448
266 2.444
267 2.463
268 2.46
269 2.456
270 2.492
271 2.479
272 2.479
273 2.495
274 2.507
275 2.503
276 2.515
277 2.536
278 2.543
279 2.536
280 2.56
281 2.568
282 2.567
283 2.591
284 2.6
285 2.612
286 2.623
287 2.615
288 2.607
289 2.631
290 2.652
291 2.643
292 2.655
293 2.688
294 2.667
295 2.692
296 2.68
297 2.692
298 2.715
299 2.712
300 2.712
301 2.716
302 2.735
303 2.743
304 2.751
305 2.764
306 2.775
307 2.788
308 2.787
309 2.803
310 2.8
311 2.799
312 2.815
313 2.832
314 2.836
315 2.844
316 2.856
317 2.859
318 2.875
319 2.9
320 2.876
321 2.899
322 2.927
323 2.904
324 2.923
325 2.916
326 2.947
327 2.931
328 2.931
329 2.967
330 2.967
331 2.975
332 2.971
333 2.98
334 2.988
335 3.003
336 3.011
337 3.032
338 3.015
339 3.036
340 3.036
341 3.06
342 3.067
343 3.072
344 3.076
345 3.084
346 3.092
347 3.103
348 3.112
349 3.119
350 3.127
351 3.115
352 3.143
353 3.127
354 3.159
355 3.135
356 3.184
357 3.176
358 3.18
359 3.211
360 3.211
361 3.212
362 3.212
363 3.22
364 3.22
365 3.224
366 3.239
367 3.26
368 3.275
369 3.275
370 3.271
371 3.295
372 3.292
373 3.295
374 3.307
375 3.319
376 3.332
377 3.344
378 3.363
379 3.347
380 3.359
381 3.367
382 3.399
383 3.391
384 3.415
385 3.412
386 3.435
387 3.403
388 3.423
389 3.456
390 3.448
391 3.447
392 3.452
393 3.447
394 3.46
395 3.471
396 3.492
397 3.503
398 3.516
399 3.516
400 3.531
401 3.531
402 3.539
403 3.543
404 3.559
405 3.559
406 3.572
407 3.583
408 3.588
409 3.591
410 3.599
411 3.612
412 3.619
413 3.624
414 3.627
415 3.643
416 3.64
417 3.671
418 3.659
419 3.663
420 3.684
421 3.704
422 3.708
423 3.724
424 3.728
425 3.728
426 3.72
427 3.739
428 3.756
429 3.752
430 3.768
431 3.771
432 3.779
433 3.779
434 3.784
435 3.799
436 3.807
437 3.823
438 3.836
439 3.831
440 3.827
441 3.868
442 3.867
443 3.876
444 3.895
445 3.907
446 3.9
447 3.912
448 3.908
449 3.895
450 3.923
451 3.948
452 3.948
453 4.036
454 3.904
455 3.904
456 3.895
457 3.916
458 3.927
459 3.923
460 3.948
461 3.96
462 3.952
463 3.951
464 3.963
465 3.971
466 3.984
467 3.996
468 4.011
469 4.02
470 4.028
471 4.024
472 4.032
473 4.032
474 4.235
475 4.123
476 4.14
477 4.148
478 4.152
479 4.155
480 4.179
481 4.184
482 4.187
483 4.192
484 4.195
485 4.207
486 4.22
487 4.239
488 4.22
489 4.219
490 4.252
491 4.248
492 4.256
493 4.259
494 4.264
495 4.279
496 4.279
497 4.304
498 4.327
499 4.324
500 4.344
501 4.368
502 4.355
503 4.356
504 4.384
505 4.376
506 4.364
507 4.391
508 4.387
509 4.38
510 4.408
511 4.423
512 4.428
513 4.435
514 4.452
515 4.451
516 4.456
517 4.504
518 4.468
519 4.456
520 4.48
521 4.492
522 4.492
523 4.5
524 4.508
525 4.515
526 4.523
527 4.539
528 4.559
529 4.559
530 4.564
531 4.579
532 4.587
533 4.588
534 4.592
535 4.608
536 4.599
537 4.623
538 4.62
539 4.62
540 4.652
541 4.663
542 4.671
543 4.664
544 4.667
545 4.675
546 4.688
547 4.7
548 4.683
549 4.691
550 4.708
551 4.727
552 4.739
553 4.727
554 4.735
555 4.751
556 4.775
557 4.78
558 4.788
559 4.792
560 4.807
561 4.811
562 4.811
563 4.82
564 4.823
565 4.835
566 4.84
567 4.832
568 4.86
569 4.872
570 4.884
571 4.867
572 4.863
573 4.876
574 4.891
575 4.891
576 4.899
577 4.924
578 4.939
579 4.956
580 4.932
581 4.956
582 4.959
583 4.968
584 4.971
585 4.995
586 4.995
587 5.003
588 5.004
589 5.02
590 5.02
591 5.036
592 5.051
593 5.047
594 5.06
595 5.068
596 5.084
597 5.075
598 5.099
599 5.111
600 5.112
601 5.111
602 5.123
603 5.139
604 5.139
605 5.159
606 5.192
607 5.2
608 5.195
609 5.207
610 5.228
611 5.231
612 5.231
613 5.228
614 5.235
615 5.252
616 5.272
617 5.255
618 5.263
619 5.28
620 5.283
621 5.303
622 5.316
623 5.324
624 5.327
625 5.34
626 5.352
627 5.34
628 5.347
629 5.368
630 5.367
631 5.379
632 5.384
633 5.371
634 5.307
635 5.311
636 5.332
637 5.34
638 5.347
639 5.355
640 5.351
641 5.38
642 5.384
643 5.379
644 5.396
645 5.412
646 5.408
647 5.408
648 5.428
649 5.427
650 5.443
651 5.448
652 5.459
653 5.471
654 5.471
655 5.492
656 5.476
657 5.503
658 5.528
659 5.528
660 5.516
661 5.543
662 5.559
663 5.563
664 5.567
665 5.572
666 5.576
667 5.564
668 5.591
669 5.6
670 5.611
671 5.599
672 5.628
673 5.628
674 5.632
675 5.639
676 5.659
677 5.671
678 5.659
679 5.663
680 5.68
681 5.684
682 5.688
683 5.711
684 5.695
685 5.727
686 5.731
687 5.731
688 5.72
689 5.752
690 5.772
691 5.771
692 5.772
693 5.791
694 5.791
695 5.796
696 5.804
697 5.819
698 5.832
699 5.819
700 5.836
701 5.859
702 5.843
703 5.86
704 5.855
705 5.879
706 5.876
707 5.896
708 5.888
709 5.927
710 5.915
711 5.943
712 5.956
713 5.956
714 5.952
715 5.968
716 5.971
717 5.987
718 5.984
719 6.
720 5.995
721 5.995
722 6.003
723 6.02
724 6.028
725 6.031
726 6.04
727 6.064
728 6.064
729 6.084
730 6.072
731 6.072
732 6.104
733 6.092
734 6.111
735 6.108
736 6.128
737 6.136
738 6.123
739 6.147
740 6.148
741 6.155
742 6.175
743 6.171
744 6.188
745 6.203
746 6.208
747 6.203
748 6.211
749 6.224
750 6.239
751 6.239
752 6.239
753 6.247
754 6.248
755 6.256
756 6.275
757 6.283
758 6.304
759 6.311
760 6.344
761 6.335
762 6.348
763 6.355
764 6.343
765 6.36
766 6.368
767 6.355
768 6.38
769 6.384
770 6.387
771 6.396
772 6.396
773 6.399
774 6.432
775 6.443
776 6.432
777 6.435
778 6.46
779 6.463
780 6.476
781 6.487
782 6.492
783 6.484
784 6.492
785 6.512
786 6.515
787 6.536
788 6.551
789 6.519
790 6.551
791 6.56
792 6.548
793 6.576
794 6.568
795 6.6
796 6.579
797 6.623
798 6.612
799 6.619
800 6.611
801 6.631
802 6.631
803 6.639
804 6.656
805 6.667
806 6.688
807 6.699
808 6.691
809 6.728
810 6.716
811 6.719
812 6.727
813 6.739
814 6.747
815 6.747
816 6.775
817 6.784
818 6.772
819 6.775
820 6.799
821 6.796
822 6.811
823 6.82
824 6.808
825 6.843
826 6.827
827 6.84
828 6.84
829 6.864
830 6.855
831 6.86
832 6.876
833 6.895
834 6.907
835 6.896
836 6.907
837 6.907
838 6.943
839 6.927
840 6.943
841 6.952
842 6.956
843 6.96
844 6.976
845 6.975
846 6.992
847 7.003
848 7.007
849 7.007
850 7.012
851 7.036
852 7.06
853 7.059
854 7.068
855 7.067
856 7.083
857 7.076
858 7.092
859 7.087
860 7.103
861 7.115
862 7.103
863 7.12
864 7.131
865 7.127
866 7.159
867 7.163
868 7.156
869 7.192
870 7.163
871 7.195
872 7.192
873 7.208
874 7.216
875 7.216
876 7.24
877 7.239
878 7.239
879 7.239
880 7.272
881 7.279
882 7.26
883 7.299
884 7.271
885 7.304
886 7.295
887 7.299
888 7.327
889 7.319
890 7.328
891 7.34
892 7.355
893 7.367
894 7.364
895 7.372
896 7.387
897 7.384
898 7.42
899 7.42
900 7.448
901 7.439
902 7.42
903 7.452
904 7.46
905 7.459
906 7.475
907 7.463
908 7.495
909 7.487
910 7.479
911 7.52
912 7.515
913 7.543
914 7.528
915 7.536
916 7.54
917 7.551
918 7.559
919 7.555
920 7.564
921 7.595
922 7.587
923 7.587
924 7.611
925 7.599
926 7.615
927 7.628
928 7.631
929 7.655
930 7.647
931 7.659
932 7.663
933 7.667
934 7.688
935 7.691
936 7.703
937 7.719
938 7.712
939 7.731
940 7.739
941 7.755
942 7.744
943 7.791
944 7.768
945 7.779
946 7.788
947 7.8
948 7.8
949 7.804
950 7.804
951 7.816
952 7.827
953 7.844
954 7.852
955 7.855
956 7.855
957 7.867
958 7.871
959 7.884
960 7.891
961 7.888
962 7.895
963 7.92
964 7.92
965 7.94
966 7.952
967 7.956
968 7.96
969 7.967
970 7.956
971 7.979
972 7.968
973 8.003
974 7.996
975 8.007
976 7.992
977 8.024
978 8.036
979 8.024
980 8.032
981 8.075
982 8.087
983 8.056
984 8.076
985 8.087
986 8.127
987 8.123
988 8.108
989 8.123
990 8.12
991 8.144
992 8.155
993 8.148
994 8.16
995 8.167
996 8.188
997 8.207
998 8.183
999 8.211
1000 8.203