1 0.004
2 0.056
3 0.008
4 0.016
5 0.019
6 0.104
7 0.028
8 0.036
9 0.043
10 0.056
11 0.068
12 0.084
13 0.103
14 0.12
15 0.144
16 0.172
17 0.199
18 0.236
19 0.271
20 0.324
21 0.359
22 0.419
23 0.468
24 0.532
25 0.607
26 0.687
27 0.767
28 0.871
29 0.968
30 1.156
31 1.363
32 1.364
33 1.519
34 1.676
35 1.851
36 2.032
37 2.232
38 2.452
39 2.683
40 2.936
41 3.188
42 3.483
43 3.788
44 4.124
45 4.451
46 4.823
47 5.236
48 5.635
49 6.071
50 6.54
51 7.203
52 7.736
53 8.435
54 8.896
55 9.504
56 10.164
57 10.863
58 11.599
59 12.388
60 13.132
61 14.008
62 14.824
63 15.735
64 16.692
65 17.72
66 18.803
67 19.908
68 21.031
69 22.252
70 23.599
71 24.787
72 26.171
73 27.607
74 29.108
75 30.592
76 32.24
77 33.835
78 35.464
79 36.464
80 39.164
81 41.028
82 43.08
83 45.183
84 47.192
85 49.419
86 51.74
87 54.128
88 56.567
89 59.135
90 61.764