1 0.028
2 0.032
3 0.028
4 0.028
5 0.032
6 0.031
7 0.035
8 0.031
9 0.031
10 0.036
11 0.031
12 0.035
13 0.035
14 0.035
15 0.036
16 0.035
17 0.036
18 0.036
19 0.039
20 0.032
21 0.035
22 0.039
23 0.036
24 0.04
25 0.039
26 0.044
27 0.039
28 0.039
29 0.039
30 0.039
31 0.039
32 0.039
33 0.044
34 0.039
35 0.048
36 0.039
37 0.052
38 0.044
39 0.048
40 0.043
41 0.048
42 0.043
43 0.052
44 0.044
45 0.051
46 0.039
47 0.039
48 0.044
49 0.048
50 0.044
51 0.048
52 0.048
53 0.044
54 0.052
55 0.044
56 0.048
57 0.048
58 0.051
59 0.051
60 0.048
61 0.052
62 0.056
63 0.048
64 0.051
65 0.056
66 0.048
67 0.052
68 0.059
69 0.048
70 0.051
71 0.059
72 0.048
73 0.056
74 0.059
75 0.056
76 0.052
77 0.048
78 0.059
79 0.048
80 0.056
81 0.052
82 0.064
83 0.06
84 0.056
85 0.056
86 0.056
87 0.063
88 0.052
89 0.056
90 0.056
91 0.055
92 0.063
93 0.063
94 0.059
95 0.063
96 0.067
97 0.063
98 0.071
99 0.067
100 0.067
101 0.063
102 0.063
103 0.064
104 0.067
105 0.067
106 0.064
107 0.076
108 0.071
109 0.071
110 0.071
111 0.072
112 0.071
113 0.072
114 0.067
115 0.071
116 0.071
117 0.072
118 0.067
119 0.071
120 0.071
121 0.076
122 0.075
123 0.072
124 0.076
125 0.075
126 0.08
127 0.079
128 0.08
129 0.076
130 0.083
131 0.08
132 0.079
133 0.076
134 0.076
135 0.076
136 0.076
137 0.076
138 0.084
139 0.084
140 0.079
141 0.079
142 0.079
143 0.076
144 0.08
145 0.087
146 0.079
147 0.084
148 0.083
149 0.08
150 0.079
151 0.083
152 0.088
153 0.08
154 0.079
155 0.096
156 0.083
157 0.084
158 0.084
159 0.087
160 0.087
161 0.087
162 0.08
163 0.092
164 0.083
165 0.083
166 0.084
167 0.087
168 0.087
169 0.084
170 0.091
171 0.092
172 0.084
173 0.096
174 0.091
175 0.087
176 0.096
177 0.091
178 0.084
179 0.096
180 0.092
181 0.096
182 0.096
183 0.092
184 0.1
185 0.088
186 0.1
187 0.096
188 0.099
189 0.096
190 0.092
191 0.099
192 0.096
193 0.096
194 0.095
195 0.104
196 0.1
197 0.107
198 0.096
199 0.107
200 0.096
201 0.112
202 0.096
203 0.115
204 0.099
205 0.115
206 0.104
207 0.115
208 0.112
209 0.099
210 0.107
211 0.1
212 0.107
213 0.107
214 0.107
215 0.108
216 0.104
217 0.104
218 0.108
219 0.104
220 0.111
221 0.104
222 0.111
223 0.111
224 0.107
225 0.116
226 0.107
227 0.107
228 0.112
229 0.108
230 0.112
231 0.107
232 0.115
233 0.111
234 0.107
235 0.111
236 0.112
237 0.119
238 0.108
239 0.115
240 0.115
241 0.119
242 0.111
243 0.115
244 0.12
245 0.115
246 0.12
247 0.108
248 0.119
249 0.115
250 0.124
251 0.119
252 0.111
253 0.115
254 0.115
255 0.119
256 0.119
257 0.119
258 0.124
259 0.115
260 0.12
261 0.112
262 0.119
263 0.124
264 0.124
265 0.124
266 0.124
267 0.124
268 0.119
269 0.119
270 0.12
271 0.127
272 0.124
273 0.124
274 0.127
275 0.119
276 0.124
277 0.124
278 0.124
279 0.12
280 0.127
281 0.124
282 0.127
283 0.127
284 0.132
285 0.127
286 0.127
287 0.132
288 0.127
289 0.127
290 0.131
291 0.132
292 0.132
293 0.127
294 0.127
295 0.128
296 0.132
297 0.131
298 0.135
299 0.127
300 0.135
301 0.128
302 0.132
303 0.132
304 0.139
305 0.136
306 0.131
307 0.135
308 0.132
309 0.135
310 0.135
311 0.136
312 0.131
313 0.135
314 0.135
315 0.135
316 0.135
317 0.135
318 0.135
319 0.136
320 0.14
321 0.135
322 0.14
323 0.135
324 0.14
325 0.14
326 0.144
327 0.14
328 0.14
329 0.139
330 0.139
331 0.14
332 0.14
333 0.144
334 0.14
335 0.139
336 0.135
337 0.144
338 0.144
339 0.144
340 0.152
341 0.144
342 0.147
343 0.156
344 0.143
345 0.147
346 0.14
347 0.155
348 0.156
349 0.152
350 0.155
351 0.148
352 0.144
353 0.147
354 0.152
355 0.147
356 0.151
357 0.148
358 0.148
359 0.144
360 0.152
361 0.147
362 0.148
363 0.148
364 0.152
365 0.144
366 0.148
367 0.148
368 0.144
369 0.152
370 0.152
371 0.147
372 0.147
373 0.147
374 0.156
375 0.152
376 0.16
377 0.148
378 0.155
379 0.155
380 0.151
381 0.152
382 0.155
383 0.152
384 0.155
385 0.155
386 0.152
387 0.16
388 0.152
389 0.151
390 0.155
391 0.155
392 0.16
393 0.16
394 0.155
395 0.163
396 0.152
397 0.16
398 0.156
399 0.163
400 0.16
401 0.155
402 0.155
403 0.159
404 0.159
405 0.163
406 0.156
407 0.163
408 0.16
409 0.163
410 0.163
411 0.168
412 0.163
413 0.163
414 0.16
415 0.163
416 0.168
417 0.163
418 0.167
419 0.163
420 0.167
421 0.167
422 0.167
423 0.163
424 0.167
425 0.163
426 0.167
427 0.167
428 0.175
429 0.168
430 0.172
431 0.167
432 0.175
433 0.172
434 0.175
435 0.167
436 0.172
437 0.172
438 0.176
439 0.172
440 0.175
441 0.175
442 0.172
443 0.172
444 0.172
445 0.167
446 0.172
447 0.168
448 0.172
449 0.172
450 0.168
451 0.172
452 0.176
453 0.175
454 0.175
455 0.18
456 0.172
457 0.172
458 0.175
459 0.172
460 0.176
461 0.175
462 0.18
463 0.172
464 0.175
465 0.175
466 0.187
467 0.183
468 0.18
469 0.18
470 0.18
471 0.183
472 0.187
473 0.192
474 0.183
475 0.188
476 0.192
477 0.188
478 0.183
479 0.184
480 0.188
481 0.183
482 0.183
483 0.183
484 0.187
485 0.183
486 0.187
487 0.183
488 0.184
489 0.187
490 0.183
491 0.187
492 0.188
493 0.183
494 0.192
495 0.192
496 0.187
497 0.188
498 0.183
499 0.192
500 0.188
501 0.187
502 0.192
503 0.188
504 0.188
505 0.195
506 0.188
507 0.192
508 0.187
509 0.2
510 0.187
511 0.195
512 0.192
513 0.196
514 0.188
515 0.195
516 0.187
517 0.192
518 0.187
519 0.196
520 0.191
521 0.196
522 0.195
523 0.192
524 0.2
525 0.192
526 0.196
527 0.192
528 0.195
529 0.199
530 0.2
531 0.195
532 0.195
533 0.195
534 0.2
535 0.2
536 0.2
537 0.195
538 0.195
539 0.2
540 0.196
541 0.2
542 0.2
543 0.2
544 0.2
545 0.204
546 0.2
547 0.203
548 0.2
549 0.204
550 0.2
551 0.204
552 0.203
553 0.203
554 0.203
555 0.203
556 0.203
557 0.207
558 0.2
559 0.207
560 0.203
561 0.208
562 0.208
563 0.208
564 0.2
565 0.208
566 0.211
567 0.208
568 0.203
569 0.208
570 0.207
571 0.211
572 0.207
573 0.208
574 0.203
575 0.208
576 0.207
577 0.211
578 0.208
579 0.211
580 0.208
581 0.215
582 0.219
583 0.223
584 0.223
585 0.22
586 0.223
587 0.224
588 0.231
589 0.22
590 0.223
591 0.224
592 0.215
593 0.22
594 0.215
595 0.223
596 0.215
597 0.22
598 0.22
599 0.22
600 0.211
601 0.216
602 0.215
603 0.211
604 0.216
605 0.215
606 0.22
607 0.215
608 0.22
609 0.22
610 0.224
611 0.22
612 0.224
613 0.219
614 0.215
615 0.223
616 0.22
617 0.223
618 0.22
619 0.224
620 0.223
621 0.223
622 0.219
623 0.223
624 0.228
625 0.223
626 0.223
627 0.223
628 0.223
629 0.223
630 0.22
631 0.224
632 0.223
633 0.227
634 0.223
635 0.231
636 0.227
637 0.228
638 0.231
639 0.219
640 0.223
641 0.22
642 0.223
643 0.22
644 0.22
645 0.22
646 0.22
647 0.223
648 0.22
649 0.227
650 0.224
651 0.223
652 0.227
653 0.228
654 0.227
655 0.223
656 0.228
657 0.223
658 0.231
659 0.231
660 0.236
661 0.232
662 0.235
663 0.231
664 0.231
665 0.235
666 0.231
667 0.235
668 0.235
669 0.235
670 0.24
671 0.236
672 0.24
673 0.236
674 0.244
675 0.235
676 0.231
677 0.24
678 0.24
679 0.24
680 0.235
681 0.243
682 0.235
683 0.239
684 0.239
685 0.235
686 0.252
687 0.251
688 0.251
689 0.248
690 0.24
691 0.252
692 0.255
693 0.26
694 0.256
695 0.251
696 0.244
697 0.24
698 0.248
699 0.243
700 0.243
701 0.251
702 0.244
703 0.248
704 0.251
705 0.243
706 0.248
707 0.247
708 0.243
709 0.248
710 0.247
711 0.251
712 0.248
713 0.251
714 0.248
715 0.252
716 0.248
717 0.251
718 0.251
719 0.251
720 0.255
721 0.251
722 0.256
723 0.252
724 0.251
725 0.251
726 0.247
727 0.251
728 0.251
729 0.251
730 0.256
731 0.248
732 0.251
733 0.247
734 0.251
735 0.256
736 0.256
737 0.251
738 0.259
739 0.256
740 0.259
741 0.255
742 0.256
743 0.256
744 0.251
745 0.259
746 0.255
747 0.264
748 0.251
749 0.255
750 0.251
751 0.256
752 0.256
753 0.256
754 0.255
755 0.263
756 0.256
757 0.263
758 0.252
759 0.259
760 0.263
761 0.259
762 0.263
763 0.259
764 0.259
765 0.264
766 0.259
767 0.263
768 0.264
769 0.263
770 0.268
771 0.259
772 0.263
773 0.264
774 0.263
775 0.268
776 0.259
777 0.264
778 0.259
779 0.268
780 0.268
781 0.264
782 0.271
783 0.279
784 0.271
785 0.271
786 0.276
787 0.271
788 0.288
789 0.284
790 0.276
791 0.279
792 0.267
793 0.271
794 0.271
795 0.271
796 0.271
797 0.271
798 0.267
799 0.271
800 0.276
801 0.272
802 0.276
803 0.268
804 0.272
805 0.279
806 0.272
807 0.271
808 0.276
809 0.275
810 0.275
811 0.276
812 0.272
813 0.279
814 0.275
815 0.276
816 0.279
817 0.268
818 0.284
819 0.271
820 0.279
821 0.279
822 0.276
823 0.276
824 0.279
825 0.275
826 0.279
827 0.276
828 0.28
829 0.279
830 0.276
831 0.283
832 0.283
833 0.275
834 0.283
835 0.272
836 0.288
837 0.283
838 0.279
839 0.284
840 0.283
841 0.283
842 0.283
843 0.284
844 0.283
845 0.288
846 0.283
847 0.288
848 0.279
849 0.283
850 0.288
851 0.283
852 0.291
853 0.279
854 0.283
855 0.291
856 0.288
857 0.283
858 0.283
859 0.288
860 0.288
861 0.279
862 0.284
863 0.291
864 0.284
865 0.288
866 0.284
867 0.288
868 0.288
869 0.291
870 0.292
871 0.292
872 0.283
873 0.304
874 0.3
875 0.299
876 0.299
877 0.292
878 0.304
879 0.307
880 0.295
881 0.299
882 0.295
883 0.292
884 0.295
885 0.296
886 0.299
887 0.296
888 0.296
889 0.299
890 0.291
891 0.288
892 0.3
893 0.291
894 0.291
895 0.304
896 0.296
897 0.299
898 0.296
899 0.304
900 0.307
901 0.299
902 0.299
903 0.303
904 0.304
905 0.296
906 0.304
907 0.299
908 0.299
909 0.299
910 0.299
911 0.303
912 0.299
913 0.299
914 0.303
915 0.299
916 0.299
917 0.307
918 0.299
919 0.304
920 0.307
921 0.304
922 0.299
923 0.299
924 0.299
925 0.307
926 0.3
927 0.299
928 0.307
929 0.299
930 0.304
931 0.307
932 0.299
933 0.304
934 0.311
935 0.311
936 0.307
937 0.307
938 0.304
939 0.304
940 0.303
941 0.311
942 0.307
943 0.307
944 0.311
945 0.307
946 0.307
947 0.307
948 0.307
949 0.312
950 0.304
951 0.307
952 0.312
953 0.307
954 0.307
955 0.316
956 0.316
957 0.319
958 0.327
959 0.316
960 0.316
961 0.327
962 0.323
963 0.327
964 0.323
965 0.307
966 0.311
967 0.316
968 0.307
969 0.316
970 0.323
971 0.316
972 0.307
973 0.32
974 0.316
975 0.316
976 0.324
977 0.312
978 0.311
979 0.316
980 0.319
981 0.315
982 0.307
983 0.32
984 0.323
985 0.324
986 0.311
987 0.319
988 0.323
989 0.32
990 0.312
991 0.316
992 0.324
993 0.324
994 0.316
995 0.324
996 0.319
997 0.316
998 0.327
999 0.32
1000 0.316