2 0.004
3 0.032
5 0.008
7 0.02
9 0.111
11 0.06
13 0.087
15 0.136
17 0.176
19 0.235
21 0.312
23 0.395
25 0.476
27 0.584
29 0.687
31 0.839
33 0.988
35 1.171
37 1.335
39 1.556
41 1.924
43 2.072
45 2.308
47 2.588
49 2.875
51 3.212
53 3.503
55 3.955
57 4.3
59 4.672
61 5.235
63 5.88
65 6.379
67 7.004
69 7.672
71 8.275
73 8.944
75 9.647
77 10.567
79 11.408
81 11.768
83 12.6
85 13.576
87 14.74
89 15.516
91 16.775
93 18.072
95 19.227
97 19.708
99 21.02
101 22.036
103 23.407
105 24.8
107 26.167
109 27.54
111 29.427
113 30.435
115 32.335
117 34.279
119 36.1
121 37.768
123 39.824
125 41.764
127 43.711
129 46.187
131 48.344
133 50.68
135 53.155
137 54.952
139 57.196
141 60.139
143 62.907
145 64.987
147 67.911
149 70.296