1 0.163
2 0.176
3 0.164
4 0.188
5 0.195
6 0.195
7 0.2
8 0.207
9 0.187
10 0.204
11 0.215
12 0.215
13 0.231
14 0.224
15 0.216
16 0.224
17 0.251
18 0.247
19 0.243
20 0.263
21 0.264
22 0.248
23 0.275
24 0.275
25 0.264
26 0.284
27 0.288
28 0.275
29 0.275
30 0.287
31 0.307
32 0.304
33 0.304
34 0.3
35 0.296
36 0.296
37 0.315
38 0.323
39 0.336
40 0.34
41 0.327
42 0.328
43 0.351
44 0.359
45 0.344
46 0.363
47 0.359
48 0.364
49 0.38
50 0.364
51 0.384
52 0.38
53 0.391
54 0.384
55 0.399
56 0.416
57 0.412
58 0.399
59 0.395
60 0.42
61 0.42
62 0.427
63 0.435
64 0.435
65 0.44
66 0.448
67 0.444
68 0.444
69 0.456
70 0.463
71 0.46
72 0.468
73 0.463
74 0.456
75 0.476
76 0.488
77 0.483
78 0.488
79 0.5
80 0.48
81 0.507
82 0.507
83 0.512
84 0.515
85 0.52
86 0.511
87 0.515
88 0.527
89 0.536
90 0.539
91 0.543
92 0.556
93 0.543
94 0.539
95 0.551
96 0.559
97 0.571
98 0.583
99 0.576
100 0.568
101 0.596
102 0.596
103 0.576
104 0.6
105 0.604
106 0.599
107 0.619
108 0.608
109 0.627
110 0.612
111 0.627
112 0.627
113 0.631
114 0.615
115 0.608
116 0.627
117 0.631
118 0.639
119 0.635
120 0.648
121 0.648
122 0.655
123 0.655
124 0.659
125 0.664
126 0.68
127 0.68
128 0.692
129 0.688
130 0.692
131 0.704
132 0.703
133 0.695
134 0.708
135 0.72
136 0.707
137 0.716
138 0.719
139 0.724
140 0.72
141 0.731
142 0.739
143 0.731
144 0.744
145 0.748
146 0.752
147 0.756
148 0.755
149 0.764
150 0.771
151 0.768
152 0.779
153 0.768
154 0.775
155 0.779
156 0.796
157 0.799
158 0.784
159 0.796
160 0.811
161 0.807
162 0.811
163 0.811
164 0.804
165 0.824
166 0.82
167 0.832
168 0.832
169 0.844
170 0.832
171 0.847
172 0.844
173 0.864
174 0.863
175 0.855
176 0.864
177 0.872
178 0.879
179 0.876
180 0.868
181 0.892
182 0.895
183 0.904
184 0.899
185 0.904
186 0.908
187 0.916
188 0.92
189 0.927
190 0.927
191 0.935
192 0.935
193 0.916
194 0.944
195 0.94
196 0.952
197 0.947
198 0.955
199 0.944
200 0.968
201 0.971
202 0.976
203 0.963
204 0.971
205 0.984
206 0.988
207 0.991
208 0.988
209 0.984
210 0.996
211 1.003
212 1.016
213 1.019
214 1.023
215 1.019
216 1.019
217 1.036
218 1.043
219 1.032
220 1.047
221 1.055
222 1.043
223 1.06
224 1.047
225 1.071
226 1.056
227 1.071
228 1.068
229 1.079
230 1.079
231 1.099
232 1.087
233 1.1
234 1.112
235 1.115
236 1.112
237 1.112
238 1.127
239 1.123
240 1.128
241 1.128
242 1.131
243 1.131
244 1.144
245 1.148
246 1.152
247 1.159
248 1.159
249 1.155
250 1.167
251 1.171
252 1.176
253 1.183
254 1.192
255 1.188
256 1.199
257 1.199
258 1.184
259 1.203
260 1.203
261 1.216
262 1.22
263 1.224
264 1.224
265 1.235
266 1.228
267 1.235
268 1.24
269 1.239
270 1.232
271 1.24
272 1.251
273 1.26
274 1.268
275 1.256
276 1.268
277 1.271
278 1.268
279 1.279
280 1.279
281 1.275
282 1.296
283 1.291
284 1.3
285 1.3
286 1.319
287 1.311
288 1.304
289 1.331
290 1.324
291 1.315
292 1.343
293 1.339
294 1.336
295 1.332
296 1.351
297 1.351
298 1.363
299 1.364
300 1.367
301 1.368
302 1.363
303 1.371
304 1.376
305 1.376
306 1.391
307 1.399
308 1.396
309 1.407
310 1.395
311 1.411
312 1.411
313 1.423
314 1.416
315 1.427
316 1.428
317 1.423
318 1.436
319 1.444
320 1.443
321 1.452
322 1.456
323 1.456
324 1.472
325 1.471
326 1.476
327 1.467
328 1.471
329 1.487
330 1.488
331 1.487
332 1.495
333 1.487
334 1.492
335 1.507
336 1.516
337 1.503
338 1.512
339 1.523
340 1.528
341 1.532
342 1.528
343 1.536
344 1.544
345 1.536
346 1.56
347 1.551
348 1.567
349 1.564
350 1.56
351 1.559
352 1.575
353 1.576
354 1.579
355 1.579
356 1.579
357 1.595
358 1.604
359 1.603
360 1.608
361 1.608
362 1.608
363 1.619
364 1.612
365 1.608
366 1.631
367 1.635
368 1.623
369 1.631
370 1.636
371 1.643
372 1.639
373 1.66
374 1.663
375 1.659
376 1.672
377 1.672
378 1.676
379 1.68
380 1.684
381 1.692
382 1.695
383 1.695
384 1.699
385 1.699
386 1.695
387 1.707
388 1.707
389 1.704
390 1.728
391 1.719
392 1.723
393 1.724
394 1.74
395 1.731
396 1.747
397 1.751
398 1.747
399 1.764
400 1.755
401 1.768
402 1.768
403 1.771
404 1.78
405 1.764
406 1.792
407 1.792
408 1.783
409 1.795
410 1.811
411 1.811
412 1.819
413 1.804
414 1.815
415 1.84
416 1.844
417 1.84
418 1.835
419 1.847
420 1.847
421 1.847
422 1.855
423 1.851
424 1.871
425 1.876
426 1.868
427 1.872
428 1.872
429 1.884
430 1.887
431 1.891
432 1.887
433 1.887
434 1.904
435 1.908
436 1.896
437 1.908
438 1.908
439 1.923
440 1.92
441 1.923
442 1.935
443 1.939
444 1.927
445 1.956
446 1.951
447 1.94
448 1.96
449 1.94
450 1.963
451 1.955
452 1.963
453 1.98
454 1.976
455 1.984
456 1.976
457 1.996
458 2.051
459 2.072
460 2.039
461 2.052
462 2.047
463 2.039
464 2.064
465 2.059
466 2.047
467 2.079
468 2.076
469 2.068
470 2.067
471 2.076
472 2.091
473 2.095
474 2.104
475 2.104
476 2.112
477 2.108
478 2.12
479 2.123
480 2.123
481 2.131
482 2.136
483 2.115
484 2.127
485 2.14
486 2.148
487 2.16
488 2.136
489 2.152
490 2.163
491 2.172
492 2.163
493 2.184
494 2.195
495 2.195
496 2.207
497 2.208
498 2.212
499 2.203
500 2.207
501 2.216
502 2.216
503 2.224
504 2.216
505 2.231
506 2.211
507 2.231
508 2.224
509 2.235
510 2.247
511 2.235
512 2.235
513 2.247
514 2.271
515 2.275
516 2.275
517 2.275
518 2.271
519 2.279
520 2.288
521 2.28
522 2.288
523 2.303
524 2.292
525 2.3
526 2.311
527 2.311
528 2.311
529 2.311
530 2.319
531 2.319
532 2.351
533 2.34
534 2.347
535 2.351
536 2.359
537 2.355
538 2.368
539 2.351
540 2.355
541 2.359
542 2.368
543 2.38
544 2.391
545 2.364
546 2.392
547 2.391
548 2.387
549 2.399
550 2.412
551 2.416
552 2.395
553 2.416
554 2.408
555 2.428
556 2.403
557 2.439
558 2.436
559 2.439
560 2.444
561 2.443
562 2.456
563 2.452
564 2.467
565 2.456
566 2.475
567 2.483
568 2.484
569 2.747
570 2.635
571 2.48
572 2.496
573 2.496
574 2.496
575 2.488
576 2.523
577 2.511
578 2.528
579 2.676
580 2.511
581 2.536
582 2.524
583 2.544
584 2.536
585 2.532
586 2.539
587 2.559
588 2.572
589 2.568
590 2.568
591 2.572
592 2.568
593 2.583
594 2.588
595 2.591
596 2.599
597 2.604
598 2.608
599 2.615
600 2.591
601 2.608
602 2.615
603 2.615
604 2.612
605 2.619
606 2.64
607 2.623
608 2.631
609 2.752
610 2.636
611 2.652
612 2.655
613 2.671
614 2.659
615 2.676
616 2.663
617 2.676
618 2.68
619 2.684
620 2.68
621 2.695
622 2.703
623 2.716
624 2.712
625 2.712
626 2.72
627 2.72
628 2.715
629 2.728
630 2.731
631 2.735
632 2.739
633 2.728
634 2.756
635 2.752
636 2.76
637 2.744
638 2.76
639 2.751
640 2.76
641 2.823
642 2.771
643 2.788
644 2.819
645 2.804
646 2.792
647 2.78
648 2.783
649 2.8
650 2.8
651 2.804
652 2.811
653 2.807
654 2.815
655 2.824
656 2.824
657 2.832
658 2.855
659 2.851
660 2.847
661 2.844
662 2.859
663 2.871
664 2.855
665 2.875
666 2.891
667 2.872
668 2.876
669 2.88
670 2.895
671 2.887
672 2.907
673 2.891
674 2.904
675 2.904
676 2.895
677 2.916
678 2.911
679 2.939
680 2.931
681 2.944
682 2.936
683 2.948
684 2.952
685 2.952
686 2.963
687 2.967
688 2.963
689 2.971
690 2.976
691 2.984
692 2.98
693 2.992
694 3.
695 2.979
696 2.988
697 3.008
698 2.984
699 3.003
700 3.007
701 3.023
702 3.007
703 3.028
704 3.024
705 3.032
706 3.02
707 3.043
708 3.039
709 3.047
710 3.06
711 3.043
712 3.015
713 3.003
714 3.024
715 3.032
716 3.039
717 3.028
718 3.036
719 3.032
720 3.039
721 3.043
722 3.04
723 3.047
724 3.188
725 3.115
726 3.127
727 3.108
728 3.127
729 3.115
730 3.131
731 3.123
732 3.148
733 3.144
734 3.135
735 3.155
736 3.148
737 3.152
738 3.172
739 3.167
740 3.163
741 3.175
742 3.188
743 3.192
744 3.188
745 3.195
746 3.203
747 3.203
748 3.199
749 3.212
750 3.22
751 3.212
752 3.224
753 3.231
754 3.219
755 3.235
756 3.235
757 3.243
758 3.255
759 3.256
760 3.247
761 3.268
762 3.271
763 3.252
764 3.276
765 3.275
766 3.275
767 3.283
768 3.288
769 3.291
770 3.288
771 3.284
772 3.268
773 3.239
774 3.255
775 3.291
776 3.344
777 3.327
778 3.34
779 3.328
780 3.347
781 3.352
782 3.323
783 3.344
784 3.351
785 3.34
786 3.355
787 3.355
788 3.372
789 3.372
790 3.359
791 3.376
792 3.371
793 3.384
794 3.384
795 3.392
796 3.375
797 3.399
798 3.412
799 3.412
800 3.396
801 3.412
802 3.427
803 3.42
804 3.415
805 3.427
806 3.444
807 3.448
808 3.452
809 3.443
810 3.439
811 3.456
812 3.46
813 3.463
814 3.468
815 3.472
816 3.475
817 3.483
818 3.488
819 3.475
820 3.5
821 3.496
822 3.507
823 3.503
824 3.496
825 3.5
826 3.492
827 3.503
828 3.508
829 3.512
830 3.527
831 3.528
832 3.515
833 3.532
834 3.532
835 3.543
836 3.54
837 3.548
838 3.564
839 3.555
840 3.579
841 3.579
842 3.591
843 3.579
844 3.608
845 3.592
846 3.608
847 3.587
848 3.604
849 3.604
850 3.596
851 3.619
852 3.612
853 3.608
854 3.632
855 3.636
856 3.639
857 3.615
858 3.628
859 3.652
860 3.655
861 3.655
862 3.667
863 3.659
864 3.68
865 3.667
866 3.68
867 3.688
868 3.688
869 3.692
870 3.68
871 3.692
872 3.703
873 3.688
874 3.707
875 3.707
876 3.72
877 3.724
878 3.711
879 3.716
880 3.728
881 3.732
882 3.739
883 3.752
884 3.743
885 3.743
886 3.756
887 3.764
888 3.747
889 3.752
890 3.764
891 3.763
892 3.776
893 3.771
894 3.771
895 3.775
896 3.792
897 3.811
898 3.792
899 3.799
900 3.811
901 3.811
902 3.831
903 3.811
904 3.844
905 3.84
906 3.859
907 3.84
908 3.832
909 3.851
910 3.847
911 3.851
912 3.863
913 3.864
914 3.863
915 3.863
916 3.859
917 3.872
918 3.884
919 3.887
920 3.895
921 3.891
922 3.915
923 3.895
924 3.911
925 3.907
926 3.92
927 3.911
928 3.927
929 3.927
930 3.92
931 3.935
932 3.936
933 3.956
934 3.935
935 3.956
936 3.955
937 3.956
938 3.96
939 3.967
940 3.971
941 3.971
942 3.975
943 3.98
944 3.988
945 3.975
946 3.98
947 3.983
948 4.003
949 3.98
950 4.
951 3.992
952 4.007
953 4.
954 4.015
955 4.039
956 4.016
957 4.023
958 4.032
959 4.047
960 4.063
961 4.052
962 4.068
963 4.076
964 4.076
965 4.064
966 4.059
967 4.079
968 4.079
969 4.064
970 4.087
971 4.1
972 4.092
973 4.088
974 4.087
975 4.1
976 4.115
977 4.115
978 4.115
979 4.127
980 4.127
981 4.14
982 4.132
983 4.14
984 4.144
985 4.131
986 4.155
987 4.159
988 4.148
989 4.168
990 4.163
991 4.171
992 4.155
993 4.184
994 4.184
995 4.163
996 4.187
997 4.195
998 4.199
999 4.204
1000 4.199