1 0.048
2 0.016
3 0.024
4 0.032
5 0.124
6 0.064
7 0.063
8 0.08
9 0.083
10 0.096
11 0.112
12 0.116
13 0.127
14 0.132
15 0.144
16 0.159
17 0.184
18 0.188
19 0.195
20 0.224
21 0.236
22 0.259
23 0.251
24 0.267
25 0.292
26 0.303
27 0.32
28 0.32
29 0.375
30 0.379
31 0.4
32 0.4
33 0.435
34 0.456
35 0.463
36 0.48
37 0.476
38 0.5
39 0.527
40 0.527
41 0.564
42 0.548
43 0.592
44 0.619
45 0.62
46 0.656
47 0.699
48 0.692
49 0.695
50 0.768
51 0.76
52 0.739
53 0.76
54 0.791
55 0.839
56 0.847
57 0.879
58 0.888
59 0.948
60 0.943
61 1.004
62 1.
63 1.087
64 1.024
65 1.076
66 1.079
67 1.091
68 1.14
69 1.207
70 1.219
71 1.235
72 1.216
73 1.259
74 1.271
75 1.307
76 1.34
77 1.396
78 1.475
79 1.408
80 1.448
81 1.468
82 1.527
83 1.524
84 1.595
85 1.676
86 1.672
87 1.679
88 1.683
89 1.664
90 1.756
91 1.811
92 1.852
93 1.799
94 1.867
95 1.884
96 1.963
97 2.032
98 2.047
99 2.072
100 2.028
101 2.155
102 2.208
103 2.175
104 2.164
105 2.268
106 2.415
107 2.32
108 2.311
109 2.352
110 2.468
111 2.551
112 2.468
113 2.492
114 2.543
115 2.727
116 2.628
117 3.48
118 2.699
119 2.82
120 2.883
121 2.843
122 2.867
123 3.008
124 3.015
125 2.944
126 3.123
127 3.135
128 3.104
129 3.12
130 3.24
131 3.224
132 3.239
133 3.331
134 3.431
135 3.403
136 3.539
137 3.563
138 3.516
139 3.447
140 3.647
141 3.48
142 3.584
143 3.631
144 3.66
145 3.719
146 3.727
147 3.776
148 3.788
149 3.771
150 4.087
151 3.963
152 3.96
153 4.116
154 4.104
155 4.115
156 4.235
157 4.271
158 4.192
159 4.36
160 4.339
161 4.403
162 4.568
163 4.467
164 4.5
165 4.696
166 4.632
167 4.639
168 4.924
169 4.947
170 5.387
171 5.24
172 6.136
173 5.24
174 5.275
175 6.451
176 5.528
177 5.515
178 5.596
179 5.596
180 5.855
181 5.776
182 5.824
183 5.804
184 5.955
185 5.995
186 6.08
187 5.971
188 6.292
189 7.723
190 6.272
191 6.211
192 6.344
193 6.383
194 6.451
195 6.84
196 6.644
197 6.751
198 6.808
199 6.908
200 6.863
201 6.968
202 6.987
203 7.056
204 7.179
205 7.227
206 7.24
207 7.492
208 7.432
209 7.448
210 7.455
211 7.68
212 7.74
213 7.731
214 7.572
215 7.987
216 7.947
217 7.924
218 8.099
219 8.18
220 8.22
221 8.307
222 8.492
223 8.383
224 8.424
225 8.632
226 8.747
227 8.74
228 8.72
229 8.812
230 8.959
231 9.168
232 9.584
233 9.095
234 9.248
235 9.351
236 9.416
237 9.439
238 10.636
239 9.62
240 9.74
241 9.783
242 9.855
243 9.951
244 9.944
245 10.131
246 10.252
247 10.347
248 10.927
249 10.427
250 10.531
251 10.6
252 10.655
253 10.668
254 10.752
255 10.883
256 10.932
257 11.056
258 11.432
259 11.144
260 11.22