1 0.02
2 0.016
3 0.016
4 0.016
5 0.019
6 0.019
7 0.028
8 0.019
9 0.023
10 0.019
11 0.024
12 0.019
13 0.023
14 0.023
15 0.031
16 0.024
17 0.031
18 0.023
19 0.032
20 0.028
21 0.024
22 0.028
23 0.028
24 0.032
25 0.028
26 0.032
27 0.039
28 0.032
29 0.032
30 0.031
31 0.031
32 0.031
33 0.036
34 0.031
35 0.032
36 0.044
37 0.039
38 0.031
39 0.031
40 0.043
41 0.04
42 0.039
43 0.036
44 0.043
45 0.044
46 0.044
47 0.039
48 0.039
49 0.039
50 0.051
51 0.048
52 0.048
53 0.048
54 0.043
55 0.043
56 0.044
57 0.044
58 0.044
59 0.052
60 0.051
61 0.051
62 0.056
63 0.051
64 0.056
65 0.056
66 0.051
67 0.056
68 0.056
69 0.059
70 0.055
71 0.056
72 0.059
73 0.051
74 0.051
75 0.051
76 0.055
77 0.056
78 0.056
79 0.063
80 0.059
81 0.06
82 0.064
83 0.056
84 0.059
85 0.063
86 0.064
87 0.063
88 0.059
89 0.063
90 0.067
91 0.067
92 0.067
93 0.064
94 0.076
95 0.071
96 0.067
97 0.068
98 0.076
99 0.071
100 0.064
101 0.072
102 0.071
103 0.072
104 0.076
105 0.071
106 0.075
107 0.076
108 0.067
109 0.084
110 0.079
111 0.084
112 0.076
113 0.08
114 0.091
115 0.084
116 0.092
117 0.076
118 0.1
119 0.087
120 0.096
121 0.079
122 0.096
123 0.091
124 0.092
125 0.084
126 0.087
127 0.091
128 0.083
129 0.091
130 0.084
131 0.091
132 0.087
133 0.087
134 0.092
135 0.092
136 0.087
137 0.091
138 0.091
139 0.091
140 0.096
141 0.096
142 0.096
143 0.096
144 0.096
145 0.096
146 0.096
147 0.1
148 0.099
149 0.096
150 0.099
151 0.104
152 0.099
153 0.099
154 0.1
155 0.104
156 0.104
157 0.104
158 0.103
159 0.104
160 0.104
161 0.104
162 0.099
163 0.107
164 0.111
165 0.107
166 0.115
167 0.107
168 0.108
169 0.107
170 0.112
171 0.112
172 0.107
173 0.111
174 0.112
175 0.111
176 0.111
177 0.115
178 0.115
179 0.115
180 0.115
181 0.115
182 0.115
183 0.115
184 0.111
185 0.116
186 0.115
187 0.119
188 0.119
189 0.12
190 0.119
191 0.119
192 0.12
193 0.12
194 0.12
195 0.119
196 0.124
197 0.119
198 0.12
199 0.124
200 0.124
201 0.123
202 0.124
203 0.124
204 0.124
205 0.127
206 0.132
207 0.132
208 0.124
209 0.131
210 0.132
211 0.127
212 0.131
213 0.132
214 0.132
215 0.131
216 0.132
217 0.135
218 0.127
219 0.135
220 0.135
221 0.132
222 0.135
223 0.132
224 0.135
225 0.135
226 0.135
227 0.135
228 0.139
229 0.135
230 0.139
231 0.139
232 0.14
233 0.14
234 0.144
235 0.14
236 0.139
237 0.144
238 0.144
239 0.144
240 0.147
241 0.139
242 0.144
243 0.147
244 0.144
245 0.148
246 0.147
247 0.143
248 0.148
249 0.152
250 0.144
251 0.147
252 0.151
253 0.148
254 0.144
255 0.151
256 0.152
257 0.152
258 0.151
259 0.155
260 0.152
261 0.159
262 0.163
263 0.16
264 0.163
265 0.163
266 0.152
267 0.168
268 0.168
269 0.172
270 0.167
271 0.171
272 0.168
273 0.163
274 0.168
275 0.163
276 0.167
277 0.172
278 0.168
279 0.168
280 0.167
281 0.172
282 0.172
283 0.172
284 0.171
285 0.168
286 0.172
287 0.172
288 0.175
289 0.176
290 0.175
291 0.176
292 0.175
293 0.176
294 0.172
295 0.18
296 0.18
297 0.18
298 0.18
299 0.18
300 0.18
301 0.183
302 0.18
303 0.183
304 0.183
305 0.175
306 0.183
307 0.183
308 0.183
309 0.184
310 0.192
311 0.188
312 0.188
313 0.187
314 0.187
315 0.188
316 0.188
317 0.187
318 0.18
319 0.192
320 0.191
321 0.183
322 0.192
323 0.192
324 0.188
325 0.192
326 0.192
327 0.196
328 0.188
329 0.195
330 0.195
331 0.195
332 0.199
333 0.195
334 0.196
335 0.196
336 0.195
337 0.195
338 0.195
339 0.2
340 0.195
341 0.2
342 0.203
343 0.2
344 0.2
345 0.195
346 0.196
347 0.204
348 0.203
349 0.203
350 0.2
351 0.208
352 0.203
353 0.208
354 0.207
355 0.207
356 0.203
357 0.2
358 0.211
359 0.208
360 0.208
361 0.211
362 0.211
363 0.207
364 0.203
365 0.208
366 0.215
367 0.215
368 0.211
369 0.211
370 0.216
371 0.211
372 0.215
373 0.215
374 0.215
375 0.215
376 0.219
377 0.216
378 0.211
379 0.215
380 0.211
381 0.215
382 0.22
383 0.224
384 0.223
385 0.22
386 0.22
387 0.224
388 0.224
389 0.223
390 0.227
391 0.228
392 0.215
393 0.236
394 0.231
395 0.231
396 0.231
397 0.231
398 0.235
399 0.24
400 0.24
401 0.24
402 0.248
403 0.231
404 0.236
405 0.235
406 0.236
407 0.231
408 0.24
409 0.24
410 0.236
411 0.235
412 0.239
413 0.231
414 0.231
415 0.24
416 0.24
417 0.239
418 0.24
419 0.24
420 0.236
421 0.236
422 0.244
423 0.244
424 0.24
425 0.243
426 0.24
427 0.24
428 0.248
429 0.243
430 0.247
431 0.24
432 0.244
433 0.248
434 0.252
435 0.248
436 0.243
437 0.248
438 0.255
439 0.248
440 0.244
441 0.252
442 0.251
443 0.251
444 0.248
445 0.251
446 0.256
447 0.256
448 0.251
449 0.256
450 0.256
451 0.244
452 0.259
453 0.259
454 0.256
455 0.256
456 0.256
457 0.259
458 0.259
459 0.259
460 0.26
461 0.263
462 0.264
463 0.251
464 0.264
465 0.263
466 0.255
467 0.263
468 0.263
469 0.264
470 0.263
471 0.255
472 0.264
473 0.264
474 0.264
475 0.268
476 0.259
477 0.271
478 0.267
479 0.271
480 0.268
481 0.264
482 0.272
483 0.268
484 0.271
485 0.271
486 0.271
487 0.276
488 0.271
489 0.276
490 0.276
491 0.275
492 0.275
493 0.276
494 0.279
495 0.279
496 0.275
497 0.279
498 0.28
499 0.279
500 0.279
501 0.279
502 0.28
503 0.279
504 0.279
505 0.276
506 0.279
507 0.279
508 0.284
509 0.284
510 0.283
511 0.288
512 0.291
513 0.288
514 0.291
515 0.296
516 0.291
517 0.292
518 0.291
519 0.303
520 0.304
521 0.296
522 0.296
523 0.292
524 0.296
525 0.291
526 0.291
527 0.295
528 0.296
529 0.291
530 0.296
531 0.299
532 0.291
533 0.299
534 0.299
535 0.299
536 0.299
537 0.3
538 0.299
539 0.296
540 0.299
541 0.304
542 0.299
543 0.299
544 0.296
545 0.303
546 0.299
547 0.304
548 0.303
549 0.299
550 0.303
551 0.303
552 0.307
553 0.296
554 0.299
555 0.304
556 0.304
557 0.299
558 0.304
559 0.304
560 0.304
561 0.304
562 0.307
563 0.307
564 0.307
565 0.303
566 0.307
567 0.304
568 0.307
569 0.307
570 0.311
571 0.307
572 0.307
573 0.312
574 0.312
575 0.312
576 0.312
577 0.316
578 0.311
579 0.316
580 0.316
581 0.316
582 0.315
583 0.316
584 0.316
585 0.316
586 0.32
587 0.319
588 0.316
589 0.319
590 0.32
591 0.32
592 0.319
593 0.32
594 0.324
595 0.32
596 0.319
597 0.324
598 0.324
599 0.324
600 0.324
601 0.324
602 0.324
603 0.324
604 0.324
605 0.324
606 0.324
607 0.327
608 0.327
609 0.327
610 0.327
611 0.327
612 0.327
613 0.328
614 0.324
615 0.324
616 0.327
617 0.339
618 0.339
619 0.339
620 0.339
621 0.336
622 0.331
623 0.34
624 0.344
625 0.336
626 0.339
627 0.344
628 0.343
629 0.339
630 0.335
631 0.34
632 0.339
633 0.339
634 0.339
635 0.344
636 0.336
637 0.343
638 0.344
639 0.339
640 0.344
641 0.344
642 0.344
643 0.347
644 0.344
645 0.344
646 0.351
647 0.344
648 0.348
649 0.344
650 0.347
651 0.344
652 0.348
653 0.344
654 0.352
655 0.363
656 0.347
657 0.344
658 0.352
659 0.347
660 0.351
661 0.347
662 0.355
663 0.351
664 0.355
665 0.355
666 0.352
667 0.36
668 0.352
669 0.352
670 0.36
671 0.352
672 0.359
673 0.36
674 0.355
675 0.36
676 0.364
677 0.36
678 0.355
679 0.364
680 0.359
681 0.355
682 0.355
683 0.364
684 0.367
685 0.36
686 0.355
687 0.367
688 0.364
689 0.367
690 0.364
691 0.364
692 0.364
693 0.367
694 0.367
695 0.371
696 0.372
697 0.372
698 0.368
699 0.367
700 0.368
701 0.367
702 0.367
703 0.367
704 0.372
705 0.375
706 0.38
707 0.375
708 0.375
709 0.375
710 0.375
711 0.372
712 0.372
713 0.371
714 0.372
715 0.375
716 0.375
717 0.375
718 0.372
719 0.388
720 0.388
721 0.387
722 0.392
723 0.392
724 0.387
725 0.392
726 0.395
727 0.395
728 0.392
729 0.387
730 0.384
731 0.387
732 0.392
733 0.392
734 0.392
735 0.387
736 0.391
737 0.396
738 0.391
739 0.392
740 0.392
741 0.392
742 0.391
743 0.396
744 0.396
745 0.391
746 0.4
747 0.395
748 0.395
749 0.4
750 0.4
751 0.4
752 0.4
753 0.399
754 0.403
755 0.4
756 0.4
757 0.399
758 0.4
759 0.399
760 0.4
761 0.403
762 0.403
763 0.403
764 0.403
765 0.403
766 0.403
767 0.403
768 0.408
769 0.408
770 0.395
771 0.408
772 0.408
773 0.408
774 0.407
775 0.403
776 0.412
777 0.407
778 0.412
779 0.411
780 0.412
781 0.411
782 0.416
783 0.412
784 0.403
785 0.412
786 0.407
787 0.407
788 0.415
789 0.415
790 0.415
791 0.412
792 0.42
793 0.419
794 0.42
795 0.416
796 0.42
797 0.416
798 0.419
799 0.419
800 0.419
801 0.423
802 0.416
803 0.423
804 0.42
805 0.423
806 0.42
807 0.424
808 0.427
809 0.423
810 0.435
811 0.431
812 0.443
813 0.44
814 0.443
815 0.44
816 0.44
817 0.447
818 0.447
819 0.447
820 0.451
821 0.443
822 0.44
823 0.443
824 0.44
825 0.431
826 0.443
827 0.44
828 0.443
829 0.443
830 0.448
831 0.447
832 0.436
833 0.448
834 0.44
835 0.447
836 0.452
837 0.447
838 0.451
839 0.443
840 0.447
841 0.451
842 0.443
843 0.451
844 0.46
845 0.448
846 0.451
847 0.447
848 0.456
849 0.447
850 0.44
851 0.448
852 0.448
853 0.443
854 0.451
855 0.447
856 0.443
857 0.452
858 0.447
859 0.452
860 0.447
861 0.451
862 0.452
863 0.447
864 0.451
865 0.452
866 0.456
867 0.448
868 0.456
869 0.455
870 0.456
871 0.451
872 0.456
873 0.456
874 0.455
875 0.46
876 0.452
877 0.456
878 0.46
879 0.46
880 0.455
881 0.447
882 0.464
883 0.459
884 0.46
885 0.463
886 0.46
887 0.463
888 0.472
889 0.472
890 0.475
891 0.476
892 0.463
893 0.463
894 0.471
895 0.471
896 0.48
897 0.476
898 0.471
899 0.487
900 0.483
901 0.484
902 0.483
903 0.487
904 0.496
905 0.487
906 0.487
907 0.48
908 0.48
909 0.476
910 0.483
911 0.483
912 0.483
913 0.483
914 0.488
915 0.487
916 0.488
917 0.492
918 0.488
919 0.487
920 0.487
921 0.492
922 0.492
923 0.491
924 0.491
925 0.496
926 0.492
927 0.496
928 0.483
929 0.492
930 0.488
931 0.491
932 0.491
933 0.496
934 0.496
935 0.495
936 0.496
937 0.495
938 0.491
939 0.495
940 0.496
941 0.5
942 0.5
943 0.5
944 0.5
945 0.5
946 0.487
947 0.496
948 0.496
949 0.5
950 0.5
951 0.504
952 0.508
953 0.503
954 0.496
955 0.5
956 0.508
957 0.507
958 0.507
959 0.507
960 0.487
961 0.492
962 0.5
963 0.5
964 0.5
965 0.492
966 0.5
967 0.503
968 0.5
969 0.503
970 0.496
971 0.5
972 0.504
973 0.507
974 0.496
975 0.5
976 0.507
977 0.503
978 0.5
979 0.504
980 0.507
981 0.516
982 0.516
983 0.516
984 0.516
985 0.523
986 0.523
987 0.511
988 0.516
989 0.516
990 0.512
991 0.512
992 0.519
993 0.516
994 0.516
995 0.519
996 0.507
997 0.519
998 0.519
999 0.511
1000 0.519