1 0.027
2 0.024
3 0.024
4 0.024
5 0.027
6 0.028
7 0.032
8 0.031
9 0.028
10 0.028
11 0.028
12 0.028
13 0.031
14 0.032
15 0.032
16 0.032
17 0.032
18 0.028
19 0.032
20 0.031
21 0.032
22 0.028
23 0.031
24 0.031
25 0.028
26 0.036
27 0.032
28 0.031
29 0.031
30 0.032
31 0.028
32 0.032
33 0.035
34 0.028
35 0.032
36 0.036
37 0.032
38 0.028
39 0.036
40 0.032
41 0.036
42 0.036
43 0.032
44 0.04
45 0.035
46 0.036
47 0.036
48 0.032
49 0.036
50 0.035
51 0.039
52 0.036
53 0.032
54 0.04
55 0.032
56 0.036
57 0.035
58 0.039
59 0.04
60 0.043
61 0.036
62 0.036
63 0.036
64 0.035
65 0.039
66 0.039
67 0.036
68 0.039
69 0.039
70 0.036
71 0.035
72 0.039
73 0.039
74 0.048
75 0.039
76 0.048
77 0.035
78 0.039
79 0.036
80 0.039
81 0.039
82 0.039
83 0.048
84 0.039
85 0.043
86 0.04
87 0.043
88 0.048
89 0.04
90 0.043
91 0.04
92 0.043
93 0.056
94 0.048
95 0.048
96 0.043
97 0.048
98 0.048
99 0.043
100 0.048
101 0.048
102 0.048
103 0.048
104 0.056
105 0.048
106 0.048
107 0.052
108 0.051
109 0.052
110 0.052
111 0.055
112 0.048
113 0.059
114 0.052
115 0.052
116 0.052
117 0.052
118 0.055
119 0.052
120 0.048
121 0.052
122 0.067
123 0.052
124 0.052
125 0.051
126 0.052
127 0.06
128 0.051
129 0.052
130 0.052
131 0.056
132 0.063
133 0.052
134 0.048
135 0.055
136 0.056
137 0.063
138 0.059
139 0.056
140 0.051
141 0.056
142 0.056
143 0.055
144 0.063
145 0.056
146 0.056
147 0.055
148 0.056
149 0.055
150 0.06
151 0.055
152 0.056
153 0.063
154 0.063
155 0.063
156 0.063
157 0.059
158 0.056
159 0.056
160 0.055
161 0.06
162 0.059
163 0.059
164 0.06
165 0.055
166 0.06
167 0.06
168 0.063
169 0.059
170 0.06
171 0.06
172 0.059
173 0.059
174 0.059
175 0.056
176 0.063
177 0.059
178 0.063
179 0.059
180 0.064
181 0.064
182 0.059
183 0.063
184 0.059
185 0.059
186 0.063
187 0.067
188 0.067
189 0.063
190 0.068
191 0.067
192 0.064
193 0.06
194 0.063
195 0.063
196 0.063
197 0.072
198 0.067
199 0.067
200 0.067
201 0.067
202 0.063
203 0.063
204 0.068
205 0.072
206 0.072
207 0.072
208 0.063
209 0.063
210 0.076
211 0.072
212 0.072
213 0.063
214 0.064
215 0.076
216 0.076
217 0.067
218 0.067
219 0.067
220 0.076
221 0.072
222 0.067
223 0.068
224 0.08
225 0.072
226 0.072
227 0.067
228 0.079
229 0.072
230 0.067
231 0.076
232 0.072
233 0.072
234 0.072
235 0.08
236 0.076
237 0.067
238 0.084
239 0.072
240 0.072
241 0.08
242 0.076
243 0.068
244 0.083
245 0.076
246 0.076
247 0.08
248 0.076
249 0.076
250 0.08
251 0.072
252 0.083
253 0.075
254 0.084
255 0.076
256 0.076
257 0.084
258 0.072
259 0.08
260 0.08
261 0.072
262 0.084
263 0.076
264 0.087
265 0.076
266 0.083
267 0.075
268 0.079
269 0.076
270 0.08
271 0.076
272 0.072
273 0.072
274 0.072
275 0.079
276 0.071
277 0.072
278 0.08
279 0.076
280 0.08
281 0.076
282 0.084
283 0.076
284 0.08
285 0.075
286 0.083
287 0.075
288 0.083
289 0.072
290 0.076
291 0.08
292 0.08
293 0.08
294 0.075
295 0.083
296 0.083
297 0.075
298 0.083
299 0.072
300 0.079
301 0.076
302 0.075
303 0.083
304 0.076
305 0.08
306 0.084
307 0.076
308 0.076
309 0.084
310 0.079
311 0.079
312 0.083
313 0.08
314 0.079
315 0.087
316 0.087
317 0.083
318 0.084
319 0.091
320 0.08
321 0.08
322 0.087
323 0.096
324 0.084
325 0.08
326 0.088
327 0.084
328 0.08
329 0.091
330 0.096
331 0.099
332 0.08
333 0.087
334 0.084
335 0.096
336 0.08
337 0.083
338 0.087
339 0.096
340 0.096
341 0.087
342 0.087
343 0.083
344 0.096
345 0.091
346 0.091
347 0.087
348 0.087
349 0.084
350 0.087
351 0.087
352 0.096
353 0.096
354 0.096
355 0.084
356 0.088
357 0.083
358 0.083
359 0.091
360 0.1
361 0.091
362 0.096
363 0.096
364 0.096
365 0.087
366 0.084
367 0.087
368 0.087
369 0.091
370 0.087
371 0.091
372 0.083
373 0.096
374 0.087
375 0.096
376 0.1
377 0.099
378 0.1
379 0.1
380 0.099
381 0.1
382 0.096
383 0.1
384 0.087
385 0.091
386 0.091
387 0.096
388 0.087
389 0.091
390 0.091
391 0.091
392 0.087
393 0.087
394 0.096
395 0.1
396 0.1
397 0.099
398 0.091
399 0.1
400 0.091
401 0.1
402 0.092
403 0.091
404 0.1
405 0.103
406 0.1
407 0.1
408 0.099
409 0.091
410 0.096
411 0.099
412 0.104
413 0.1
414 0.104
415 0.096
416 0.096
417 0.099
418 0.104
419 0.107
420 0.103
421 0.1
422 0.1
423 0.104
424 0.103
425 0.1
426 0.096
427 0.104
428 0.104
429 0.107
430 0.096
431 0.103
432 0.107
433 0.104
434 0.096
435 0.104
436 0.108
437 0.092
438 0.096
439 0.103
440 0.107
441 0.1
442 0.104
443 0.108
444 0.099
445 0.111
446 0.107
447 0.1
448 0.104
449 0.104
450 0.104
451 0.108
452 0.111
453 0.096
454 0.108
455 0.108
456 0.104
457 0.107
458 0.111
459 0.107
460 0.108
461 0.099
462 0.111
463 0.111
464 0.107
465 0.108
466 0.1
467 0.107
468 0.107
469 0.107
470 0.111
471 0.104
472 0.111
473 0.1
474 0.115
475 0.104
476 0.115
477 0.12
478 0.111
479 0.12
480 0.111
481 0.115
482 0.115
483 0.124
484 0.111
485 0.12
486 0.116
487 0.115
488 0.112
489 0.12
490 0.108
491 0.107
492 0.115
493 0.104
494 0.115
495 0.112
496 0.115
497 0.111
498 0.12
499 0.111
500 0.108
501 0.12
502 0.111
503 0.124
504 0.112
505 0.103
506 0.111
507 0.115
508 0.12
509 0.116
510 0.107
511 0.115
512 0.115
513 0.107
514 0.12
515 0.119
516 0.107
517 0.124
518 0.111
519 0.112
520 0.115
521 0.119
522 0.107
523 0.119
524 0.12
525 0.104
526 0.119
527 0.116
528 0.115
529 0.124
530 0.115
531 0.124
532 0.107
533 0.119
534 0.112
535 0.119
536 0.111
537 0.12
538 0.119
539 0.115
540 0.119
541 0.124
542 0.115
543 0.119
544 0.12
545 0.115
546 0.12
547 0.119
548 0.119
549 0.119
550 0.123
551 0.112
552 0.124
553 0.115
554 0.123
555 0.124
556 0.115
557 0.111
558 0.12
559 0.119
560 0.12
561 0.115
562 0.124
563 0.124
564 0.124
565 0.115
566 0.124
567 0.127
568 0.124
569 0.124
570 0.12
571 0.124
572 0.127
573 0.124
574 0.128
575 0.124
576 0.124
577 0.127
578 0.119
579 0.12
580 0.115
581 0.128
582 0.123
583 0.124
584 0.124
585 0.119
586 0.124
587 0.124
588 0.124
589 0.124
590 0.123
591 0.127
592 0.123
593 0.124
594 0.124
595 0.119
596 0.124
597 0.124
598 0.127
599 0.132
600 0.128
601 0.132
602 0.131
603 0.127
604 0.127
605 0.124
606 0.127
607 0.127
608 0.128
609 0.131
610 0.132
611 0.131
612 0.132
613 0.127
614 0.132
615 0.127
616 0.132
617 0.127
618 0.132
619 0.131
620 0.132
621 0.128
622 0.131
623 0.131
624 0.14
625 0.131
626 0.132
627 0.132
628 0.127
629 0.139
630 0.131
631 0.132
632 0.135
633 0.132
634 0.139
635 0.131
636 0.132
637 0.132
638 0.135
639 0.127
640 0.132
641 0.127
642 0.135
643 0.131
644 0.132
645 0.135
646 0.135
647 0.135
648 0.132
649 0.135
650 0.136
651 0.136
652 0.135
653 0.135
654 0.132
655 0.135
656 0.132
657 0.132
658 0.14
659 0.132
660 0.135
661 0.144
662 0.135
663 0.135
664 0.139
665 0.136
666 0.135
667 0.135
668 0.14
669 0.14
670 0.139
671 0.135
672 0.139
673 0.135
674 0.136
675 0.135
676 0.135
677 0.135
678 0.135
679 0.144
680 0.135
681 0.144
682 0.139
683 0.144
684 0.144
685 0.135
686 0.14
687 0.135
688 0.14
689 0.14
690 0.135
691 0.139
692 0.135
693 0.139
694 0.14
695 0.135
696 0.148
697 0.144
698 0.139
699 0.144
700 0.139
701 0.143
702 0.144
703 0.147
704 0.139
705 0.144
706 0.152
707 0.155
708 0.151
709 0.139
710 0.152
711 0.14
712 0.152
713 0.152
714 0.14
715 0.152
716 0.144
717 0.148
718 0.151
719 0.14
720 0.144
721 0.152
722 0.144
723 0.148
724 0.148
725 0.144
726 0.144
727 0.147
728 0.144
729 0.143
730 0.152
731 0.144
732 0.147
733 0.152
734 0.148
735 0.147
736 0.152
737 0.152
738 0.144
739 0.155
740 0.144
741 0.152
742 0.152
743 0.148
744 0.147
745 0.155
746 0.139
747 0.152
748 0.147
749 0.147
750 0.152
751 0.147
752 0.144
753 0.151
754 0.152
755 0.147
756 0.148
757 0.148
758 0.152
759 0.155
760 0.151
761 0.152
762 0.152
763 0.147
764 0.151
765 0.152
766 0.16
767 0.152
768 0.152
769 0.155
770 0.147
771 0.152
772 0.155
773 0.156
774 0.155
775 0.152
776 0.148
777 0.156
778 0.155
779 0.156
780 0.151
781 0.147
782 0.155
783 0.155
784 0.152
785 0.16
786 0.156
787 0.155
788 0.16
789 0.156
790 0.16
791 0.156
792 0.163
793 0.168
794 0.163
795 0.159
796 0.168
797 0.163
798 0.16
799 0.168
800 0.163
801 0.163
802 0.175
803 0.172
804 0.168
805 0.168
806 0.167
807 0.172
808 0.18
809 0.172
810 0.175
811 0.175
812 0.167
813 0.163
814 0.168
815 0.172
816 0.16
817 0.168
818 0.167
819 0.163
820 0.168
821 0.167
822 0.163
823 0.167
824 0.167
825 0.16
826 0.172
827 0.16
828 0.168
829 0.172
830 0.168
831 0.163
832 0.168
833 0.163
834 0.172
835 0.172
836 0.163
837 0.175
838 0.16
839 0.167
840 0.172
841 0.172
842 0.167
843 0.172
844 0.167
845 0.168
846 0.168
847 0.172
848 0.168
849 0.172
850 0.168
851 0.172
852 0.172
853 0.168
854 0.167
855 0.176
856 0.168
857 0.175
858 0.172
859 0.172
860 0.168
861 0.172
862 0.175
863 0.167
864 0.163
865 0.168
866 0.172
867 0.172
868 0.172
869 0.172
870 0.168
871 0.172
872 0.168
873 0.172
874 0.168
875 0.171
876 0.168
877 0.172
878 0.172
879 0.172
880 0.172
881 0.172
882 0.172
883 0.18
884 0.172
885 0.172
886 0.175
887 0.163
888 0.179
889 0.172
890 0.168
891 0.176
892 0.175
893 0.167
894 0.18
895 0.172
896 0.172
897 0.188
898 0.183
899 0.172
900 0.183
901 0.172
902 0.187
903 0.175
904 0.183
905 0.175
906 0.179
907 0.176
908 0.18
909 0.175
910 0.175
911 0.175
912 0.179
913 0.175
914 0.172
915 0.183
916 0.176
917 0.18
918 0.175
919 0.18
920 0.175
921 0.18
922 0.18
923 0.175
924 0.18
925 0.18
926 0.175
927 0.176
928 0.175
929 0.18
930 0.183
931 0.175
932 0.172
933 0.183
934 0.176
935 0.176
936 0.18
937 0.176
938 0.176
939 0.183
940 0.175
941 0.18
942 0.179
943 0.183
944 0.175
945 0.175
946 0.183
947 0.18
948 0.179
949 0.18
950 0.184
951 0.175
952 0.183
953 0.179
954 0.188
955 0.187
956 0.183
957 0.179
958 0.183
959 0.183
960 0.18
961 0.18
962 0.183
963 0.183
964 0.18
965 0.187
966 0.179
967 0.18
968 0.176
969 0.183
970 0.192
971 0.188
972 0.18
973 0.183
974 0.183
975 0.188
976 0.188
977 0.188
978 0.187
979 0.18
980 0.18
981 0.18
982 0.18
983 0.18
984 0.196
985 0.2
986 0.192
987 0.195
988 0.211
989 0.2
990 0.187
991 0.192
992 0.183
993 0.184
994 0.192
995 0.183
996 0.183
997 0.187
998 0.183
999 0.187
1000 0.184