7 0.048
10 0.016
13 0.024
15 0.016
16 0.032
19 0.124
22 0.064
22 0.123
25 0.063
28 0.08
29 0.06
31 0.083
31 0.043
34 0.096
36 0.091
37 0.112
40 0.116
43 0.127
43 0.115
46 0.132
46 0.096
49 0.144
50 0.148
52 0.159
55 0.184
57 0.175
58 0.188
61 0.195
61 0.164
63 0.103
64 0.224
64 0.2
67 0.236
70 0.259
71 0.259
73 0.251
76 0.267
76 0.228
78 0.263
79 0.292
82 0.303
85 0.32
85 0.307
88 0.32
91 0.375
91 0.292
92 0.34
94 0.379
94 0.24
97 0.4
99 0.367
100 0.4
103 0.435
106 0.456
106 0.42
106 0.379
109 0.463
112 0.48
113 0.483
115 0.476
118 0.5
120 0.5
121 0.527
121 0.463
124 0.527
125 0.387
127 0.564
127 0.544
127 0.236
130 0.548
133 0.592
134 0.556
136 0.619
136 0.556
139 0.62
141 0.619
142 0.656
145 0.699
148 0.692
148 0.663
151 0.695
151 0.635
154 0.768
155 0.716
156 0.579
157 0.76
160 0.739
162 0.776
163 0.76
166 0.791
166 0.72
169 0.839
169 0.796
172 0.847
175 0.879
176 0.884
178 0.888
181 0.948
181 0.864
183 0.919
184 0.943
187 1.004
187 0.771
190 1.
190 1.
190 0.588
193 1.087
196 1.024
196 0.947
197 1.06
199 1.076
202 1.079
204 1.048
205 1.091
208 1.14
211 1.207
211 1.152
211 1.067
214 1.219
217 1.235
218 1.248
218 1.004
220 1.216
223 1.259
225 1.267
226 1.271
226 1.184
229 1.307
232 1.34
232 1.396
235 1.396
238 1.475
239 1.371
241 1.408
241 1.323
244 1.448
246 1.423
247 1.468
249 1.247
250 1.527
253 1.524
253 1.471
253 0.999
255 0.56
256 1.595
256 1.519
259 1.676
260 1.556
262 1.672
265 1.679
267 1.696
268 1.683
271 1.664
271 1.784
274 1.756
274 1.679
277 1.811
280 1.852
280 1.556
281 1.832
283 1.799
286 1.867
286 1.844
288 1.94
289 1.884
292 1.963
295 2.032
295 1.975
298 2.047
301 2.072
301 1.867
302 1.936
304 2.028
307 2.155
309 2.048
310 2.208
311 1.84
313 2.175
316 2.164
316 2.115
316 2.028
316 1.548
319 2.268
322 2.415
323 2.203
325 2.32
328 2.311
330 2.316
331 2.352
331 2.251
334 2.468
337 2.551
337 2.516
340 2.468
342 2.195
343 2.492
344 2.519
346 2.543
346 2.412
349 2.727
351 2.491
352 2.628
355 3.48
358 2.699
358 2.667
361 2.82
361 2.579
364 2.883
365 2.748
367 2.843
370 2.867
372 2.884
373 3.008
373 2.715
376 3.015
376 2.804
379 2.944
379 2.996
379 2.212
382 3.123
382 1.575
385 3.135
386 3.003
388 3.104
391 3.12
391 3.096
393 3.152
394 3.24
397 3.224
400 3.239
400 3.156
403 3.331
404 3.071
406 3.431
406 3.124
407 3.283
409 3.403
412 3.539
414 3.496
415 3.563
418 3.516
421 3.447
421 3.467
421 3.372
424 3.647
427 3.48
428 3.584
430 3.584
433 3.631
435 3.767
435 3.352
436 3.66
436 3.591
439 3.719
442 3.727
442 3.951
442 3.035
445 3.776
448 3.788
449 3.907
451 3.771
451 3.908
454 4.087
456 3.96
457 3.963
460 3.96
463 4.116
463 4.168
466 4.104
466 4.155
466 3.799
469 4.115
470 4.251
472 4.235
475 4.271
477 4.508
478 4.192
481 4.36
481 4.231
484 4.339
484 4.46
487 4.403
490 4.568
491 4.587
493 4.467
496 4.5
496 4.544
497 4.244
498 5.147
499 4.696
502 4.632
505 4.639
505 4.724
505 3.928
508 4.924
509 3.011
511 4.947
511 4.695
511 1.516
512 4.975
514 5.387
517 5.24
519 5.163
520 6.136
523 5.24
526 5.275
526 5.284
526 5.22
528 4.731
529 6.451
532 5.528
533 5.367
535 5.515
538 5.596
540 5.36
541 5.596
541 5.291
544 5.855
547 5.776
547 5.736
550 5.824
553 5.804
554 5.679
556 5.955
556 5.464
559 5.995
559 5.491
561 5.692
562 6.08
565 5.971
568 6.292
568 5.784
568 4.947
571 7.723
571 5.864
574 6.272
575 5.851
577 6.211
580 6.344
582 6.036
583 6.383
586 6.451
586 6.291
589 6.84
589 6.188
590 5.903
592 6.644
595 6.751
596 6.323
598 6.808
601 6.908
601 6.447
603 6.54
604 6.863
607 6.968
610 6.987
610 6.447
613 7.056
616 7.179
616 6.847
617 6.639
619 7.227
621 6.516
622 7.24
624 6.928
625 7.492
628 7.432
631 7.448
631 7.043
631 7.276
631 6.172
634 7.455
636 4.984
637 7.68
638 7.327
640 7.74
643 7.731
645 7.168
646 7.572
646 7.495
649 7.987
652 7.947
652 7.407
652 7.167
655 7.924
658 8.099
659 7.584
661 8.18
661 7.648
664 8.22
666 7.624
667 8.307
670 8.492
673 8.383
673 10.039
676 8.424
676 8.271
679 8.632
680 7.96
682 8.747
683 7.923
685 8.74
687 8.276
688 8.72
691 8.812
691 8.4
694 8.959
694 8.22
694 7.332
697 9.168
700 9.584
701 8.515
703 9.095
706 9.248
706 8.799
708 8.56
709 9.351
712 9.416
714 8.46
715 9.439
715 8.915
718 10.636
721 9.62
721 9.307
722 8.895
724 9.74
727 9.783
729 9.087
730 9.855
733 9.951
736 9.944
736 9.848
736 9.548
739 10.131
742 10.252
743 10.031
745 10.347
745 9.292
748 10.927
750 10.104
751 10.427
751 10.111
754 10.531
757 10.6
757 10.488
757 8.847
760 10.655
763 10.668
763 7.939
764 10.519
766 10.752
766 10.192
766 4.72
769 10.883
771 10.796
772 10.932
775 11.056
776 10.207
778 11.432
778 11.031
781 11.144
781 10.827
784 11.22
796 12.395
807 10.884
811 11.576
826 11.819
838 11.748
841 12.372
856 12.799
869 12.451
871 13.115
886 13.675
900 13.524
901 14.079
916 15.016
931 14.279
962 19.091
1021 10.416
1023 4.24
1534 16.8
2045 37.995
2047 14.5
3070 63.564
4095 53.435