123 0.
126 0.
129 0.004
247 0.048
132 0.
135 0.004
138 0.
254 0.
141 0.003
144 0.004
261 0.004
147 0.008
495 0.
150 0.003
268 0.
153 0.004
156 0.004
159 0.008
275 0.003
162 0.008
510 0.004
165 0.008
282 0.
168 0.012
171 0.011
289 0.003
174 0.016
177 0.012
525 0.004
991 0.004
180 0.016
296 0.008
183 0.016
186 0.016
303 0.012
189 0.019
192 0.02
540 0.007
310 0.011
195 0.019
198 0.024
201 0.024
317 0.015
204 0.027
207 0.028
555 0.012
324 0.016
210 0.027
1022 0.004
213 0.028
331 0.019
216 0.032
219 0.035
222 0.036
338 0.024
570 0.016
225 0.035
228 0.04
345 0.023
231 0.04
234 0.044
352 0.023
237 0.043
585 0.016
240 0.043
1053 0.012
243 0.047
359 0.027
1983 0.004
246 0.052
249 0.051
366 0.031
252 0.06
600 0.019
255 0.059
373 0.039
258 0.06
261 0.064
264 0.064
380 0.04
267 0.067
615 0.023
270 0.067
387 0.048
1084 0.016
273 0.072
276 0.076
394 0.048
279 0.08
282 0.08
630 0.027
285 0.083
401 0.051
288 0.087
291 0.092
408 0.056
294 0.092
297 0.096
645 0.036
415 0.059
300 0.096
303 0.103
1115 0.023
306 0.108
422 0.064
2046 0.008
309 0.108
312 0.112
660 0.039
429 0.076
315 0.115
318 0.119
436 0.079
321 0.124
324 0.124
327 0.128
443 0.084
675 0.044
330 0.131
333 0.14
450 0.092
1146 0.028
336 0.14
339 0.143
457 0.096
342 0.148
690 0.051
345 0.151
348 0.156
464 0.099
351 0.16
354 0.167
471 0.104
357 0.167
705 0.06
360 0.172
478 0.115
363 0.179
1177 0.036
366 0.184
369 0.192
485 0.111
2109 0.095
3967 0.008
372 0.191
720 0.067
375 0.204
492 0.12
378 0.204
381 0.224
499 0.132
384 0.219
387 0.216
735 0.068
390 0.231
506 0.135
393 0.227
396 0.227
1208 0.039
513 0.144
399 0.24
402 0.227
750 0.079
520 0.151
405 0.236
408 0.243
411 0.248
527 0.16
414 0.251
417 0.256
765 0.092
534 0.163
420 0.268
423 0.268
541 0.171
426 0.275
1239 0.056
429 0.279
432 0.26
548 0.18
780 0.103
2172 0.027
435 0.267
438 0.272
555 0.187
441 0.271
444 0.295
562 0.203
447 0.292
795 0.112
450 0.307
453 0.303
569 0.204
456 0.315
1270 0.063
459 0.327
576 0.211
462 0.332
810 0.123
465 0.332
583 0.223
468 0.32
471 0.332
474 0.335
590 0.228
477 0.344
825 0.132
480 0.347
597 0.247
483 0.356
486 0.355
604 0.248
489 0.364
1301 0.079
492 0.371
840 0.14
495 0.371
611 0.256
2235 0.039
498 0.379
4094 0.024
501 0.383
618 0.264
504 0.391
507 0.42
855 0.155
625 0.275
510 0.431
513 0.435
516 0.435
632 0.292
519 0.487
1332 0.096
522 0.483
870 0.163
639 0.299
525 0.483
528 0.488
646 0.711
531 0.503
534 0.504
537 0.507
653 0.324
885 0.18
540 0.516
543 0.516
660 0.336
546 0.532
549 0.539
667 0.352
1363 0.112
552 0.56
900 0.188
555 0.588
558 0.579
674 0.371
2298 0.06
561 0.615
564 0.591
681 0.372
567 0.596
915 0.211
570 0.6
688 0.415
573 0.599
576 0.607
579 0.615
695 0.408
582 0.619
930 0.227
1394 0.132
585 0.631
702 0.403
588 0.648
591 0.676
709 0.423
594 0.687
597 0.704
945 0.24
600 0.696
716 0.412
603 0.687
606 0.7
723 0.42
609 0.699
612 0.707
960 0.264
1425 0.139
730 0.447
615 0.712
618 0.719
621 0.76
737 0.46
2361 0.076
624 0.775
4221 0.036
627 0.788
975 0.275
7935 0.016
744 0.471
630 0.783
633 0.768
751 0.471
636 0.771
639 0.795
642 0.792
758 0.484
990 0.288
1456 0.168
645 0.804
648 0.811
765 0.5
651 0.868
654 0.871
772 0.511
657 0.792
1005 0.307
660 0.775
663 0.78
779 0.524
666 0.788
669 0.792
786 0.536
672 0.795
1020 0.32
675 0.812
1487 0.179
793 0.548
678 0.831
681 0.868
684 0.884
800 0.567
2424 0.095
687 0.864
1035 0.339
690 0.859
807 0.591
693 0.867
696 0.876
814 0.612
699 0.879
702 0.896
1050 0.352
705 0.956
821 0.627
1518 0.2
708 0.943
711 0.94
828 0.692
714 0.931
717 0.94
1065 0.371
835 0.683
720 0.943
723 0.952
726 0.963
842 0.696
729 1.012
732 1.043
1080 0.387
849 0.715
735 1.007
1549 0.231
738 1.007
856 0.7
741 1.016
744 1.019
747 1.031
863 0.703
1095 0.416
2487 0.124
750 1.096
4348 0.064
753 1.087
870 0.74
756 1.08
759 1.075
877 0.751
762 1.084
1110 0.427
765 1.087
768 1.1
884 0.772
1580 0.244
771 1.179
774 1.164
891 0.788
777 1.14
1125 0.447
780 1.14
898 0.799
783 1.152
786 1.159
789 1.212
905 0.796
792 1.247
1140 0.467
795 1.195
912 0.807
798 1.212
1611 0.279
801 1.215
919 0.836
804 1.219
807 1.284
1155 0.492
810 1.307
926 0.867
2550 0.147
813 1.263
816 1.264
933 0.884
819 1.275
822 1.311
1170 0.507
940 0.943
825 1.368
828 1.331
1642 0.307
831 1.316
947 0.98
834 1.331
837 1.331
1185 0.528
954 0.98
840 1.404
843 1.435
961 0.936
846 1.379
849 1.391
852 1.387
968 0.943
1200 0.563
855 1.472
858 1.468
975 0.967
861 1.436
1673 0.34
864 1.451
982 1.019
867 1.448
1215 0.592
870 1.508
873 1.551
989 1.036
2613 0.175
876 1.496
879 1.5
4475 0.079
996 1.056
882 1.508
1230 0.623
8190 0.044
885 1.599
1003 1.067
888 1.584
891 1.551
1704 0.356
894 1.564
1010 1.087
897 1.579
1245 0.664
900 1.664
1017 1.155
903 1.627
906 1.611
1024 1.2
909 1.616
912 1.695
1260 0.711
915 1.687
1031 1.171
918 1.664
921 1.671
1038 1.176
1735 0.375
924 1.704
927 1.783
1275 0.692
1045 1.187
930 1.716
933 1.727
936 1.731
1052 1.179
2676 0.207
939 1.816
942 1.799
1290 0.704
1059 1.196
945 1.768
948 1.776
1066 1.248
951 1.876
954 1.835
1766 0.4
957 1.819
1073 1.279
1305 0.731
960 1.828
963 1.911
1080 1.303
966 1.915
969 1.872
1087 1.375
972 1.876
1320 0.755
975 1.975
978 1.939
1094 1.423
981 1.927
984 1.939
1101 1.327
1797 0.416
987 2.06
1335 0.744
990 1.972
1108 1.395
993 1.975
996 2.027
999 2.088
1115 1.412
2739 0.211
1002 2.024
1350 0.811
1005 2.027
1122 1.42
4602 0.115
1008 2.151
1011 2.076
1129 1.432
1014 2.071
1828 0.46
1017 2.156
1365 0.84
1020 2.143
1136 1.471
1023 2.115
1026 2.135
1143 1.556
1029 2.244
1032 2.168
1380 0.876
1150 1.599
1035 2.171
1038 2.28
1041 2.219
1157 1.519
1044 2.211
1047 2.3
1395 0.903
1859 0.503
1164 1.519
1050 2.276
1053 2.255
1171 1.584
1056 2.311
1059 2.356
1062 2.303
1178 1.619
1410 0.931
2802 0.268
1065 2.348
1068 2.408
1185 1.623
1071 2.348
1074 2.372
1192 1.723
1077 2.468
1425 1.352
1890 0.536
1080 2.391
1083 2.408
1199 1.771
1086 2.536
1089 2.475
1206 1.72
1092 2.483
1440 1.047
1095 2.6
1213 1.744
1098 2.503
1101 2.508
1104 2.64
1220 1.72
1107 2.539
1455 1.059
1921 0.563
1110 2.556
1227 1.763
1113 2.683
1116 2.596
1234 1.816
1119 2.591
1122 2.735
1470 1.088
1125 2.624
1241 1.94
2865 0.288
1128 2.651
1131 2.788
1248 1.867
4729 0.148
1134 2.672
1137 2.699
1485 1.047
8445 0.075
1255 1.872
15871 0.032
1140 2.84
1952 0.6
1143 2.731
1146 2.764
1262 1.915
1149 2.872
1152 2.779
1500 1.079
1269 1.951
1155 2.815
1158 2.903
1276 1.995
1161 2.831
1164 2.884
1167 2.939
1283 2.104
1515 1.124
1170 2.879
1983 0.648
1173 2.984
1290 2.024
1176 2.931
1179 2.924
1297 2.
1182 3.075
1530 1.168
1185 2.948
1188 3.007
1304 2.059
2928 0.327
1191 3.072
1194 3.
1311 2.099
1197 3.103
1545 1.179
1200 3.092
1318 2.208
2014 0.671
1203 3.048
1206 3.208
1209 3.091
1325 2.235
1212 3.136
1560 1.24
1215 3.231
1332 2.188
1218 3.144
1221 3.267
1339 2.22
1224 3.196
1227 3.211
1575 1.275
1230 3.315
1346 2.2
1233 3.232
2045 0.716
1236 3.351
1353 2.311
1239 3.275
1242 3.308
1590 1.367
1360 2.396
1245 3.395
1248 3.315
1251 3.456
1367 2.268
2991 0.376
1254 3.36
1257 3.451
1605 1.435
1374 2.371
1260 3.42
4856 0.195
1263 3.419
2076 0.759
1381 2.388
1266 3.54
1269 3.439
1272 3.572
1388 2.511
1620 1.372
1275 3.483
1278 3.592
1395 2.5
1281 3.528
1284 3.567
1402 2.467
1287 3.627
1635 1.384
1290 3.568
1293 3.704
1409 2.468
2107 0.784
1296 3.596
1299 3.732
1416 2.536
1302 3.644
1650 1.467
1305 3.775
1423 2.715
1308 3.668
1311 3.8
1314 3.72
1430 2.572
3054 0.427
1317 3.827
1665 1.516
1320 3.768
1437 2.635
1323 3.843
1326 3.824
2138 0.851
1444 2.643
1329 3.836
1332 3.92
1680 1.527
1335 3.851
1451 2.824
1338 3.984
1341 3.876
1458 2.715
1344 4.008
1347 4.259
1695 1.632
1465 2.716
1350 4.056
1353 3.915
1356 4.087
1472 2.787
2169 0.928
1359 3.995
1362 4.392
1710 1.711
1479 2.927
1365 3.943
1368 4.159
1486 2.896
1371 4.06
1374 4.196
1377 4.095
1493 2.859
1725 1.668
3117 0.452
1380 4.496
1383 4.163
1500 2.86
1386 4.367
4983 0.231
2200 0.991
1389 4.216
1507 3.052
1392 4.399
1740 1.704
8700 0.119
1395 4.663
1398 4.46
1514 2.967
1401 4.283
1404 4.487
1521 3.079
1407 4.396
1755 1.683
1410 4.843
1528 3.064
1413 4.348
1416 4.591
1419 4.463
1535 3.223
2231 1.012
1422 4.608
1770 1.756
1425 4.891
1542 3.088
1428 4.631
1431 4.568
1549 3.132
1434 4.699
1437 4.608
1785 1.819
1440 4.751
1556 3.208
3180 0.488
1443 4.644
1446 4.807
1563 3.323
1449 4.692
2262 1.039
1452 4.86
1800 1.963
1570 3.272
1455 4.719
1458 5.672
1461 5.863
1577 3.255
1464 5.6
1467 5.432
1815 1.915
1584 3.471
1470 5.668
1473 5.587
1591 3.284
1476 5.663
1479 5.696
2293 1.076
1482 5.683
1598 3.423
1830 1.956
1485 5.772
1488 5.683
1605 3.519
1491 5.836
1494 5.727
1612 3.559
1497 5.895
1845 2.003
1500 5.752
1503 5.947
1619 3.436
3243 0.535
1506 5.831
1509 6.
1626 3.559
1512 5.927
1860 2.024
2324 1.115
5110 0.283
1515 5.987
1633 3.707
1518 6.059
1521 5.972
1524 6.115
1640 3.615
1527 6.019
1875 2.123
1530 6.139
1647 3.659
1533 6.131
1536 6.148
1654 3.836
1539 6.251
1542 6.128
1890 2.256
2355 1.172
1545 6.299
1661 3.671
1548 6.18
1551 6.355
1668 3.772
1554 6.367
1557 6.276
1905 2.143
1675 3.943
1560 6.419
1563 6.299
1566 6.475
1682 3.847
3306 0.583
1569 6.451
1572 6.36
1920 2.144
1689 3.835
2386 1.259
1575 6.563
1578 6.42
1696 4.06
1581 6.595
1584 6.552
1587 6.611
1703 3.911
1935 2.295
1590 6.7
1593 6.587
1710 4.003
1596 6.711
1599 6.708
1717 4.196
1602 6.731
1950 2.356
1605 6.839
2417 1.284
1608 6.72
1724 4.035
1611 6.899
1614 6.819
1731 4.148
1617 6.895
1965 2.456
1620 6.98
1738 4.28
1623 6.859
1626 7.052
1629 6.991
1745 4.215
3369 0.644
1632 7.067
1980 2.539
1635 7.127
1752 4.248
2448 1.744
1638 7.02
1641 7.207
5237 0.339
1759 4.427
1644 7.1
1647 7.231
1995 2.447
8955 0.195
1650 7.268
1766 4.28
16382 0.088
1653 7.175
1656 7.347
1773 4.411
1659 7.244
1662 7.339
2010 2.456
1780 4.512
1665 7.395
2479 1.483
1668 7.283
1671 7.484
1787 4.407
1674 7.391
1677 7.488
2025 2.675
1794 4.619
1680 7.556
1683 7.46
1801 4.472
1686 7.607
1689 7.619
1692 7.516
1808 4.583
2040 2.588
3432 0.703
1695 7.672
1698 7.695
2510 1.496
1815 4.756
1701 7.6
1704 7.768
1822 4.692
1707 7.715
2055 2.643
1710 7.731
1713 7.847
1829 4.779
1716 8.316
1719 7.672
1836 4.78
1722 7.971
2070 2.72
1725 7.983
1843 4.771
1728 7.916
2541 1.452
1731 8.059
1734 8.483
1850 4.94
1737 7.956
2085 2.855
1740 8.096
1857 4.804
1743 8.211
1746 8.668
1864 5.031
1749 8.031
1752 8.276
2100 2.872
1755 8.704
1871 4.956
3495 0.844
1758 8.179
2572 1.523
1761 8.263
1878 4.947
1764 8.384
1767 8.792
2115 2.815
5364 0.404
1885 5.084
1770 8.351
1773 8.388
1776 8.511
1892 5.083
1779 8.888
1782 8.556
2130 2.923
1899 5.239
1785 8.46
1788 8.663
1906 5.124
1791 8.695
2603 1.648
1794 9.14
1797 8.74
1913 5.324
2145 3.112
1800 8.748
1803 9.192
1920 5.231
1806 8.811
1809 8.839
1927 5.387
1812 8.796
2160 3.019
1815 8.907
1818 8.98
1934 5.284
3558 0.92
1821 8.896
2634 1.692
1824 9.035
1941 5.423
1827 9.056
2175 3.063
1830 9.519
1948 5.552
1833 9.015
1836 9.192
1839 9.676
1955 5.423
1842 8.991
2190 3.168
1845 9.243
1962 5.648
1848 9.304
1851 9.771
1969 5.556
2665 1.779
1854 9.159
1857 9.392
2205 3.295
1860 9.755
1976 5.755
1863 9.375
1866 9.292
1983 5.632
1869 9.523
1872 9.543
2220 3.155
1990 6.251
1875 10.
1878 9.463
1881 9.635
1997 5.648
3621 0.996
1884 9.672
2696 1.94
1887 10.155
2235 3.324
2004 5.94
1890 9.584
1893 9.784
2011 5.78
5491 0.467
1896 10.235
1899 9.74
1902 9.711
2018 6.039
2250 3.487
9210 0.271
1905 9.935
1908 9.951
2025 5.891
1911 10.488
1914 9.816
2727 1.896
2032 6.092
1917 10.04
2265 3.452
1920 10.099
2039 6.032
2046 6.215
2280 3.419
2053 6.072
2060 6.307
3684 1.043
2758 1.887
2295 3.652
2067 6.199
2074 6.344
2310 3.588
2081 6.347
2088 6.512
2325 3.668
2789 2.039
2095 6.447
2102 6.588
2340 3.819
2109 6.603
2116 6.615
2123 6.792
2355 3.807
3747 1.523
2820 2.088
2130 6.675
2137 6.864
2370 3.82
5618 0.532
2144 6.748
2151 6.951
2385 4.012
2851 2.275
2158 6.9
2165 6.932
2400 4.008
2172 7.115
2179 6.967
2415 3.995
2186 7.228
2882 2.295
3810 1.276
2193 7.159
2430 4.248
2200 7.2
2207 7.38
2445 4.092
2214 6.4
2913 2.316
2221 6.431
2228 6.516
2460 4.231
2235 6.384
2242 6.608
2475 4.452
2944 2.307
2249 6.587
3873 1.367
2256 6.572
2490 4.288
2263 6.755
5745 0.612
2270 6.652
2505 4.556
9465 0.344
2277 6.8
16893 0.179
2975 2.488
31743 0.072
2284 6.887
2520 4.515
2291 6.8
2298 6.971
2535 4.576
2305 7.62
3006 2.707
2312 7.915
3936 1.387
2550 4.763
2319 8.296
2326 8.275
2333 8.211
2565 4.648
2340 8.463
3037 2.552
2347 8.427
2580 4.911
2354 8.467
2361 8.544
2595 4.832
2368 9.119
3068 2.724
2375 8.536
3999 1.44
2610 4.976
2382 8.867
2389 8.912
5872 0.695
2625 4.991
2396 9.207
2403 8.776
3099 2.804
2640 5.068
2410 8.963
2417 9.5
2655 5.288
2424 8.844
2431 9.135
3130 3.027
2438 9.235
2670 5.179
4062 1.488
2445 9.731
2452 9.172
2685 5.396
2459 9.407
3161 2.952
2466 9.915
2700 5.396
2473 9.34
2480 9.503
2715 5.587
2487 9.648
2494 10.027
3192 3.011
2730 5.46
2501 9.7
4125 1.595
2508 9.867
2745 5.736
2515 9.775
5999 0.8
2522 10.012
3223 3.143
2760 5.655
9720 0.416
2529 10.079
2536 10.615
2543 9.996
2775 5.867
2550 10.195
2557 10.344
2790 5.784
3254 3.34
2564 10.403
4188 1.768
2571 10.976
2805 6.076
2578 10.288
2585 10.588
2820 5.931
3285 3.364
2592 10.739
2599 11.052
2835 6.168
2606 10.659
2613 10.852
2850 6.28
2620 10.903
3316 3.384
4251 1.935
2865 6.387
6126 0.931
2880 6.268
3347 3.635
2895 6.559
2910 6.48
3378 3.547
4314 2.008
2925 6.704
2940 6.647
3409 3.715
2955 6.936
2970 6.867
3440 3.928
2985 7.008
4377 2.059
3000 7.152
6253 1.156
3471 3.864
3015 7.059
9975 0.507
17404 0.279
3030 7.344
3502 3.976
3045 7.283
4440 2.172
3060 7.452
3533 4.172
3075 7.491
3090 7.476
3564 4.219
3105 6.659
4503 2.259
3120 7.052
3595 4.416
6380 1.183
3135 6.508
3150 6.864
3626 4.403
3165 6.907
4566 2.536
3180 6.871
3657 4.556
3195 7.063
3210 7.488
3688 4.755
3225 7.007
4629 2.468
3240 7.28
3255 7.364
3719 4.755
6507 1.22
3270 7.871
10230 0.624
3285 7.344
3750 4.996
3300 9.
4692 2.395
3315 9.456
3781 4.936
3330 9.103
3345 9.152
3812 5.152
3360 9.327
4755 2.384
3375 9.492
3843 5.331
6634 1.287
3390 10.
3405 9.635
3874 5.28
3420 9.684
4818 2.635
3435 9.956
3905 5.495
3450 10.035
3465 10.68
3936 5.559
3480 10.003
4881 2.604
3967 5.807
6761 1.368
10485 0.731
17915 0.42
3998 5.764
32766 0.203
4944 2.659
4029 6.088
4060 6.051
5007 2.904
4091 6.292
6888 1.56
4122 6.859
5070 2.979
4153 6.464
4184 6.703
4215 6.652
7015 1.651
10740 0.844
4246 7.004
4277 7.
4308 7.268
4339 7.475
7142 1.752
4370 7.44
4401 7.751
4432 7.892
4463 7.763
7269 1.991
4494 8.179
10995 1.035
18426 0.604
4525 8.336
4556 8.355
4587 8.675
7396 2.443
4618 8.76
4649 9.376
4680 9.091
4711 9.344
7523 2.58
4742 9.996
11250 1.204
4773 9.471
4804 9.768
4835 10.128
4866 10.199
7650 2.867
4897 10.859
4928 10.387
4959 10.579
4990 10.884
7777 2.96
11505 1.76
18937 0.804
33789 0.403
63487 0.164
7904 3.296
8031 3.359
11760 1.983
8158 3.716
8285 4.164
12015 2.172
19448 1.059
8412 4.152
8539 4.316
12270 2.387
8666 4.643
8793 4.916
12525 2.623
19959 1.412
34812 0.755
8920 5.119
12780 2.832
13035 3.227
20470 1.868
13290 3.468
13545 3.931
20981 2.051
35835 1.096
65534 0.496
13800 4.556
14055 4.559
21492 2.479
14310 5.048
14565 5.372
22003 2.992
36858 1.599
14820 5.844
15075 6.308
22514 3.623
15330 7.019
15585 7.231
23025 3.96
37881 2.064
67581 1.035
126975 0.432
15840 7.956
16095 8.62
23536 4.648
16350 9.195
16605 9.931
24047 5.416
38904 2.735
16860 10.352
17115 10.944
24558 5.912
17370 11.976
17625 12.496
25069 6.396
39927 3.468
17880 13.383
25580 7.436
26091 7.939
40950 4.159
26602 8.587
27113 9.507
41973 5.163
131070 1.299
27624 11.084
28135 11.528
42996 6.231
28646 13.003
29157 13.6
44019 7.363
29668 15.22
30179 16.632
45042 8.144
30690 17.883
31201 19.072
46065 9.788
135165 2.544
253951 1.016
31712 20.04
32223 21.123
47088 11.219
32734 22.892
33245 24.3
48111 12.959
33756 25.74
34267 27.064
49134 14.108
34778 27.823
35289 30.519
50157 15.399
35800 31.015
51180 17.408
52203 18.016
53226 20.747
54249 22.584
262142 2.852
55272 23.899
56295 27.727
57318 28.728
58341 31.087
59364 34.139
60387 36.227
61410 38.18
62433 41.015
270333 5.407
507903 2.196
63456 43.992
64479 47.035
65502 49.019
66525 52.16
67548 54.456
68571 57.955
69594 61.599
70617 64.676
71640 67.051
524286 6.091
540669 11.912
1015807 4.687
1048574 11.988
1081341 23.711
2031615 9.2
2097150 25.031
2162685 46.82