1 0.195
2 0.196
3 0.196
4 0.195
5 0.199
6 0.204
7 0.211
8 0.203
9 0.208
10 0.199
11 0.204
12 0.203
13 0.203
14 0.208
15 0.203
16 0.207
17 0.208
18 0.203
19 0.211
20 0.207
21 0.208
22 0.207
23 0.211
24 0.211
25 0.204
26 0.211
27 0.207
28 0.207
29 0.211
30 0.208
31 0.204
32 0.211
33 0.207
34 0.207
35 0.208
36 0.211
37 0.211
38 0.207
39 0.216
40 0.211
41 0.211
42 0.216
43 0.211
44 0.216
45 0.215
46 0.212
47 0.211
48 0.216
49 0.216
50 0.215
51 0.22
52 0.22
53 0.216
54 0.22
55 0.216
56 0.216
57 0.216
58 0.22
59 0.224
60 0.223
61 0.216
62 0.22
63 0.216
64 0.22
65 0.216
66 0.22
67 0.22
68 0.223
69 0.224
70 0.22
71 0.223
72 0.228
73 0.219
74 0.228
75 0.219
76 0.228
77 0.223
78 0.224
79 0.22
80 0.219
81 0.228
82 0.223
83 0.232
84 0.219
85 0.22
86 0.224
87 0.227
88 0.235
89 0.224
90 0.227
91 0.224
92 0.223
93 0.244
94 0.231
95 0.231
96 0.232
97 0.235
98 0.243
99 0.244
100 0.235
101 0.235
102 0.24
103 0.235
104 0.244
105 0.243
106 0.244
107 0.235
108 0.24
109 0.24
110 0.235
111 0.251
112 0.244
113 0.251
114 0.248
115 0.24
116 0.24
117 0.251
118 0.255
119 0.252
120 0.247
121 0.244
122 0.255
123 0.252
124 0.244
125 0.235
126 0.24
127 0.248
128 0.243
129 0.244
130 0.244
131 0.244
132 0.252
133 0.247
134 0.24
135 0.24
136 0.244
137 0.255
138 0.251
139 0.252
140 0.251
141 0.244
142 0.251
143 0.244
144 0.255
145 0.251
146 0.252
147 0.247
148 0.252
149 0.247
150 0.248
151 0.251
152 0.248
153 0.264
154 0.251
155 0.264
156 0.255
157 0.255
158 0.248
159 0.251
160 0.251
161 0.252
162 0.251
163 0.255
164 0.252
165 0.247
166 0.252
167 0.255
168 0.255
169 0.251
170 0.26
171 0.255
172 0.255
173 0.255
174 0.255
175 0.252
176 0.255
177 0.259
178 0.255
179 0.255
180 0.256
181 0.259
182 0.251
183 0.259
184 0.255
185 0.259
186 0.264
187 0.268
188 0.271
189 0.272
190 0.272
191 0.275
192 0.272
193 0.264
194 0.259
195 0.264
196 0.259
197 0.275
198 0.268
199 0.275
200 0.272
201 0.268
202 0.271
203 0.264
204 0.272
205 0.267
206 0.272
207 0.271
208 0.272
209 0.264
210 0.275
211 0.272
212 0.275
213 0.264
214 0.271
215 0.276
216 0.275
217 0.272
218 0.275
219 0.268
220 0.275
221 0.276
222 0.275
223 0.268
224 0.279
225 0.271
226 0.276
227 0.271
228 0.283
229 0.272
230 0.275
231 0.279
232 0.279
233 0.276
234 0.279
235 0.279
236 0.279
237 0.276
238 0.288
239 0.272
240 0.279
241 0.283
242 0.283
243 0.276
244 0.288
245 0.276
246 0.279
247 0.283
248 0.279
249 0.283
250 0.283
251 0.279
252 0.292
253 0.275
254 0.292
255 0.279
256 0.283
257 0.288
258 0.279
259 0.288
260 0.288
261 0.283
262 0.292
263 0.283
264 0.295
265 0.28
266 0.295
267 0.275
268 0.288
269 0.276
270 0.283
271 0.275
272 0.279
273 0.268
274 0.279
275 0.279
276 0.275
277 0.272
278 0.279
279 0.283
280 0.288
281 0.275
282 0.292
283 0.275
284 0.288
285 0.275
286 0.292
287 0.279
288 0.292
289 0.276
290 0.28
291 0.283
292 0.288
293 0.291
294 0.283
295 0.292
296 0.288
297 0.275
298 0.292
299 0.279
300 0.283
301 0.279
302 0.292
303 0.292
304 0.283
305 0.279
306 0.292
307 0.288
308 0.283
309 0.288
310 0.291
311 0.283
312 0.292
313 0.283
314 0.283
315 0.288
316 0.299
317 0.288
318 0.296
319 0.299
320 0.288
321 0.296
322 0.295
323 0.312
324 0.292
325 0.299
326 0.296
327 0.299
328 0.292
329 0.3
330 0.316
331 0.312
332 0.292
333 0.307
334 0.292
335 0.319
336 0.292
337 0.296
338 0.295
339 0.307
340 0.3
341 0.291
342 0.296
343 0.299
344 0.307
345 0.307
346 0.307
347 0.296
348 0.299
349 0.3
350 0.299
351 0.299
352 0.312
353 0.307
354 0.312
355 0.3
356 0.303
357 0.303
358 0.307
359 0.303
360 0.32
361 0.303
362 0.312
363 0.307
364 0.316
365 0.299
366 0.296
367 0.3
368 0.303
369 0.303
370 0.307
371 0.307
372 0.307
373 0.312
374 0.307
375 0.312
376 0.32
377 0.315
378 0.312
379 0.312
380 0.311
381 0.32
382 0.307
383 0.312
384 0.307
385 0.307
386 0.307
387 0.307
388 0.307
389 0.307
390 0.312
391 0.307
392 0.312
393 0.303
394 0.316
395 0.319
396 0.32
397 0.315
398 0.312
399 0.316
400 0.303
401 0.316
402 0.312
403 0.311
404 0.312
405 0.323
406 0.316
407 0.32
408 0.315
409 0.312
410 0.316
411 0.319
412 0.328
413 0.316
414 0.323
415 0.312
416 0.32
417 0.323
418 0.324
419 0.323
420 0.323
421 0.312
422 0.316
423 0.323
424 0.323
425 0.316
426 0.316
427 0.327
428 0.323
429 0.327
430 0.316
431 0.327
432 0.323
433 0.324
434 0.315
435 0.324
436 0.331
437 0.315
438 0.324
439 0.319
440 0.336
441 0.32
442 0.331
443 0.331
444 0.319
445 0.336
446 0.327
447 0.324
448 0.331
449 0.327
450 0.324
451 0.335
452 0.331
453 0.324
454 0.336
455 0.331
456 0.327
457 0.331
458 0.336
459 0.327
460 0.34
461 0.323
462 0.331
463 0.336
464 0.331
465 0.336
466 0.319
467 0.336
468 0.331
469 0.331
470 0.34
471 0.336
472 0.339
473 0.328
474 0.348
475 0.331
476 0.347
477 0.352
478 0.339
479 0.355
480 0.34
481 0.36
482 0.347
483 0.364
484 0.344
485 0.355
486 0.34
487 0.347
488 0.34
489 0.351
490 0.34
491 0.343
492 0.344
493 0.335
494 0.344
495 0.34
496 0.355
497 0.343
498 0.355
499 0.34
500 0.34
501 0.348
502 0.343
503 0.355
504 0.344
505 0.343
506 0.34
507 0.347
508 0.355
509 0.344
510 0.343
511 0.352
512 0.347
513 0.347
514 0.352
515 0.347
516 0.347
517 0.352
518 0.343
519 0.347
520 0.347
521 0.355
522 0.347
523 0.351
524 0.347
525 0.339
526 0.355
527 0.344
528 0.347
529 0.355
530 0.351
531 0.355
532 0.347
533 0.36
534 0.347
535 0.355
536 0.348
537 0.355
538 0.355
539 0.355
540 0.351
541 0.359
542 0.355
543 0.355
544 0.355
545 0.352
546 0.359
547 0.355
548 0.355
549 0.359
550 0.355
551 0.348
552 0.36
553 0.351
554 0.363
555 0.36
556 0.364
557 0.355
558 0.355
559 0.355
560 0.355
561 0.352
562 0.364
563 0.359
564 0.364
565 0.355
566 0.364
567 0.359
568 0.364
569 0.367
570 0.364
571 0.364
572 0.367
573 0.367
574 0.368
575 0.367
576 0.364
577 0.364
578 0.359
579 0.355
580 0.359
581 0.372
582 0.359
583 0.368
584 0.367
585 0.364
586 0.367
587 0.364
588 0.367
589 0.364
590 0.363
591 0.372
592 0.363
593 0.367
594 0.367
595 0.359
596 0.372
597 0.367
598 0.379
599 0.379
600 0.38
601 0.387
602 0.379
603 0.384
604 0.387
605 0.384
606 0.387
607 0.379
608 0.375
609 0.379
610 0.372
611 0.375
612 0.38
613 0.384
614 0.375
615 0.375
616 0.384
617 0.384
618 0.375
619 0.375
620 0.375
621 0.384
622 0.379
623 0.379
624 0.388
625 0.375
626 0.384
627 0.384
628 0.379
629 0.392
630 0.375
631 0.384
632 0.387
633 0.38
634 0.387
635 0.375
636 0.387
637 0.388
638 0.379
639 0.375
640 0.379
641 0.384
642 0.388
643 0.375
644 0.388
645 0.384
646 0.379
647 0.384
648 0.384
649 0.388
650 0.384
651 0.384
652 0.391
653 0.379
654 0.38
655 0.391
656 0.376
657 0.38
658 0.387
659 0.38
660 0.384
661 0.387
662 0.388
663 0.387
664 0.395
665 0.387
666 0.387
667 0.392
668 0.387
669 0.392
670 0.387
671 0.387
672 0.391
673 0.392
674 0.388
675 0.387
676 0.391
677 0.379
678 0.392
679 0.392
680 0.387
681 0.395
682 0.384
683 0.399
684 0.392
685 0.388
686 0.395
687 0.384
688 0.392
689 0.388
690 0.387
691 0.392
692 0.387
693 0.392
694 0.387
695 0.392
696 0.395
697 0.395
698 0.395
699 0.395
700 0.395
701 0.399
702 0.395
703 0.415
704 0.399
705 0.407
706 0.407
707 0.412
708 0.407
709 0.407
710 0.423
711 0.4
712 0.42
713 0.407
714 0.4
715 0.412
716 0.408
717 0.403
718 0.407
719 0.4
720 0.412
721 0.403
722 0.403
723 0.408
724 0.403
725 0.403
726 0.403
727 0.403
728 0.403
729 0.403
730 0.412
731 0.403
732 0.407
733 0.416
734 0.4
735 0.407
736 0.412
737 0.408
738 0.407
739 0.415
740 0.4
741 0.412
742 0.408
743 0.403
744 0.407
745 0.408
746 0.399
747 0.412
748 0.408
749 0.415
750 0.407
751 0.407
752 0.404
753 0.407
754 0.412
755 0.412
756 0.412
757 0.408
758 0.412
759 0.412
760 0.411
761 0.407
762 0.407
763 0.412
764 0.407
765 0.416
766 0.42
767 0.408
768 0.415
769 0.415
770 0.407
771 0.412
772 0.411
773 0.416
774 0.415
775 0.412
776 0.415
777 0.416
778 0.415
779 0.416
780 0.411
781 0.407
782 0.415
783 0.415
784 0.42
785 0.42
786 0.42
787 0.427
788 0.42
789 0.416
790 0.423
791 0.423
792 0.435
793 0.444
794 0.439
795 0.436
796 0.44
797 0.432
798 0.428
799 0.44
800 0.435
801 0.435
802 0.455
803 0.448
804 0.444
805 0.448
806 0.443
807 0.451
808 0.463
809 0.451
810 0.455
811 0.451
812 0.439
813 0.435
814 0.447
815 0.443
816 0.44
817 0.455
818 0.448
819 0.439
820 0.443
821 0.443
822 0.444
823 0.447
824 0.443
825 0.44
826 0.455
827 0.436
828 0.448
829 0.447
830 0.443
831 0.44
832 0.451
833 0.443
834 0.451
835 0.443
836 0.44
837 0.459
838 0.443
839 0.443
840 0.451
841 0.447
842 0.447
843 0.447
844 0.447
845 0.447
846 0.448
847 0.448
848 0.451
849 0.455
850 0.448
851 0.46
852 0.448
853 0.448
854 0.455
855 0.443
856 0.451
857 0.455
858 0.456
859 0.451
860 0.448
861 0.451
862 0.46
863 0.447
864 0.447
865 0.451
866 0.451
867 0.451
868 0.456
869 0.455
870 0.451
871 0.456
872 0.448
873 0.456
874 0.455
875 0.455
876 0.451
877 0.456
878 0.455
879 0.455
880 0.456
881 0.456
882 0.46
883 0.468
884 0.451
885 0.463
886 0.455
887 0.456
888 0.467
889 0.456
890 0.463
891 0.46
892 0.46
893 0.451
894 0.463
895 0.456
896 0.467
897 0.476
898 0.471
899 0.463
900 0.488
901 0.46
902 0.491
903 0.471
904 0.496
905 0.468
906 0.48
907 0.464
908 0.475
909 0.463
910 0.471
911 0.46
912 0.467
913 0.468
914 0.471
915 0.476
916 0.464
917 0.476
918 0.463
919 0.471
920 0.471
921 0.468
922 0.471
923 0.463
924 0.471
925 0.48
926 0.463
927 0.471
928 0.471
929 0.471
930 0.488
931 0.467
932 0.475
933 0.48
934 0.471
935 0.476
936 0.476
937 0.471
938 0.476
939 0.48
940 0.476
941 0.468
942 0.471
943 0.48
944 0.468
945 0.471
946 0.48
947 0.48
948 0.463
949 0.48
950 0.48
951 0.471
952 0.475
953 0.475
954 0.48
955 0.487
956 0.471
957 0.475
958 0.48
959 0.48
960 0.476
961 0.479
962 0.48
963 0.475
964 0.483
965 0.48
966 0.471
967 0.48
968 0.48
969 0.48
970 0.488
971 0.48
972 0.471
973 0.484
974 0.476
975 0.488
976 0.488
977 0.48
978 0.491
979 0.471
980 0.471
981 0.488
982 0.483
983 0.48
984 0.508
985 0.5
986 0.503
987 0.491
988 0.516
989 0.504
990 0.491
991 0.491
992 0.491
993 0.492
994 0.496
995 0.491
996 0.491
997 0.491
998 0.491
999 0.495
1000 0.488