2 0.
3 0.
5 0.
7 0.
9 0.
11 0.028
13 0.
15 0.
17 0.
19 0.
21 0.004
23 0.
25 0.003
27 0.
29 0.004
31 0.
33 0.
35 0.004
37 0.
39 0.
41 0.004
43 0.004
45 0.004
47 0.004
49 0.076
51 0.004
53 0.004
55 0.004
57 0.004
59 0.004
61 0.004
63 0.004
65 0.004
67 0.008
69 0.004
71 0.004
73 0.004
75 0.004
77 0.004
79 0.008
81 0.008
83 0.003
85 0.004
87 0.004
89 0.008
91 0.008
93 0.008
95 0.004
97 0.008
99 0.008
101 0.008
103 0.008
105 0.008
107 0.012
109 0.012
111 0.012
113 0.012
115 0.012
117 0.012
119 0.012
121 0.011
123 0.012
125 0.012
127 0.012
129 0.012
131 0.016
133 0.012
135 0.012
137 0.012
139 0.012
141 0.016
143 0.012
145 0.016
147 0.016
149 0.016
151 0.016
153 0.02
155 0.02
157 0.02
159 0.024
161 0.019
163 0.016
165 0.02
167 0.024
169 0.02
171 0.024
173 0.023
175 0.024
177 0.024
179 0.02
181 0.028
183 0.024
185 0.024
187 0.032
189 0.028
191 0.024
193 0.024
195 0.028
197 0.028
199 0.032
201 0.028
203 0.028
205 0.027
207 0.028
209 0.032
211 0.032
213 0.028
215 0.032
217 0.032
219 0.032
221 0.036
223 0.04
225 0.036
227 0.032
229 0.036
231 0.036
233 0.04
235 0.035
237 0.044
239 0.04
241 0.044
243 0.04
245 0.048
247 0.04
249 0.048
251 0.044
253 0.048
255 0.044
257 0.048
259 0.048
261 0.048
263 0.048
265 0.048
267 0.052
269 0.048
271 0.056
273 0.048
275 0.052
277 0.056
279 0.06
281 0.052
283 0.056
285 0.067
287 0.056
289 0.06
291 0.064
293 0.059
295 0.067
297 0.059
299 0.06
301 0.072
303 0.067
305 0.067
307 0.064
309 0.08
311 0.064
313 0.067
315 0.072
317 0.076
319 0.076
321 0.072
323 0.067
325 0.084
327 0.076
329 0.084
331 0.08
333 0.072
335 0.072
337 0.08
339 0.091
341 0.083
343 0.08
345 0.08
347 0.08
349 0.08
351 0.08
353 0.08
355 0.08
357 0.084
359 0.08
361 0.08
363 0.08
365 0.083
367 0.084
369 0.083
371 0.087
373 0.088
375 0.088
377 0.092
379 0.096
381 0.1
383 0.104
385 0.108
387 0.104
389 0.099
391 0.092
393 0.096
395 0.104
397 0.115
399 0.112
401 0.112
403 0.132
405 0.135
407 0.116
409 0.104
411 0.135
413 0.127
415 0.124
417 0.108
419 0.144
421 0.14
423 0.115
425 0.131
427 0.12
429 0.108
431 0.128
433 0.14
435 0.115
437 0.131
439 0.131
441 0.128
443 0.14
445 0.119
447 0.131
449 0.124
451 0.247
453 0.184
455 0.175
457 0.152
459 0.159
461 0.152
463 0.164
465 0.159
467 0.164
469 0.16
471 0.195
473 0.168
475 0.192
477 0.163
479 0.172
481 0.184
483 0.187
485 0.164
487 0.152
489 0.163
491 0.171
493 0.16
495 0.164
497 0.163
499 0.164
501 0.156
503 0.171
505 0.184
507 0.203
509 0.191
511 0.208
513 0.192
515 0.2
517 0.191
519 0.172
521 0.18
523 0.191
525 0.2
527 0.208
529 0.191
531 0.176
533 0.188
535 0.187
537 0.204
539 0.232
541 0.227
543 0.227
545 0.227
547 0.224
549 0.211
551 0.211
553 0.204
555 0.204
557 0.199
559 0.227
561 0.216
563 0.211
565 0.24
567 0.256
569 0.243
571 0.248
573 0.227
575 0.227
577 0.227
579 0.227
581 0.224
583 0.252
585 0.236
587 0.224
589 0.256
591 0.271
593 0.279
595 0.247
597 0.272
599 0.235
601 0.256
603 0.256
605 0.251
607 0.247
609 0.251
611 0.248
613 0.275
615 0.295
617 0.288
619 0.288
621 0.251
623 0.284
625 0.279
627 0.263
629 0.271
631 0.275
633 0.283
635 0.327
637 0.304
639 0.307
641 0.275
643 0.272
645 0.292
647 0.291
649 0.292
651 0.299
653 0.371
655 0.332
657 0.32
659 0.288
661 0.304
663 0.3
665 0.283
667 0.3
669 0.344
671 0.352
673 0.347
675 0.312
677 0.323
679 0.324
681 0.323
683 0.332
685 0.364
687 0.352
689 0.352
691 0.327
693 0.339
695 0.343
697 0.323
699 0.344
701 0.379
703 0.387
705 0.339
707 0.364
709 0.344
711 0.347
713 0.359
715 0.412
717 0.396
719 0.347
721 0.368
723 0.359
725 0.347
727 0.351
729 0.432
731 0.423
733 0.376
735 0.395
737 0.363
739 0.371
741 0.408
743 0.427
745 0.396
747 0.392
749 0.384
751 0.384
753 0.399
755 0.455
757 0.456
759 0.38
761 0.403
763 0.384
765 0.415
767 0.479
769 0.439
771 0.416
773 0.411
775 0.42
777 0.456
779 0.472
781 0.419
783 0.432
785 0.423
787 0.42
789 0.5
791 0.476
793 0.443
795 0.444
797 0.444
799 0.515
801 0.504
803 0.439
805 0.444
807 0.44
809 0.519
811 0.48
813 0.456
815 0.484
817 0.484
819 0.547
821 0.468
823 0.475
825 0.463
827 0.491
829 0.555
831 0.488
833 0.471
835 0.495
837 0.487
839 0.56
841 0.503
843 0.495
845 0.495
847 0.531
849 0.564
851 0.479
853 0.524
855 0.519
857 0.516
859 0.599
861 0.5
863 0.524
865 0.507
867 0.548
869 0.619
871 0.531
873 0.52
875 0.52
877 0.595
879 0.564
881 0.552
883 0.548
885 0.611
887 0.628
889 0.528
891 0.548
893 0.552
895 0.635
897 0.543
899 0.56
901 0.556
903 0.631
905 0.624
907 0.56
909 0.567
911 0.591
913 0.652
915 0.575
917 0.596
919 0.584
921 0.664
923 0.591
925 0.596
927 0.579
929 0.688
931 0.62
933 0.603
935 0.603
937 0.703
939 0.611
941 0.623
943 0.62
945 0.708
947 0.635
949 0.619
951 0.688
953 0.679
955 0.628
957 0.62
959 0.715
961 0.659
963 0.655
965 0.64
967 0.743
969 0.643
971 0.656
973 0.736
975 0.695
977 0.667
979 0.659
981 0.76
983 0.655
985 0.664
987 0.748
989 0.716
991 0.671
993 0.684
995 0.788
997 0.676
999 0.683
1001 0.775
1003 0.74
1005 0.696
1007 0.735
1009 0.788
1011 0.707
1013 0.728
1015 0.832
1017 0.704
1019 0.703
1021 0.804
1023 0.739
1025 0.743
1027 0.811
1029 0.743
1031 0.743
1033 0.764
1035 0.816
1037 0.768
1039 0.736
1041 0.864
1043 0.751
1045 0.739
1047 0.864
1049 0.78
1051 0.804
1053 0.848
1055 0.78
1057 0.804
1059 0.831
1061 0.807
1063 0.804
1065 0.848
1067 0.783
1069 0.811
1071 0.876
1073 0.804
1075 0.831
1077 0.864
1079 0.804
1081 0.864
1083 0.867
1085 0.828
1087 0.912
1089 0.832
1091 0.816
1093 0.936
1095 0.852
1097 0.843
1099 0.903
1101 0.867
1103 0.86
1105 0.951
1107 0.847
1109 0.84
1111 0.984
1113 0.86
1115 0.907
1117 0.919
1119 0.856
1121 0.895
1123 0.939
1125 0.888
1127 0.9
1129 0.959
1131 0.896
1133 0.972
1135 0.939
1137 0.88
1139 0.996
1141 0.903
1143 0.927
1145 1.015
1147 0.92
1149 0.984
1151 0.951
1153 0.911
1155 1.06
1157 0.903
1159 0.931
1161 1.024
1163 0.96
1165 1.035
1167 0.939
1169 0.936
1171 1.063
1173 0.975
1175 1.012
1177 1.003
1179 0.96
1181 1.092
1183 0.963
1185 0.996
1187 1.032
1189 0.975
1191 1.084
1193 1.008
1195 0.996
1197 1.068
1199 0.992
1201 1.115
1203 1.015
1205 1.036
1207 1.072
1209 1.036
1211 1.132
1213 1.015
1215 1.107
1217 1.048
1219 1.039
1221 1.14
1223 1.032
1225 1.14
1227 1.072
1229 1.079
1231 1.1
1233 1.032
1235 1.187
1237 1.068
1239 1.156
1241 1.075
1243 1.159
1245 1.108
1247 1.063
1249 1.18
1251 1.075
1253 1.199
1255 1.099
1257 1.175
1259 1.092
1261 1.212
1263 1.12
1265 1.115
1267 1.171
1269 1.127
1271 1.223
1273 1.128
1275 1.235
1277 1.123
1279 1.167
1281 1.18
1283 1.144
1285 1.228
1287 1.168
1289 1.247
1291 1.163
1293 1.299
1295 1.18
1297 1.243
1299 1.168
1301 1.268
1303 1.156
1305 1.28
1307 1.196
1309 1.291
1311 1.192
1313 1.303
1315 1.187
1317 1.327
1319 1.187
1321 1.3
1323 1.232
1325 1.315
1327 1.187
1329 1.331
1331 1.244
1333 1.332
1335 1.255
1337 1.324
1339 1.235
1341 1.364
1343 1.296
1345 1.304
1347 1.284
1349 1.307
1351 1.279
1353 1.36
1355 1.268
1357 1.328
1359 1.312
1361 1.336
1363 1.288
1365 1.355
1367 1.384
1369 1.383
1371 1.408
1373 1.3
1375 1.439
1377 1.303
1379 1.403
1381 1.372
1383 1.72
1385 1.272
1387 1.444
1389 1.347
1391 1.415
1393 1.427
1395 1.376
1397 1.387
1399 1.415
1401 1.36
1403 1.447
1405 1.384
1407 1.468
1409 1.415
1411 1.391
1413 1.379
1415 1.475
1417 1.408
1419 1.444
1421 1.424
1423 1.463
1425 1.459
1427 1.468
1429 1.503
1431 1.456
1433 1.552
1435 1.451
1437 1.552
1439 1.431
1441 1.539
1443 1.439
1445 1.536
1447 1.5
1449 1.487
1451 1.555
1453 1.504
1455 1.587
1457 1.492
1459 1.596
1461 1.471
1463 1.575
1465 1.572
1467 1.52
1469 1.548
1471 1.56
1473 1.64
1475 1.487
1477 1.635
1479 1.531
1481 1.591
1483 1.624
1485 1.576
1487 1.639
1489 1.544
1491 1.639
1493 1.611
1495 1.608
1497 1.663
1499 1.544
1501 1.668
1503 1.6
1505 1.632
1507 1.68
1509 1.555
1511 1.683
1513 1.636
1515 1.668
1517 1.675
1519 1.611
1521 1.692
1523 1.644
1525 1.696
1527 1.728
1529 1.608
1531 1.732
1533 1.696
1535 1.696
1537 1.772
1539 1.648
1541 1.744
1543 1.775
1545 1.612
1547 1.771
1549 1.72
1551 1.712
1553 1.787
1555 1.688
1557 1.78
1559 1.816
1561 1.724
1563 1.788
1565 1.8
1567 1.672
1569 1.824
1571 1.795
1573 1.731
1575 1.839
1577 1.807
1579 1.767
1581 1.831
1583 1.824
1585 1.78
1587 1.843
1589 1.855
1591 1.776
1593 1.839
1595 1.847
1597 1.824
1599 1.863
1601 1.884
1603 1.803
1605 1.927
1607 1.92
1609 1.792
1611 1.896
1613 1.932
1615 1.807
1617 1.951
1619 1.903
1621 1.92
1623 1.864
1625 1.924
1627 1.98
1629 1.839
1631 1.967
1633 1.956
1635 1.912
1637 1.92
1639 1.991
1641 2.012
1643 1.924
1645 1.94
1647 2.019
1649 1.983
1651 1.927
1653 2.
1655 1.991
1657 2.024
1659 1.927
1661 2.004
1663 2.051
1665 1.956
1667 2.012
1669 2.015
1671 2.075
1673 2.024
1675 1.987
1677 2.056
1679 2.028
1681 2.
1683 2.039
1685 2.072
1687 2.12
1689 2.048
1691 2.039
1693 2.072
1695 2.107
1697 2.024
1699 2.076
1701 2.115
1703 2.083
1705 2.067
1707 2.076
1709 2.123
1711 2.168
1713 2.1
1715 2.12
1717 2.128
1719 2.171
1721 2.159
1723 2.447
1725 2.076
1727 2.183
1729 2.187
1731 2.128
1733 2.16
1735 2.163
1737 2.224
1739 2.131
1741 2.139
1743 2.224
1745 2.207
1747 2.183
1749 2.175
1751 2.231
1753 2.235
1755 2.195
1757 2.192
1759 2.251
1761 2.292
1763 2.207
1765 2.203
1767 2.259
1769 2.292
1771 2.235
1773 2.224
1775 2.279
1777 2.336
1779 2.243
1781 2.24
1783 2.295
1785 2.292
1787 2.323
1789 2.231
1791 2.307
1793 2.327
1795 2.323
1797 2.268
1799 2.327
1801 2.367
1803 2.344
1805 2.299
1807 2.336
1809 2.388
1811 2.384
1813 2.439
1815 2.316
1817 2.375
1819 2.391
1821 2.379
1823 2.436
1825 2.34
1827 2.427
1829 2.375
1831 2.456
1833 2.439
1835 2.399
1837 2.391
1839 2.44
1841 2.451
1843 2.475
1845 2.436
1847 2.408
1849 2.432
1851 2.467
1853 2.463
1855 2.508
1857 2.511
1859 2.451
1861 2.467
1863 2.495
1865 2.508
1867 2.5
1869 2.543
1871 2.495
1873 2.516
1875 2.516
1877 2.551
1879 2.5
1881 2.556
1883 2.563
1885 2.576
1887 2.552
1889 2.567
1891 2.527
1893 2.56
1895 2.567
1897 2.615
1899 2.631
1901 2.644
1903 2.6
1905 2.62
1907 2.615
1909 2.644
1911 2.583
1913 2.68
1915 2.608
1917 2.644
1919 2.639
1921 2.656
1923 2.676
1925 2.668
1927 3.079
1929 2.495
1931 2.716
1933 2.668
1935 2.648
1937 2.672
1939 2.72
1941 2.735
1943 2.659
1945 2.663
1947 2.668
1949 2.716
1951 2.711
1953 2.735
1955 2.776
1957 2.716
1959 2.727
1961 2.672
1963 2.78
1965 2.688
1967 2.836
1969 2.772
1971 2.823
1973 2.795
1975 2.792
1977 2.747
1979 2.735
1981 2.812
1983 2.807
1985 2.823
1987 2.816
1989 2.86
1991 2.879
1993 2.903
1995 2.851
1997 2.84
1999 2.843
2001 2.823
2003 2.864
2005 2.867
2007 2.847
2009 2.908
2011 2.868
2013 2.879
2015 2.932
2017 2.919
2019 2.951
2021 2.951
2023 2.899
2025 2.956
2027 2.912
2029 2.884
2031 2.903
2033 2.927
2035 2.947
2037 2.968
2039 2.975
2041 2.936
2043 2.971
2045 3.011
2047 2.987
2049 2.967
2051 3.028
2053 2.995
2055 3.059
2057 3.008
2059 3.003
2061 3.071
2063 3.024
2065 3.083
2067 3.091
2069 3.048
2071 3.079
2073 3.048
2075 3.107
2077 3.056
2079 3.144
2081 3.079
2083 3.084
2085 3.135
2087 3.119
2089 3.111
2091 3.132
2093 3.156
2095 3.127
2097 3.175
2099 3.204
2101 3.135
2103 3.183
2105 3.163
2107 3.18
2109 3.203
2111 3.199
2113 3.227
2115 3.22
2117 3.248
2119 3.228
2121 3.268
2123 3.248
2125 3.231
2127 3.259
2129 3.283
2131 3.247
2133 3.271
2135 3.268
2137 3.319
2139 3.24
2141 3.331
2143 3.288
2145 3.279
2147 3.339
2149 3.307
2151 3.324
2153 3.316
2155 3.38
2157 3.347
2159 3.312
2161 3.36
2163 3.343
2165 3.392
2167 3.4
2169 3.375
2171 3.392
2173 3.352
2175 3.408
2177 3.4
2179 3.384
2181 3.387
2183 3.423
2185 3.428
2187 3.412
2189 3.387
2191 3.468
2193 3.451
2195 3.456
2197 3.496
2199 3.455
2201 3.48
2203 3.496
2205 3.484
2207 3.551
2209 3.48
2211 3.508
2213 4.008
2215 3.391
2217 3.519
2219 3.524
2221 3.508
2223 3.536
2225 3.528
2227 3.523
2229 3.515
2231 3.503
2233 3.567
2235 3.552
2237 3.532
2239 3.551
2241 3.563
2243 3.564
2245 3.604
2247 3.596
2249 3.604
2251 3.592
2253 3.612
2255 3.652
2257 3.624
2259 3.615
2261 3.615
2263 3.628
2265 3.675
2267 3.639
2269 3.656
2271 3.683
2273 3.692
2275 3.667
2277 3.715
2279 3.751
2281 3.66
2283 3.7
2285 3.736
2287 3.768
2289 3.711
2291 3.7
2293 3.768
2295 3.779
2297 3.72
2299 3.768
2301 3.823
2303 3.724
2305 3.816
2307 3.796
2309 3.792
2311 3.804
2313 3.812
2315 3.779
2317 3.839
2319 3.847
2321 3.827
2323 3.852
2325 3.9
2327 3.844
2329 3.884
2331 3.871
2333 3.855
2335 3.927
2337 3.903
2339 3.907
2341 3.907
2343 3.928
2345 3.887
2347 3.963
2349 3.943
2351 3.947
2353 3.935
2355 3.98
2357 3.963
2359 3.971
2361 4.031
2363 3.98
2365 4.008
2367 4.039
2369 4.023
2371 4.016
2373 4.019
2375 4.004
2377 4.003
2379 4.023
2381 4.036
2383 3.98
2385 4.043
2387 4.059
2389 4.008
2391 4.052
2393 4.059
2395 4.015
2397 4.139
2399 4.071
2401 4.056
2403 4.076
2405 4.107
2407 4.092
2409 4.112
2411 4.076
2413 4.131
2415 4.127
2417 4.124
2419 4.139
2421 4.123
2423 4.135
2425 4.183
2427 4.163
2429 4.159
2431 4.192
2433 4.216
2435 4.216
2437 4.215
2439 4.243
2441 4.187
2443 4.291
2445 4.259
2447 4.268
2449 4.256
2451 4.284
2453 4.276
2455 4.304
2457 4.3
2459 4.323
2461 4.324
2463 4.307
2465 4.332
2467 4.36
2469 4.331
2471 4.348
2473 4.368
2475 4.383
2477 4.348
2479 4.384
2481 4.395
2483 4.42
2485 4.384
2487 4.423
2489 4.419
2491 4.4
2493 4.423
2495 4.476
2497 4.467
2499 4.432
2501 4.46
2503 4.483
2505 4.503
2507 4.476
2509 4.451
2511 4.512
2513 4.451
2515 4.46
2517 4.579
2519 4.548
2521 4.463
2523 4.471
2525 4.563
2527 4.539
2529 4.528
2531 4.511
2533 4.648
2535 4.519
2537 4.5
2539 4.544
2541 4.6
2543 4.624
2545 4.572
2547 4.531
2549 4.596
2551 4.575
2553 4.655
2555 4.576
2557 4.615
2559 4.667
2561 4.64
2563 5.14
2565 4.624
2567 4.647
2569 4.604
2571 4.708
2573 4.66
2575 4.655
2577 4.668
2579 4.636
2581 4.676
2583 4.711
2585 4.695
2587 4.739
2589 4.719
2591 4.768
2593 4.715
2595 4.776
2597 4.768
2599 4.812
2601 4.827
2603 4.844
2605 4.743
2607 4.768
2609 4.764
2611 4.804
2613 4.74
2615 4.84
2617 4.835
2619 4.88
2621 4.771
2623 4.795
2625 4.879
2627 4.919
2629 4.855
2631 4.88
2633 4.867
2635 4.98
2637 4.884
2639 4.779
2641 4.975
2643 4.923
2645 4.9
2647 4.916
2649 4.896
2651 5.088
2653 4.903
2655 4.891
2657 4.956
2659 4.947
2661 5.011
2663 5.031
2665 4.947
2667 5.091
2669 5.011
2671 4.98
2673 5.016
2675 5.099
2677 5.
2679 5.076
2681 5.039
2683 5.083
2685 4.98
2687 5.099
2689 5.088
2691 5.1
2693 5.092
2695 5.144
2697 5.219
2699 5.039
2701 5.092
2703 5.143
2705 5.148
2707 5.231
2709 5.172
2711 5.119
2713 5.135
2715 5.216
2717 5.192
2719 5.303
2721 5.247
2723 5.155
2725 5.28
2727 5.224
2729 5.208
2731 5.384
2733 5.152
2735 5.271
2737 5.315
2739 5.292
2741 5.367
2743 5.268
2745 5.235
2747 5.32
2749 5.291
2751 5.303
2753 5.46
2755 5.315
2757 5.36
2759 5.351
2761 5.344
2763 5.44
2765 5.372
2767 5.356
2769 5.403
2771 5.423
2773 5.56
2775 5.335
2777 5.391
2779 5.4
2781 5.468
2783 5.599
2785 5.411
2787 5.452
2789 5.48
2791 5.891
2793 5.544
2795 5.483
2797 5.543
2799 5.539
2801 5.471
2803 5.515
2805 5.483
2807 5.584
2809 5.583
2811 5.431
2813 5.539
2815 5.655
2817 5.539
2819 5.567
2821 5.7
2823 5.552
2825 5.587
2827 5.639
2829 5.655
2831 5.643
2833 5.599
2835 5.731
2837 5.659
2839 5.648
2841 5.684
2843 5.664
2845 5.748
2847 5.692
2849 5.695
2851 5.771
2853 5.708
2855 5.748
2857 5.84
2859 5.659
2861 5.764
2863 5.844
2865 5.867
2867 5.875
2869 5.855
2871 5.727
2873 5.835
2875 5.875
2877 5.815
2879 6.044
2881 5.788
2883 5.816
2885 5.88
2887 5.875
2889 6.056
2891 5.84
2893 5.871
2895 5.92
2897 5.872
2899 6.056
2901 5.86
2903 5.976
2905 5.996
2907 5.963
2909 6.096
2911 5.931
2913 5.923
2915 5.956
2917 5.988
2919 6.148
2921 5.939
2923 6.036
2925 6.016
2927 6.172
2929 6.052
2931 5.992
2933 6.083
2935 6.079
2937 6.164
2939 6.047
2941 6.112
2943 6.135
2945 6.276
2947 6.079
2949 6.139
2951 6.168
2953 6.407
2955 6.223
2957 6.248
2959 6.284
2961 6.396
2963 6.304
2965 6.251
2967 6.372
2969 6.996
2971 6.22
2973 6.376
2975 6.452
2977 6.407
2979 6.327
2981 6.364
2983 6.48
2985 6.464
2987 6.384
2989 6.392
2991 6.567
2993 6.395
2995 6.384
2997 6.392
2999 6.624
3001 6.403
3003 6.48
3005 6.456
3007 6.668
3009 6.391
3011 6.536
3013 6.551
3015 6.584
3017 6.576
3019 6.544
3021 7.387
3023 6.432
3025 6.599
3027 6.719
3029 6.495
3031 6.623
3033 6.683
3035 6.62
3037 6.599
3039 6.635
3041 6.804
3043 6.584
3045 6.672
3047 6.796
3049 6.639
3051 6.728
3053 6.844
3055 6.731
3057 6.719
3059 6.851
3061 6.764
3063 6.76
3065 6.884
3067 6.711
3069 6.792
3071 6.884
3073 6.792
3075 6.804
3077 7.039
3079 6.824
3081 6.799
3083 7.675
3085 6.64
3087 6.815
3089 7.711
3091 6.692
3093 6.884
3095 7.739
3097 6.668
3099 6.915
3101 7.763
3103 6.719
3105 6.92
3107 7.743
3109 6.724
3111 6.92
3113 7.78
3115 6.751
3117 6.967
3119 7.799
3121 6.804
3123 7.008
3125 7.864
3127 6.811
3129 7.028
3131 7.884
3133 6.868
3135 7.063
3137 7.92
3139 6.884
3141 7.228
3143 7.155
3145 7.139
3147 7.96
3149 6.903
3151 7.092
3153 7.976
3155 7.
3157 7.231
3159 7.947
3161 7.036
3163 7.319
3165 7.219
3167 7.196
3169 8.076
3171 7.
3173 7.251
3175 8.019
3177 7.111
3179 7.419
3181 7.235
3183 7.235
3185 8.14
3187 7.076
3189 7.347
3191 7.391
3193 7.295
3195 8.228
3197 7.167
3199 7.387
3201 8.144
3203 7.235
3205 8.259
3207 7.184
3209 7.4
3211 8.128
3213 7.24
3215 8.315
3217 7.211
3219 7.496
3221 8.187
3223 7.331
3225 8.319
3227 7.275
3229 7.488
3231 8.28
3233 7.336
3235 8.34
3237 7.384
3239 7.584
3241 7.588
3243 7.5
3245 8.355
3247 7.403
3249 8.427
3251 7.46
3253 7.707
3255 7.676
3257 7.679
3259 8.271
3261 7.619
3263 8.395
3265 7.539
3267 8.516
3269 7.56
3271 7.844
3273 7.703
3275 7.824
3277 7.787
3279 7.819
3281 7.768
3283 7.852
3285 7.779
3287 7.828
3289 8.395
3291 7.779
3293 8.663
3295 7.475
3297 7.744
3299 8.583
3301 7.7
3303 7.987
3305 7.768
3307 7.796
3309 8.771
3311 7.632
3313 7.8
3315 8.699
3317 7.623
3319 7.923
3321 7.931
3323 7.872
3325 8.815
3327 7.736
3329 7.983
3331 7.967
3333 7.952
3335 8.948
3337 7.703
3339 8.047
3341 8.759
3343 7.863
3345 8.996
3347 7.78
3349 8.019
3351 8.951
3353 7.891
3355 8.307
3357 8.012
3359 8.152
3361 8.859
3363 7.987
3365 8.992
3367 7.944
3369 8.264
3371 8.771
3373 8.091
3375 9.115
3377 7.98
3379 8.284
3381 8.188
3383 8.207
3385 9.071
3387 8.115
3389 8.42
3391 8.163
3393 8.364
3395 8.264
3397 8.252
3399 9.115
3401 8.115
3403 9.244
3405 8.032
3407 8.332
3409 9.087
3411 8.212
3413 9.224
3415 8.224
3417 8.583
3419 8.279
3421 8.439
3423 8.367
3425 8.412
3427 9.275
3429 8.24
3431 9.34
3433 8.167
3435 8.52
3437 8.46
3439 8.524
3441 9.172
3443 8.427
3445 9.384
3447 8.316
3449 9.427
3451 8.315
3453 8.744
3455 8.6
3457 8.511
3459 9.384
3461 8.371
3463 9.404
3465 8.536
3467 9.492
3469 8.408
3471 8.779
3473 8.652
3475 8.743
3477 8.731
3479 8.807
3481 8.684
3483 8.779
3485 8.724
3487 8.619
3489 9.647
3491 8.559
3493 9.531
3495 8.715
3497 9.676
3499 8.576
3501 9.668
3503 8.743
3505 9.784
3507 8.692
3509 9.78
3511 8.787
3513 9.768
3515 8.724
3517 9.823
3519 8.731
3521 9.827
3523 8.735
3525 9.855
3527 8.752
3529 9.864
3531 8.768
3533 9.939
3535 8.895
3537 9.92
3539 8.88
3541 9.908
3543 8.9
3545 9.931
3547 8.887
3549 9.928
3551 8.88
3553 9.851
3555 9.119
3557 9.963
3559 9.083
3561 9.119
3563 9.228
3565 9.155
3567 9.323
3569 9.095
3571 9.328
3573 9.199
3575 10.164
3577 9.015
3579 10.076
3581 9.131
3583 10.099
3585 9.256
3587 9.948
3589 9.336
3591 9.307
3593 9.48
3595 9.307
3597 10.163
3599 9.231
3601 10.188
3603 9.284
3605 10.027
3607 9.475
3609 9.328
3611 9.587
3613 9.416
3615 10.271
3617 9.367
3619 10.271
3621 9.391
3623 10.152
3625 9.576
3627 9.423
3629 9.608
3631 9.519
3633 10.427
3635 9.444
3637 10.412
3639 9.583
3641 9.552
3643 10.479
3645 9.435
3647 10.34
3649 9.728
3651 9.596
3653 9.779
3655 9.679
3657 10.551
3659 9.652
3661 10.492
3663 9.708
3665 9.635
3667 10.639
3669 9.635
3671 10.528
3673 9.788
3675 9.675
3677 10.627
3679 9.668
3681 10.555
3683 9.839
3685 9.763
3687 10.715
3689 9.823
3691 9.756
3693 10.032
3695 9.847
3697 10.811
3699 9.887
3701 9.88
3703 10.792
3705 9.847
3707 9.904
3709 10.096
3711 9.952
3713 10.935
3715 10.068
3717 10.084
3719 10.235
3721 10.132
3723 11.
3725 10.119
3727 10.128
3729 10.332
3731 10.163
3733 11.128
3735 10.216
3737 10.247
3739 11.192
3741 10.251
3743 10.255
3745 11.148
3747 10.284
3749 11.083
3751 11.192
3753 10.179
3755 11.107
3757 10.42
3759 10.283
3761 11.236
3763 10.336
3765 10.307
3767 11.307
3769 10.203
3771 11.112
3773 10.439
3775 10.231
3777 10.46
3779 10.359
3781 11.263
3783 10.351
3785 10.347
3787 10.472
3789 10.344
3791 11.368
3793 10.239
3795 11.212
3797 10.476
3799 11.188
3801 10.528
3803 10.467
3805 10.596
3807 10.46
3809 10.64
3811 10.471
3813 11.48
3815 10.387
3817 11.307
3819 10.712
3821 10.463
3823 10.711
3825 10.6
3827 11.583
3829 10.536
3831 11.555
3833 10.592
3835 11.448
3837 10.815
3839 10.596
3841 11.707
3843 10.528
3845 11.507
3847 10.792
3849 10.676
3851 10.903
3853 10.715
3855 11.519
3857 10.82
3859 11.652
3861 10.891
3863 10.787
3865 11.692
3867 10.899
3869 11.648
3871 10.932
3873 10.876
3875 11.755
3877 11.047
3879 10.931
3881 11.051
3883 10.952
3885 11.855
3887 11.055
3889 10.892
3891 12.007
3893 10.864
3895 11.783
3897 11.195
3899 10.952
3901 12.083
3903 10.972
3905 11.051
3907 11.987
3909 11.123
3911 11.895
3913 11.164
3915 11.079
3917 12.032
3919 11.164
3921 11.108
3923 11.336
3925 11.131
3927 11.891
3929 11.095
3931 10.979
3933 12.099
3935 11.02
3937 11.956
3939 11.096
3941 11.091
3943 12.059
3945 11.16
3947 11.131
3949 12.167
3951 11.115
3953 11.152
3955 12.148
3957 11.115
3959 11.203
3961 12.119
3963 11.244
3965 11.239
3967 12.22
3969 11.252
3971 12.068
3973 13.136
3975 12.127
3977 13.2
3979 13.171
3981 12.071
3983 12.231
3985 13.26
3987 12.104
3989 12.283
3991 13.304
3993 12.311
3995 12.34
3997 13.34
3999 12.212
4001 13.152
4003 13.696
4005 12.488
4007 12.584
4009 12.579
4011 12.575
4013 12.664
4015 12.664
4017 12.644
4019 12.743
4021 12.715
4023 12.907
4025 12.807
4027 12.84
4029 12.768
4031 12.852
4033 12.812
4035 12.851
4037 12.888
4039 12.783
4041 13.063
4043 12.936
4045 12.92
4047 13.099
4049 12.971
4051 12.924
4053 14.423
4055 12.983
4057 13.
4059 13.055
4061 13.096
4063 13.063
4065 13.1
4067 13.184
4069 13.252
4071 13.223
4073 13.175
4075 13.144
4077 13.179
4079 13.176
4081 13.208
4083 13.223
4085 13.264
4087 13.284
4089 13.187
4091 13.251
4093 14.488
4095 14.611
4097 14.675
4099 13.344
4101 13.244
4103 13.307
4105 13.196
4107 13.264
4109 13.288
4111 13.379
4113 13.415
4115 13.152
4117 13.172
4119 13.159
4121 13.219
4123 13.232
4125 13.331
4127 13.348
4129 13.316
4131 13.292
4133 13.323
4135 13.244
4137 13.331
4139 13.288
4141 13.316
4143 13.344
4145 13.435
4147 13.364
4149 13.423
4151 13.451
4153 13.436
4155 13.468
4157 13.483
4159 13.415
4161 13.399
4163 13.399
4165 13.488
4167 13.451
4169 13.496
4171 13.6
4173 13.607
4175 13.48
4177 13.439
4179 13.367
4181 13.448
4183 13.412
4185 13.407
4187 13.42
4189 13.491
4191 13.607
4193 13.571
4195 13.66
4197 13.624
4199 13.635
4201 13.564
4203 13.556
4205 13.592
4207 13.615
4209 13.591
4211 13.66
4213 13.708
4215 13.703
4217 13.731
4219 13.703
4221 13.756
4223 13.707
4225 13.716
4227 13.672
4229 13.715
4231 13.764
4233 13.707
4235 13.736
4237 13.7
4239 13.824
4241 13.843
4243 13.824
4245 13.831
4247 13.799
4249 13.803
4251 13.868
4253 13.78
4255 13.823
4257 13.92
4259 13.892
4261 13.848
4263 13.971
4265 13.895
4267 13.884
4269 13.783
4271 13.799
4273 13.848
4275 13.94
4277 13.892
4279 13.884
4281 13.896
4283 13.928
4285 14.004
4287 14.119
4289 14.016
4291 14.012
4293 14.063
4295 14.159
4297 14.079
4299 14.188
4301 14.152
4303 14.204
4305 14.183
4307 14.199
4309 14.192
4311 13.976
4313 13.912
4315 13.943
4317 13.9
4319 13.955
4321 13.956
4323 14.008
4325 14.099
4327 14.003
4329 14.084
4331 14.068
4333 14.144
4335 14.083
4337 14.175
4339 14.159
4341 14.203
4343 14.164
4345 14.192
4347 14.115
4349 14.132
4351 14.244
4353 14.271
4355 14.248
4357 14.16
4359 14.107
4361 14.112
4363 14.088
4365 14.123
4367 14.124
4369 14.076
4371 14.119
4373 14.096
4375 14.112
4377 14.155
4379 14.243
4381 14.231
4383 14.175
4385 14.304
4387 14.291
4389 14.327
4391 14.248
4393 14.307
4395 14.331
4397 14.375
4399 14.387
4401 14.367
4403 14.371
4405 14.431
4407 14.395
4409 14.259
4411 14.231
4413 14.299
4415 14.24
4417 14.243
4419 14.36
4421 14.423
4423 14.336
4425 14.427
4427 14.367
4429 14.355
4431 14.344
4433 14.367
4435 14.327
4437 14.408
4439 14.452
4441 14.471
4443 14.496
4445 14.544
4447 14.532
4449 14.556
4451 14.487
4453 14.539
4455 14.559
4457 14.508
4459 14.547
4461 14.615
4463 14.659
4465 14.771
4467 14.744
4469 14.699
4471 14.679
4473 14.635
4475 14.684
4477 14.728
4479 14.795
4481 14.835
4483 14.812
4485 14.86
4487 14.847
4489 14.911
4491 14.852
4493 14.799
4495 14.816
4497 14.788
4499 14.864
4501 14.864
4503 14.935
4505 14.908
4507 14.911
4509 14.923
4511 14.988
4513 14.987
4515 14.976
4517 14.963
4519 15.099
4521 15.063
4523 15.115
4525 15.008
4527 15.028
4529 15.112
4531 15.039
4533 14.971
4535 15.063
4537 15.02
4539 15.171
4541 15.159
4543 15.096
4545 15.224
4547 15.115
4549 15.184
4551 15.144
4553 15.175
4555 15.107
4557 15.231
4559 15.144
4561 15.176
4563 15.22
4565 15.216
4567 15.279
4569 15.271
4571 15.303
4573 15.299
4575 15.212
4577 15.331
4579 15.295
4581 15.336
4583 15.323
4585 15.351
4587 15.376
4589 15.327
4591 15.347
4593 15.391
4595 15.456
4597 15.536
4599 15.475
4601 15.471
4603 15.42
4605 15.431
4607 15.488
4609 15.5
4611 15.504
4613 15.38
4615 15.48
4617 15.572
4619 15.536
4621 15.532
4623 15.56
4625 15.572
4627 15.611
4629 15.699
4631 15.567
4633 15.635
4635 15.628
4637 15.711
4639 15.748
4641 15.723
4643 15.695
4645 15.728
4647 15.795
4649 15.728
4651 15.707
4653 15.756
4655 15.811
4657 15.779
4659 15.851
4661 15.892
4663 15.847
4665 15.928
4667 15.832
4669 15.904
4671 15.979
4673 15.923
4675 16.044
4677 15.927
4679 16.011
4681 15.971
4683 15.98
4685 16.028
4687 16.023
4689 16.043
4691 16.088
4693 16.051
4695 16.099
4697 16.119
4699 16.115
4701 16.055
4703 16.079
4705 16.127
4707 16.1
4709 16.092
4711 16.192
4713 16.167
4715 16.251
4717 16.307
4719 16.279
4721 16.28
4723 16.408
4725 16.36
4727 16.192
4729 16.3
4731 16.371
4733 16.283
4735 16.368
4737 16.387
4739 16.42
4741 16.399
4743 16.496
4745 16.496
4747 16.347
4749 16.48
4751 16.387
4753 16.38
4755 16.532
4757 16.435
4759 16.579
4761 16.608
4763 16.604
4765 16.607
4767 16.611
4769 16.615
4771 16.579
4773 16.627
4775 16.563
4777 16.836
4779 16.708
4781 16.647
4783 16.64
4785 16.695
4787 16.707
4789 16.68
4791 16.775
4793 16.707
4795 16.427
4797 16.447
4799 16.492
4801 16.555
4803 16.52
4805 16.539
4807 16.695
4809 16.615
4811 16.672
4813 16.692
4815 16.76
4817 16.699
4819 16.728
4821 16.655
4823 16.695
4825 16.699
4827 16.771
4829 16.739
4831 16.764
4833 16.812
4835 16.852
4837 16.836
4839 16.84
4841 16.859
4843 16.895
4845 16.891
4847 16.927
4849 16.967
4851 16.891
4853 16.88
4855 16.987
4857 16.88
4859 16.92
4861 16.904
4863 16.916
4865 16.983
4867 17.108
4869 16.988
4871 16.963
4873 17.088
4875 17.108
4877 17.115
4879 17.228
4881 17.188
4883 17.26
4885 17.175
4887 17.199
4889 17.172
4891 17.251
4893 17.2
4895 17.192
4897 17.215
4899 17.279
4901 17.284
4903 17.34
4905 17.384
4907 17.399
4909 17.476
4911 17.416
4913 17.412
4915 17.304
4917 17.427
4919 17.304
4921 17.404
4923 17.431
4925 17.508
4927 17.516
4929 17.568
4931 17.519
4933 17.467
4935 17.431
4937 17.452
4939 17.476
4941 17.48
4943 17.587
4945 17.568
4947 17.608
4949 17.695
4951 17.576
4953 17.576
4955 17.623
4957 17.572
4959 17.623
4961 17.656
4963 17.576
4965 17.628
4967 17.608
4969 17.643
4971 17.707
4973 17.76
4975 17.743
4977 17.779
4979 17.872
4981 17.888
4983 17.895
4985 17.979
4987 17.872
4989 17.88
4991 17.728
4993 17.92
4995 17.884
4997 17.956
4999 17.963