1 0.14
2 0.152
3 0.14
4 0.164
5 0.167
6 0.171
7 0.176
8 0.179
9 0.167
10 0.176
11 0.192
12 0.192
13 0.203
14 0.2
15 0.195
16 0.2
17 0.223
18 0.224
19 0.22
20 0.235
21 0.24
22 0.224
23 0.247
24 0.252
25 0.239
26 0.256
27 0.26
28 0.243
29 0.256
30 0.263
31 0.28
32 0.279
33 0.283
34 0.275
35 0.271
36 0.279
37 0.283
38 0.296
39 0.307
40 0.311
41 0.3
42 0.307
43 0.323
44 0.328
45 0.315
46 0.331
47 0.336
48 0.336
49 0.351
50 0.34
51 0.351
52 0.348
53 0.359
54 0.36
55 0.375
56 0.387
57 0.384
58 0.375
59 0.368
60 0.391
61 0.396
62 0.399
63 0.408
64 0.412
65 0.411
66 0.416
67 0.416
68 0.416
69 0.431
70 0.435
71 0.436
72 0.444
73 0.436
74 0.431
75 0.452
76 0.46
77 0.456
78 0.46
79 0.471
80 0.456
81 0.475
82 0.48
83 0.488
84 0.487
85 0.492
86 0.487
87 0.491
88 0.5
89 0.507
90 0.516
91 0.519
92 0.527
93 0.511
94 0.511
95 0.515
96 0.532
97 0.539
98 0.547
99 0.547
100 0.543
101 0.56
102 0.564
103 0.552
104 0.564
105 0.576
106 0.572
107 0.583
108 0.572
109 0.592
110 0.58
111 0.599
112 0.591
113 0.604
114 0.588
115 0.583
116 0.595
117 0.604
118 0.611
119 0.607
120 0.62
121 0.615
122 0.627
123 0.631
124 0.632
125 0.64
126 0.648
127 0.652
128 0.659
129 0.655
130 0.659
131 0.672
132 0.676
133 0.668
134 0.675
135 0.684
136 0.676
137 0.68
138 0.692
139 0.7
140 0.692
141 0.699
142 0.707
143 0.703
144 0.708
145 0.72
146 0.724
147 0.728
148 0.728
149 0.731
150 0.739
151 0.739
152 0.751
153 0.74
154 0.739
155 0.752
156 0.764
157 0.771
158 0.756
159 0.763
160 0.779
161 0.78
162 0.771
163 0.78
164 0.775
165 0.787
166 0.792
167 0.796
168 0.804
169 0.807
170 0.804
171 0.811
172 0.815
173 0.832
174 0.832
175 0.828
176 0.836
177 0.84
178 0.847
179 0.844
180 0.84
181 0.856
182 0.859
183 0.867
184 0.871
185 0.872
186 0.876
187 0.884
188 0.887
189 0.891
190 0.895
191 0.903
192 0.907
193 0.887
194 0.912
195 0.908
196 0.916
197 0.916
198 0.923
199 0.916
200 0.931
201 0.935
202 0.943
203 0.935
204 0.944
205 0.948
206 0.952
207 0.956
208 0.956
209 0.952
210 0.96
211 0.971
212 0.984
213 0.988
214 0.991
215 0.988
216 0.988
217 1.003
218 1.007
219 0.996
220 1.011
221 1.023
222 1.011
223 1.028
224 1.015
225 1.039
226 1.028
227 1.039
228 1.036
229 1.047
230 1.047
231 1.059
232 1.059
233 1.068
234 1.076
235 1.083
236 1.076
237 1.083
238 1.091
239 1.091
240 1.092
241 1.092
242 1.095
243 1.099
244 1.115
245 1.115
246 1.124
247 1.124
248 1.119
249 1.119
250 1.132
251 1.139
252 1.144
253 1.148
254 1.152
255 1.152
256 1.163
257 1.159
258 1.155
259 1.171
260 1.167
261 1.18
262 1.183
263 1.188
264 1.192
265 1.199
266 1.192
267 1.199
268 1.207
269 1.204
270 1.196
271 1.208
272 1.22
273 1.224
274 1.235
275 1.224
276 1.231
277 1.24
278 1.228
279 1.248
280 1.252
281 1.239
282 1.264
283 1.255
284 1.268
285 1.26
286 1.279
287 1.275
288 1.271
289 1.291
290 1.284
291 1.28
292 1.304
293 1.3
294 1.3
295 1.3
296 1.319
297 1.32
298 1.319
299 1.328
300 1.327
301 1.328
302 1.332
303 1.335
304 1.34
305 1.344
306 1.351
307 1.359
308 1.36
309 1.363
310 1.359
311 1.375
312 1.372
313 1.387
314 1.38
315 1.391
316 1.392
317 1.392
318 1.408
319 1.407
320 1.407
321 1.412
322 1.416
323 1.412
324 1.436
325 1.431
326 1.44
327 1.431
328 1.435
329 1.455
330 1.448
331 1.455
332 1.463
333 1.452
334 1.46
335 1.471
336 1.476
337 1.463
338 1.484
339 1.492
340 1.488
341 1.496
342 1.492
343 1.5
344 1.507
345 1.504
346 1.52
347 1.515
348 1.527
349 1.528
350 1.528
351 1.527
352 1.539
353 1.539
354 1.539
355 1.547
356 1.543
357 1.555
358 1.564
359 1.567
360 1.572
361 1.576
362 1.572
363 1.583
364 1.576
365 1.572
366 1.595
367 1.591
368 1.592
369 1.599
370 1.6
371 1.612
372 1.599
373 1.619
374 1.623
375 1.619
376 1.636
377 1.636
378 1.64
379 1.644
380 1.644
381 1.652
382 1.652
383 1.655
384 1.663
385 1.663
386 1.659
387 1.671
388 1.671
389 1.671
390 1.688
391 1.679
392 1.688
393 1.692
394 1.704
395 1.695
396 1.711
397 1.711
398 1.716
399 1.724
400 1.72
401 1.727
402 1.728
403 1.739
404 1.739
405 1.728
406 1.748
407 1.756
408 1.739
409 1.759
410 1.776
411 1.771
412 1.768
413 1.771
414 1.779
415 1.8
416 1.807
417 1.804
418 1.795
419 1.804
420 1.811
421 1.807
422 1.815
423 1.815
424 1.831
425 1.828
426 1.832
427 1.836
428 1.832
429 1.844
430 1.844
431 1.847
432 1.844
433 1.851
434 1.868
435 1.868
436 1.856
437 1.868
438 1.86
439 1.88
440 1.876
441 1.887
442 1.895
443 1.899
444 1.895
445 1.912
446 1.907
447 1.9
448 1.92
449 1.904
450 1.923
451 1.92
452 1.927
453 1.94
454 1.936
455 1.943
456 1.94
457 1.956
458 2.011
459 2.024
460 1.996
461 2.008
462 2.008
463 2.003
464 2.02
465 2.019
466 2.007
467 2.036
468 2.036
469 2.028
470 2.027
471 2.032
472 2.047
473 2.051
474 2.06
475 2.064
476 2.064
477 2.068
478 2.071
479 2.072
480 2.079
481 2.083
482 2.096
483 2.076
484 2.083
485 2.1
486 2.1
487 2.115
488 2.096
489 2.112
490 2.119
491 2.132
492 2.123
493 2.135
494 2.14
495 2.148
496 2.167
497 2.167
498 2.172
499 2.163
500 2.159
501 2.168
502 2.172
503 2.184
504 2.18
505 2.184
506 2.167
507 2.192
508 2.18
509 2.195
510 2.203
511 2.195
512 2.195
513 2.207
514 2.228
515 2.228
516 2.228
517 2.239
518 2.231
519 2.239
520 2.24
521 2.235
522 2.252
523 2.259
524 2.248
525 2.251
526 2.264
527 2.268
528 2.268
529 2.268
530 2.268
531 2.279
532 2.3
533 2.296
534 2.304
535 2.307
536 2.315
537 2.311
538 2.323
539 2.307
540 2.304
541 2.315
542 2.328
543 2.332
544 2.344
545 2.324
546 2.348
547 2.347
548 2.344
549 2.351
550 2.359
551 2.372
552 2.351
553 2.376
554 2.364
555 2.384
556 2.363
557 2.391
558 2.392
559 2.395
560 2.399
561 2.403
562 2.408
563 2.408
564 2.42
565 2.412
566 2.427
567 2.431
568 2.436
569 2.699
570 2.547
571 2.435
572 2.456
573 2.452
574 2.448
575 2.448
576 2.475
577 2.463
578 2.48
579 2.628
580 2.471
581 2.488
582 2.48
583 2.495
584 2.5
585 2.488
586 2.488
587 2.511
588 2.52
589 2.524
590 2.528
591 2.523
592 2.524
593 2.539
594 2.54
595 2.543
596 2.551
597 2.556
598 2.564
599 2.564
600 2.547
601 2.56
602 2.568
603 2.572
604 2.568
605 2.576
606 2.588
607 2.579
608 2.587
609 2.676
610 2.587
611 2.596
612 2.607
613 2.619
614 2.619
615 2.628
616 2.619
617 2.628
618 2.636
619 2.639
620 2.636
621 2.648
622 2.659
623 2.663
624 2.66
625 2.668
626 2.672
627 2.676
628 2.667
629 2.68
630 2.684
631 2.683
632 2.692
633 2.68
634 2.704
635 2.704
636 2.707
637 2.695
638 2.712
639 2.707
640 2.716
641 2.775
642 2.724
643 2.744
644 2.764
645 2.756
646 2.744
647 2.731
648 2.731
649 2.756
650 2.756
651 2.76
652 2.768
653 2.764
654 2.764
655 2.775
656 2.775
657 2.783
658 2.807
659 2.804
660 2.799
661 2.795
662 2.811
663 2.819
664 2.807
665 2.819
666 2.844
667 2.823
668 2.832
669 2.827
670 2.84
671 2.835
672 2.851
673 2.844
674 2.851
675 2.86
676 2.851
677 2.872
678 2.863
679 2.884
680 2.876
681 2.891
682 2.887
683 2.899
684 2.9
685 2.908
686 2.911
687 2.92
688 2.916
689 2.92
690 2.927
691 2.931
692 2.931
693 2.939
694 2.944
695 2.931
696 2.948
697 2.956
698 2.944
699 2.963
700 2.956
701 2.971
702 2.956
703 2.975
704 2.976
705 2.98
706 2.967
707 2.979
708 2.996
709 3.
710 3.011
711 3.003
712 2.967
713 2.955
714 2.971
715 2.988
716 2.991
717 2.98
718 2.992
719 2.983
720 2.991
721 3.003
722 2.996
723 3.
724 3.144
725 3.072
726 3.072
727 3.06
728 3.079
729 3.063
730 3.083
731 3.076
732 3.096
733 3.091
734 3.091
735 3.112
736 3.099
737 3.108
738 3.111
739 3.119
740 3.115
741 3.127
742 3.136
743 3.144
744 3.139
745 3.147
746 3.152
747 3.155
748 3.148
749 3.16
750 3.163
751 3.163
752 3.176
753 3.176
754 3.171
755 3.18
756 3.188
757 3.192
758 3.199
759 3.203
760 3.199
761 3.204
762 3.219
763 3.208
764 3.22
765 3.228
766 3.228
767 3.231
768 3.239
769 3.239
770 3.235
771 3.231
772 3.216
773 3.192
774 3.203
775 3.247
776 3.292
777 3.275
778 3.288
779 3.276
780 3.296
781 3.3
782 3.275
783 3.292
784 3.296
785 3.291
786 3.304
787 3.295
788 3.328
789 3.311
790 3.307
791 3.32
792 3.323
793 3.336
794 3.327
795 3.335
796 3.323
797 3.347
798 3.359
799 3.363
800 3.343
801 3.363
802 3.372
803 3.372
804 3.367
805 3.371
806 3.391
807 3.4
808 3.4
809 3.391
810 3.387
811 3.404
812 3.407
813 3.412
814 3.419
815 3.423
816 3.42
817 3.439
818 3.432
819 3.423
820 3.443
821 3.444
822 3.456
823 3.452
824 3.444
825 3.444
826 3.444
827 3.452
828 3.456
829 3.46
830 3.471
831 3.48
832 3.463
833 3.483
834 3.475
835 3.488
836 3.487
837 3.5
838 3.511
839 3.507
840 3.523
841 3.524
842 3.539
843 3.531
844 3.559
845 3.539
846 3.555
847 3.543
848 3.556
849 3.544
850 3.547
851 3.564
852 3.56
853 3.56
854 3.579
855 3.576
856 3.579
857 3.564
858 3.584
859 3.599
860 3.592
861 3.604
862 3.623
863 3.608
864 3.619
865 3.619
866 3.623
867 3.636
868 3.636
869 3.644
870 3.628
871 3.639
872 3.652
873 3.631
874 3.659
875 3.655
876 3.672
877 3.668
878 3.648
879 3.664
880 3.675
881 3.675
882 3.68
883 3.688
884 3.684
885 3.688
886 3.695
887 3.703
888 3.695
889 3.703
890 3.716
891 3.719
892 3.715
893 3.723
894 3.719
895 3.731
896 3.735
897 3.756
898 3.739
899 3.751
900 3.76
901 3.756
902 3.779
903 3.76
904 3.792
905 3.779
906 3.804
907 3.783
908 3.783
909 3.8
910 3.791
911 3.8
912 3.811
913 3.807
914 3.807
915 3.811
916 3.807
917 3.824
918 3.831
919 3.832
920 3.832
921 3.832
922 3.863
923 3.847
924 3.859
925 3.847
926 3.863
927 3.855
928 3.876
929 3.876
930 3.868
931 3.884
932 3.88
933 3.896
934 3.871
935 3.899
936 3.899
937 3.892
938 3.908
939 3.92
940 3.915
941 3.916
942 3.923
943 3.923
944 3.936
945 3.923
946 3.923
947 3.931
948 3.952
949 3.927
950 3.944
951 3.94
952 3.956
953 3.947
954 3.967
955 3.98
956 3.956
957 3.967
958 3.983
959 3.992
960 4.007
961 3.991
962 4.016
963 4.028
964 4.016
965 4.016
966 4.007
967 4.028
968 4.019
969 4.011
970 4.039
971 4.043
972 4.039
973 4.044
974 4.032
975 4.043
976 4.059
977 4.064
978 4.064
979 4.072
980 4.072
981 4.076
982 4.076
983 4.083
984 4.083
985 4.087
986 4.104
987 4.1
988 4.091
989 4.112
990 4.107
991 4.119
992 4.104
993 4.132
994 4.131
995 4.112
996 4.135
997 4.144
998 4.148
999 4.152
1000 4.147