7 0.004
10 0.039
13 0.004
15 0.008
16 0.004
19 0.003
22 0.004
22 0.012
25 0.075
28 0.008
29 0.012
31 0.008
31 0.016
34 0.012
36 0.011
37 0.008
40 0.011
43 0.016
43 0.015
46 0.012
46 0.096
49 0.016
50 0.016
52 0.016
55 0.019
57 0.019
58 0.02
61 0.019
61 0.023
63 0.036
64 0.024
64 0.019
67 0.024
70 0.024
71 0.028
73 0.028
76 0.027
76 0.028
78 0.028
79 0.032
82 0.032
85 0.036
85 0.031
88 0.04
91 0.04
91 0.036
92 0.036
94 0.04
94 0.048
97 0.043
99 0.039
100 0.044
103 0.048
106 0.047
106 0.044
106 0.039
109 0.056
112 0.055
113 0.048
115 0.06
118 0.059
120 0.051
121 0.068
121 0.047
124 0.067
125 0.052
127 0.067
127 0.056
127 0.075
130 0.079
133 0.08
134 0.067
136 0.08
136 0.059
139 0.088
141 0.067
142 0.092
145 0.096
148 0.099
148 0.071
151 0.096
151 0.064
154 0.104
155 0.083
156 0.067
157 0.108
160 0.111
162 0.096
163 0.116
166 0.123
166 0.083
169 0.12
169 0.104
172 0.136
175 0.139
176 0.107
178 0.14
181 0.228
181 0.092
183 0.112
184 0.16
187 0.147
187 0.084
190 0.176
190 0.124
190 0.108
193 0.171
196 0.172
196 0.096
197 0.127
199 0.176
202 0.172
204 0.14
205 0.176
208 0.179
211 0.172
211 0.147
211 0.103
214 0.176
217 0.183
218 0.155
218 0.107
220 0.196
223 0.199
225 0.168
226 0.204
226 0.123
229 0.215
232 0.199
232 0.18
235 0.212
238 0.227
239 0.183
241 0.211
241 0.143
244 0.243
246 0.192
247 0.247
249 0.128
250 0.252
253 0.263
253 0.211
253 0.136
255 0.191
256 0.275
256 0.172
259 0.324
260 0.208
262 0.259
265 0.263
267 0.244
268 0.272
271 0.284
271 0.184
274 0.288
274 0.235
277 0.291
280 0.295
280 0.152
281 0.24
283 0.304
286 0.304
286 0.199
288 0.24
289 0.315
292 0.324
295 0.344
295 0.248
298 0.419
301 0.379
301 0.231
302 0.283
304 0.356
307 0.367
309 0.268
310 0.356
311 0.184
313 0.371
316 0.379
316 0.343
316 0.228
316 0.164
319 0.388
322 0.391
323 0.364
325 0.384
328 0.432
330 0.344
331 0.491
331 0.248
334 0.46
337 0.436
337 0.327
340 0.423
342 0.207
343 0.468
344 0.327
346 0.448
346 0.256
349 0.455
351 0.355
352 0.452
355 0.46
358 0.468
358 0.4
361 0.596
361 0.291
364 0.564
365 0.379
367 0.496
370 0.5
372 0.387
373 0.672
373 0.251
376 0.535
376 0.331
379 0.519
379 0.408
379 0.208
382 0.559
382 0.248
385 0.588
386 0.447
388 0.647
391 0.623
391 0.36
393 0.432
394 0.572
397 0.571
400 0.567
400 0.48
403 0.695
404 0.276
406 0.704
406 0.36
407 0.451
409 0.615
412 0.679
414 0.468
415 0.675
418 0.804
421 0.672
421 0.48
421 0.364
424 0.719
427 0.728
428 0.495
430 0.676
433 0.835
435 0.56
435 0.324
436 0.684
436 0.391
439 0.783
442 0.7
442 0.527
442 0.263
445 0.711
448 0.771
449 0.564
451 0.768
451 0.416
454 0.787
456 0.583
457 0.756
460 0.835
463 0.788
463 1.6
466 0.871
466 0.435
466 0.395
469 0.899
470 0.615
472 0.804
475 0.816
477 0.751
478 0.884
481 1.012
481 0.467
484 0.859
484 0.627
487 0.927
490 0.955
491 0.64
493 1.051
496 0.932
496 0.527
497 0.4
498 0.667
499 0.891
502 0.972
505 0.96
505 0.696
505 0.339
508 0.987
509 0.327
511 1.015
511 0.568
511 0.416
512 0.755
514 1.359
517 1.1
519 0.816
520 0.944
523 0.992
526 1.068
526 0.728
526 0.539
528 0.48
529 1.119
532 1.076
533 0.748
535 1.103
538 1.176
540 0.839
541 1.12
541 0.588
544 1.14
547 1.219
547 0.847
550 1.183
553 1.155
554 0.936
556 1.256
556 0.635
559 1.196
559 0.5
561 0.903
562 1.215
565 1.272
568 1.263
568 0.939
568 0.395
571 1.343
571 0.643
574 1.204
575 1.039
577 1.268
580 1.26
582 0.976
583 1.343
586 1.312
586 0.672
589 1.303
589 1.316
590 0.584
592 1.384
595 1.347
596 1.
598 1.448
601 1.295
601 0.72
603 0.988
604 1.412
607 1.427
610 1.387
610 1.015
613 1.432
616 1.468
616 0.884
617 1.004
619 1.427
621 0.615
622 1.484
624 1.011
625 1.551
628 1.436
631 1.503
631 1.2
631 0.779
631 0.483
634 1.507
636 0.435
637 1.52
638 1.14
640 1.544
643 1.875
645 1.259
646 1.579
646 0.807
649 1.536
652 1.647
652 1.18
652 0.632
655 1.543
658 1.615
659 1.235
661 1.608
661 0.908
664 1.659
666 1.6
667 1.688
670 1.675
673 1.711
673 1.344
676 1.828
676 0.955
679 1.888
680 1.223
682 1.788
683 0.692
685 1.911
687 1.375
688 1.844
691 1.903
691 1.
694 1.931
694 1.32
694 0.532
697 1.951
700 1.879
701 1.372
703 2.012
706 2.108
706 1.012
708 1.427
709 2.015
712 2.027
714 0.748
715 1.948
715 1.468
718 2.068
721 2.183
721 2.016
722 1.475
724 2.111
727 2.216
729 1.472
730 2.127
733 2.24
736 1.991
736 1.523
736 1.087
739 2.056
742 1.963
743 1.551
745 2.067
745 0.811
748 2.14
750 1.608
751 2.104
751 1.092
754 2.199
757 2.14
757 1.559
757 0.615
760 2.187
763 2.028
763 0.584
764 1.652
766 2.195
766 1.164
766 0.599
769 2.264
771 2.
772 2.24
775 2.295
776 1.083
778 2.14
778 1.688
781 2.247
781 1.355
784 2.355
785 1.672
787 2.695
790 2.352
792 1.74
793 2.195
796 2.412
796 1.271
799 2.376
799 1.707
802 2.768
805 2.259
806 1.812
807 0.952
808 2.467
811 2.415
811 1.34
813 1.932
814 2.556
817 2.907
820 2.404
820 1.844
820 0.708
823 2.46
826 2.52
826 1.416
827 1.995
829 2.643
832 2.5
834 1.936
835 2.58
838 2.632
838 0.996
841 2.691
841 1.98
841 1.427
844 2.576
847 2.687
848 1.907
850 2.671
853 2.764
855 2.012
856 2.64
856 1.82
859 2.795
862 2.632
862 2.067
865 2.827
868 2.675
869 1.98
869 1.163
871 2.895
871 1.552
874 2.747
876 2.107
877 2.928
880 2.827
883 3.004
883 2.264
883 0.784
886 2.819
886 1.547
889 2.971
890 2.183
890 0.708
892 2.783
895 3.012
897 2.263
898 2.903
900 1.12
901 3.036
901 1.731
904 2.939
904 2.124
907 3.072
910 2.956
911 2.291
913 3.192
916 3.011
916 1.672
918 2.384
919 3.16
922 2.98
925 3.231
925 2.372
928 3.079
931 3.752
931 1.724
931 1.323
932 2.855
934 3.104
937 3.231
939 2.311
940 3.211
943 3.283
946 3.235
946 2.515
946 1.759
946 0.963
949 3.771
952 3.2
953 2.464
955 3.367
958 3.236
960 2.607
961 3.507
961 1.828
962 1.416
964 3.263
967 4.019
967 2.596
970 3.247
973 3.536
974 2.591
976 3.343
976 2.307
979 3.66
981 2.627
982 3.591
985 3.416
988 3.719
988 2.655
991 3.459
991 1.939
993 2.548
994 3.735
995 2.771
997 3.592
1000 3.987
1002 2.692
1003 3.947
1006 4.359
1006 1.943
1009 4.108
1009 3.251
1009 1.043
1012 3.795
1015 4.127
1016 2.799
1017 0.915
1018 4.084
1021 5.155
1021 2.127
1021 0.852
1023 2.78
1023 1.032
1024 4.128
1024 1.543
1027 4.199
1030 4.028
1030 2.875
1033 4.319
1036 4.04
1036 2.104
1037 2.936
1039 4.908
1042 4.072
1044 2.94
1045 4.348
1048 4.387
1051 4.156
1051 3.056
1051 2.531
1054 4.432
1055 1.583
1057 4.264
1058 2.96
1060 5.108
1063 4.283
1065 3.152
1066 4.456
1066 2.2
1069 4.583
1072 4.692
1072 3.043
1072 1.188
1075 4.504
1078 4.58
1079 3.231
1081 4.588
1081 2.192
1084 4.447
1086 3.092
1086 1.776
1087 4.764
1090 5.347
1093 4.379
1093 3.32
1096 4.779
1096 2.403
1099 4.86
1100 3.235
1102 4.572
1105 4.892
1107 3.443
1108 4.927
1111 4.695
1111 2.275
1114 5.012
1114 3.224
1117 5.052
1117 1.919
1120 4.716
1121 3.455
1123 5.075
1126 5.676
1126 2.483
1128 3.38
1129 4.759
1132 4.96
1135 5.144
1135 4.
1135 1.219
1138 4.875
1141 5.192
1141 2.604
1142 3.403
1144 5.831
1144 1.115
1147 4.947
1148 1.928
1149 3.476
1150 5.08
1153 5.384
1156 5.111
1156 3.452
1156 2.632
1159 5.235
1162 6.083
1163 3.711
1165 5.152
1168 5.336
1170 3.615
1171 6.096
1171 3.139
1174 5.151
1177 5.34
1177 3.768
1179 2.027
1180 5.663
1183 5.516
1184 3.663
1186 5.42
1186 2.603
1189 5.943
1191 4.347
1192 5.54
1195 5.687
1198 6.251
1198 3.835
1198 1.463
1201 5.351
1201 2.82
1204 5.644
1205 3.847
1207 5.731
1210 5.876
1210 2.148
1212 4.032
1213 5.759
1216 5.655
1216 2.8
1219 5.779
1219 3.864
1222 6.036
1225 5.927
1226 4.172
1228 6.475
1231 5.788
1231 2.991
1233 4.635
1234 5.788
1237 5.963
1240 6.115
1240 3.984
1241 2.299
1243 6.183
1246 5.975
1246 3.447
1247 4.152
1249 6.008
1252 6.871
1254 4.152
1255 5.803
1258 6.276
1261 5.615
1261 4.363
1261 2.988
1261 1.536
1264 5.803
1267 6.235
1268 5.272
1270 5.851
1271 1.279
1272 2.884
1273 6.024
1275 4.443
1276 5.803
1276 3.112
1276 1.152
1279 5.895
1282 6.664
1282 4.759
1285 5.923
1288 5.943
1289 4.831
1291 6.004
1291 3.248
1294 6.807
1296 4.744
1297 6.199
1300 6.296
1303 6.268
1303 4.88
1303 2.327
1306 6.068
1306 3.223
1309 6.211
1310 5.036
1312 7.015
1315 6.043
1317 5.572
1318 6.32
1321 6.98
1321 3.48
1324 6.355
1324 4.731
1324 1.788
1327 6.528
1330 6.487
1331 5.079
1333 7.179
1334 2.576
1336 6.288
1336 3.392
1338 5.204
1339 6.491
1342 7.259
1345 6.455
1345 5.011
1348 6.5
1351 6.672
1351 3.639
1352 5.272
1354 7.211
1357 6.68
1359 5.38
1360 6.816
1363 6.791
1365 2.748
1366 6.804
1366 5.227
1366 3.492
1369 6.743
1372 7.139
1373 5.392
1375 6.8
1378 7.031
1380 5.572
1381 7.044
1381 3.699
1384 7.091
1387 7.147
1387 5.639
1387 2.907
1390 6.868
1393 7.151
1394 6.156
1396 7.424
1396 3.639
1396 2.847
1398 1.576
1399 7.019
1401 5.263
1402 7.227
1405 7.248
1408 7.375
1408 5.596
1411 7.283
1411 4.367
1414 7.44
1415 5.896
1417 7.327
1420 8.079
1422 5.92
1423 7.307
1426 8.087
1426 3.748
1427 2.972
1429 7.228
1429 6.423
1432 7.459
1435 8.088
1436 5.604
1438 7.475
1441 7.536
1441 4.076
1443 6.559
1444 7.556
1447 7.615
1450 7.596
1450 5.895
1450 2.12
1453 8.059
1456 7.615
1456 4.132
1457 6.064
1458 2.951
1459 7.576
1462 7.844
1464 6.271
1465 7.915
1468 7.884
1471 7.98
1471 6.4
1471 4.015
1474 7.983
1477 8.031
1478 6.415
1480 8.067
1483 8.091
1485 6.408
1486 8.148
1486 4.336
1489 8.24
1489 3.255
1492 8.136
1492 7.159
1495 8.171
1498 8.292
1499 6.299
1501 8.268
1501 4.208
1504 8.291
1506 6.388
1507 8.344
1510 8.347
1513 8.392
1513 6.583
1513 2.251
1516 8.4
1516 4.46
1519 8.483
1520 6.795
1520 3.195
1522 8.504
1525 8.552
1525 1.907
1527 6.888
1528 8.567
1531 8.587
1531 4.347
1531 1.612
1534 8.579
1534 6.844
1534 1.591
1537 8.672
1540 8.699
1541 7.599
1543 8.731
1546 8.707
1546 4.635
1548 6.659
1549 8.703
1551 4.064
1552 8.796
1555 8.776
1555 6.84
1558 8.796
1561 8.888
1561 4.523
1562 7.688
1564 8.887
1567 8.951
1569 6.98
1570 8.983
1573 9.044
1576 9.036
1576 6.947
1576 5.28
1576 2.44
1579 9.079
1582 9.096
1582 3.556
1583 7.164
1585 9.115
1588 9.087
1590 7.759
1591 9.163
1591 4.692
1594 9.204
1597 9.211
1597 7.152
1600 9.267
1603 9.336
1604 7.492
1606 9.316
1606 4.831
1609 9.355
1611 7.251
1612 9.416
1613 3.735
1615 10.083
1618 10.147
1618 7.456
1621 11.096
1621 5.184
1624 10.051
1625 8.315
1627 11.152
1630 11.228
1632 7.559
1633 10.291
1636 10.4
1636 5.107
1639 10.435
1639 7.811
1639 2.619
1642 11.519
1644 3.7
1645 10.607
1646 7.835
1648 10.607
1651 10.644
1651 5.119
1652 2.016
1653 8.475
1654 10.567
1660 7.784
1666 5.284
1667 8.624
1674 7.679
1675 4.119
1681 8.811
1681 5.532
1688 7.824
1695 8.192
1696 5.44
1702 9.72
1702 2.884
1706 4.072
1709 8.427
1711 5.563
1716 9.175
1723 8.46
1726 5.74
1730 8.588
1737 9.351
1737 4.375
1741 5.9
1744 8.056
1751 8.235
1756 5.695
1758 8.347
1765 8.432
1765 3.072
1768 4.304
1771 5.931
1772 8.5
1779 8.455
1779 2.423
1786 8.576
1786 6.807
1786 2.044
1793 8.648
1799 5.244
1800 8.711
1801 6.
1807 8.764
1814 8.811
1816 6.243
1821 8.908
1828 8.947
1828 3.187
1830 4.711
1831 7.047
1835 9.036
1842 9.132
1846 6.336
1849 9.159
1856 9.211
1861 6.496
1861 4.751
1863 9.248
1870 9.38
1876 7.415
1877 9.379
1884 9.44
1891 9.516
1891 7.023
1891 3.923
1892 5.211
1898 10.291
1906 7.283
1906 2.764
1921 8.068
1923 5.3
1936 7.492
1951 7.711
1954 5.267
1954 3.588
1966 8.596
1981 7.824
1985 5.528
1996 8.039
2011 9.339
2016 5.835
2017 3.851
2026 8.284
2033 4.215
2041 8.432
2041 2.451
2045 2.42
2047 5.812
2047 2.628
2056 9.247
2071 8.504
2078 5.751
2080 3.992
2086 8.748
2101 8.96
2109 6.415
2116 9.163
2131 9.092
2140 5.748
2143 4.907
2146 9.44
2160 3.427
2161 9.407
2171 6.22
2176 9.644
2191 9.659
2202 6.556
2206 9.856
2206 4.523
2221 9.995
2233 6.632
2236 10.099
2251 10.215
2264 6.735
2266 10.411
2269 4.852
2287 3.836
2295 7.
2296 3.608
2326 7.175
2332 5.188
2357 7.5
2388 7.624
2395 5.203
2414 4.199
2419 7.675
2450 7.871
2458 5.728
2481 8.528
2512 8.219
2521 6.063
2541 4.82
2551 3.784
2556 3.491
2584 6.108
2647 6.512
2668 5.032
2710 7.567
2773 7.184
2795 5.759
2806 4.467
2836 7.395
2899 7.751
2922 5.987
2962 8.26
3025 9.159
3049 6.94
3061 5.307
3067 4.771
3070 4.667
3088 9.504
3151 9.807
3176 7.084
3214 10.364
3303 7.975
3316 6.168
3571 7.148
3578 6.204
3826 8.331
4081 9.284
4089 8.076
4093 8.124
4095 8.027
4600 10.252
5111 12.592
5116 11.896
5622 15.291
6133 18.592
6139 16.68
6142 17.311
6644 21.54
7162 23.516
8185 30.204
8189 29.284
8191 27.82
9208 38.623
10231 48.424
11254 58.827
12277 71.128
12286 64.603
13300 82.223