1 0.
2 0.004
3 0.004
4 0.007
5 0.012
6 0.016
7 0.016
8 0.019
9 0.023
10 0.027
11 0.036
12 0.039
13 0.044
14 0.051
15 0.06
16 0.067
17 0.068
18 0.079
19 0.092
20 0.103
21 0.112
22 0.123
23 0.132
24 0.14
25 0.155
26 0.163
27 0.18
28 0.188
29 0.211
30 0.227
31 0.24
32 0.264
33 0.275
34 0.288
35 0.307
36 0.32
37 0.339
38 0.352
39 0.371
40 0.387
41 0.416
42 0.427
43 0.447
44 0.467
45 0.492
46 0.507
47 0.528
48 0.563
49 0.592
50 0.623
51 0.664
52 0.711
53 0.692
54 0.704
55 0.731
56 0.755
57 0.744
58 0.811
59 0.84
60 0.876
61 0.903
62 0.931
63 1.352
64 1.047
65 1.059
66 1.088
67 1.047
68 1.079
69 1.124
70 1.168
71 1.179
72 1.24
73 1.275
74 1.367
75 1.435
76 1.372
77 1.384
78 1.467
79 1.516
80 1.527
81 1.632
82 1.711
83 1.668
84 1.704
85 1.683
86 1.756
87 1.819
88 1.963
89 1.915
90 1.956
91 2.003
92 2.024
93 2.123
94 2.256
95 2.143
96 2.144
97 2.295
98 2.356
99 2.456
100 2.539
101 2.447
102 2.456
103 2.675
104 2.588
105 2.643
106 2.72
107 2.855
108 2.872
109 2.815
110 2.923
111 3.112
112 3.019
113 3.063
114 3.168
115 3.295
116 3.155
117 3.324
118 3.487
119 3.452
120 3.419
121 3.652
122 3.588
123 3.668
124 3.819
125 3.807
126 3.82
127 4.012
128 4.008
129 3.995
130 4.248
131 4.092
132 4.231
133 4.452
134 4.288
135 4.556
136 4.515
137 4.576
138 4.763
139 4.648
140 4.911
141 4.832
142 4.976
143 4.991
144 5.068
145 5.288
146 5.179
147 5.396
148 5.396
149 5.587
150 5.46
151 5.736
152 5.655
153 5.867
154 5.784
155 6.076
156 5.931
157 6.168
158 6.28
159 6.387
160 6.268
161 6.559
162 6.48
163 6.704
164 6.647
165 6.936
166 6.867
167 7.008
168 7.152
169 7.059
170 7.344
171 7.283
172 7.452
173 7.491
174 7.476
175 6.659
176 7.052
177 6.508
178 6.864
179 6.907
180 6.871
181 7.063
182 7.488
183 7.007
184 7.28
185 7.364
186 7.871
187 7.344
188 9.
189 9.456
190 9.103
191 9.152
192 9.327
193 9.492
194 10.
195 9.635
196 9.684
197 9.956
198 10.035
199 10.68
200 10.003