1 0.356
2 0.371
3 0.355
4 0.387
5 0.387
6 0.396
7 0.403
8 0.404
9 0.38
10 0.395
11 0.416
12 0.416
13 0.431
14 0.427
15 0.423
16 0.423
17 0.456
18 0.46
19 0.452
20 0.467
21 0.479
22 0.456
23 0.484
24 0.492
25 0.463
26 0.496
27 0.495
28 0.471
29 0.475
30 0.488
31 0.507
32 0.507
33 0.5
34 0.5
35 0.503
36 0.5
37 0.516
38 0.523
39 0.54
40 0.555
41 0.528
42 0.523
43 0.552
44 0.572
45 0.547
46 0.564
47 0.564
48 0.571
49 0.592
50 0.559
51 0.588
52 0.587
53 0.608
54 0.591
55 0.596
56 0.623
57 0.619
58 0.612
59 0.596
60 0.627
61 0.623
62 0.64
63 0.64
64 0.643
65 0.644
66 0.655
67 0.655
68 0.648
69 0.659
70 0.68
71 0.671
72 0.68
73 0.663
74 0.659
75 0.68
76 0.708
77 0.695
78 0.688
79 0.715
80 0.688
81 0.712
82 0.72
83 0.719
84 0.731
85 0.728
86 0.72
87 0.724
88 0.735
89 0.752
90 0.755
91 0.76
92 0.768
93 0.752
94 0.743
95 0.76
96 0.768
97 0.779
98 0.796
99 0.787
100 0.775
101 0.807
102 0.816
103 0.783
104 0.811
105 0.82
106 0.815
107 0.831
108 0.816
109 0.835
110 0.827
111 0.84
112 0.84
113 0.847
114 0.823
115 0.811
116 0.832
117 0.84
118 0.855
119 0.844
120 0.851
121 0.86
122 0.871
123 0.868
124 0.867
125 0.872
126 0.895
127 0.904
128 0.907
129 0.9
130 0.912
131 0.919
132 0.923
133 0.912
134 0.92
135 0.94
136 0.92
137 0.919
138 0.931
139 0.939
140 0.927
141 0.952
142 0.952
143 0.943
144 0.956
145 0.967
146 0.964
147 0.963
148 0.975
149 0.979
150 0.988
151 0.988
152 0.988
153 0.971
154 0.979
155 0.991
156 1.004
157 1.023
158 0.988
159 1.003
160 1.024
161 1.019
162 1.024
163 1.019
164 1.036
165 1.028
166 1.036
167 1.039
168 1.036
169 1.052
170 1.036
171 1.059
172 1.051
173 1.071
174 1.08
175 1.075
176 1.072
177 1.079
178 1.092
179 1.091
180 1.076
181 1.104
182 1.108
183 1.119
184 1.112
185 1.119
186 1.123
187 1.132
188 1.135
189 1.14
190 1.144
191 1.159
192 1.148
193 1.127
194 1.152
195 1.148
196 1.163
197 1.164
198 1.167
199 1.163
200 1.184
201 1.188
202 1.195
203 1.176
204 1.179
205 1.195
206 1.192
207 1.204
208 1.199
209 1.195
210 1.204
211 1.219
212 1.231
213 1.24
214 1.251
215 1.239
216 1.236
217 1.251
218 1.264
219 1.252
220 1.264
221 1.271
222 1.259
223 1.276
224 1.268
225 1.283
226 1.283
227 1.292
228 1.296
229 1.304
230 1.303
231 1.32
232 1.311
233 1.315
234 1.332
235 1.347
236 1.336
237 1.331
238 1.36
239 1.347
240 1.351
241 1.355
242 1.36
243 1.351
244 1.367
245 1.371
246 1.384
247 1.391
248 1.384
249 1.379
250 1.387
251 1.4
252 1.391
253 1.404
254 1.427
255 1.416
256 1.423
257 1.423
258 1.412
259 1.423
260 1.431
261 1.439
262 1.452
263 1.448
264 1.452
265 1.467
266 1.452
267 1.463
268 1.475
269 1.46
270 1.452
271 1.463
272 1.475
273 1.484
274 1.488
275 1.475
276 1.492
277 1.503
278 1.496
279 1.503
280 1.5
281 1.504
282 1.527
283 1.524
284 1.536
285 1.523
286 1.544
287 1.536
288 1.519
289 1.564
290 1.551
291 1.536
292 1.572
293 1.564
294 1.564
295 1.555
296 1.579
297 1.587
298 1.6
299 1.591
300 1.596
301 1.587
302 1.588
303 1.591
304 1.604
305 1.599
306 1.619
307 1.636
308 1.623
309 1.64
310 1.627
311 1.636
312 1.636
313 1.655
314 1.648
315 1.659
316 1.663
317 1.648
318 1.667
319 1.684
320 1.672
321 1.684
322 1.683
323 1.7
324 1.711
325 1.72
326 1.715
327 1.704
328 1.699
329 1.731
330 1.731
331 1.724
332 1.731
333 1.72
334 1.724
335 1.739
336 1.747
337 1.74
338 1.743
339 1.756
340 1.764
341 1.771
342 1.764
343 1.768
344 1.783
345 1.76
346 1.792
347 1.783
348 1.8
349 1.8
350 1.795
351 1.788
352 1.819
353 1.815
354 1.816
355 1.811
356 1.819
357 1.824
358 1.831
359 1.84
360 1.855
361 1.844
362 1.844
363 1.852
364 1.844
365 1.839
366 1.864
367 1.88
368 1.859
369 1.86
370 1.867
371 1.868
372 1.876
373 1.895
374 1.9
375 1.891
376 1.912
377 1.919
378 1.911
379 1.92
380 1.92
381 1.936
382 1.935
383 1.935
384 1.944
385 1.935
386 1.927
387 1.947
388 1.94
389 1.931
390 1.963
391 1.956
392 1.956
393 1.956
394 1.975
395 1.967
396 1.98
397 1.988
398 1.988
399 2.007
400 1.996
401 2.015
402 2.007
403 2.008
404 2.011
405 2.003
406 2.036
407 2.036
408 2.02
409 2.036
410 2.051
411 2.06
412 2.072
413 2.039
414 2.055
415 2.072
416 2.1
417 2.104
418 2.095
419 2.096
420 2.091
421 2.1
422 2.104
423 2.095
424 2.112
425 2.127
426 2.112
427 2.112
428 2.124
429 2.131
430 2.144
431 2.144
432 2.131
433 2.127
434 2.152
435 2.156
436 2.143
437 2.152
438 2.152
439 2.172
440 2.159
441 2.171
442 2.18
443 2.192
444 2.167
445 2.2
446 2.215
447 2.188
448 2.203
449 2.184
450 2.212
451 2.195
452 2.199
453 2.228
454 2.224
455 2.228
456 2.228
457 2.235
458 2.296
459 2.332
460 2.291
461 2.307
462 2.299
463 2.296
464 2.319
465 2.328
466 2.3
467 2.344
468 2.331
469 2.32
470 2.315
471 2.323
472 2.352
473 2.347
474 2.355
475 2.364
476 2.376
477 2.371
478 2.384
479 2.387
480 2.387
481 2.395
482 2.387
483 2.368
484 2.375
485 2.388
486 2.403
487 2.416
488 2.387
489 2.408
490 2.431
491 2.427
492 2.423
493 2.448
494 2.471
495 2.472
496 2.483
497 2.5
498 2.5
499 2.467
500 2.463
501 2.483
502 2.476
503 2.479
504 2.468
505 2.5
506 2.467
507 2.503
508 2.488
509 2.487
510 2.516
511 2.496
512 2.483
513 2.504
514 2.523
515 2.532
516 2.536
517 2.532
518 2.528
519 2.536
520 2.551
521 2.539
522 2.547
523 2.564
524 2.556
525 2.551
526 2.583
527 2.576
528 2.579
529 2.576
530 2.584
531 2.583
532 2.612
533 2.604
534 2.623
535 2.623
536 2.632
537 2.623
538 2.631
539 2.611
540 2.624
541 2.623
542 2.631
543 2.644
544 2.668
545 2.631
546 2.655
547 2.659
548 2.664
549 2.663
550 2.68
551 2.692
552 2.655
553 2.68
554 2.671
555 2.695
556 2.664
557 2.699
558 2.703
559 2.72
560 2.711
561 2.708
562 2.731
563 2.716
564 2.735
565 2.724
566 2.747
567 2.752
568 2.751
569 3.028
570 2.912
571 2.751
572 2.776
573 2.771
574 2.764
575 2.755
576 2.792
577 2.787
578 2.812
579 2.943
580 2.775
581 2.803
582 2.787
583 2.807
584 2.811
585 2.8
586 2.807
587 2.832
588 2.844
589 2.847
590 2.847
591 2.844
592 2.832
593 2.855
594 2.855
595 2.876
596 2.876
597 2.871
598 2.891
599 2.887
600 2.864
601 2.871
602 2.884
603 2.884
604 2.884
605 2.887
606 2.916
607 2.891
608 2.899
609 3.028
610 2.911
611 2.928
612 2.935
613 2.952
614 2.939
615 2.952
616 2.944
617 2.939
618 2.952
619 2.96
620 2.96
621 2.963
622 2.988
623 2.996
624 3.003
625 2.996
626 3.
627 2.992
628 2.992
629 3.003
630 3.007
631 3.02
632 3.015
633 3.003
634 3.031
635 3.044
636 3.039
637 3.019
638 3.032
639 3.028
640 3.056
641 3.171
642 3.051
643 3.076
644 3.107
645 3.104
646 3.083
647 3.051
648 3.051
649 3.08
650 3.071
651 3.076
652 3.087
653 3.087
654 3.092
655 3.099
656 3.108
657 3.108
658 3.136
659 3.139
660 3.123
661 3.119
662 3.14
663 3.163
664 3.144
665 3.155
666 3.171
667 3.155
668 3.155
669 3.159
670 3.167
671 3.172
672 3.192
673 3.176
674 3.184
675 3.183
676 3.172
677 3.192
678 3.195
679 3.22
680 3.219
681 3.228
682 3.22
683 3.224
684 3.235
685 3.236
686 3.251
687 3.26
688 3.256
689 3.259
690 3.263
691 3.271
692 3.268
693 3.279
694 3.292
695 3.263
696 3.272
697 3.299
698 3.264
699 3.288
700 3.295
701 3.311
702 3.287
703 3.304
704 3.3
705 3.312
706 3.295
707 3.328
708 3.319
709 3.332
710 3.372
711 3.384
712 3.299
713 3.288
714 3.311
715 3.328
716 3.319
717 3.319
718 3.312
719 3.307
720 3.319
721 3.332
722 3.311
723 3.323
724 3.48
725 3.408
726 3.42
727 3.403
728 3.416
729 3.408
730 3.423
731 3.423
732 3.439
733 3.44
734 3.42
735 3.443
736 3.432
737 3.439
738 3.46
739 3.456
740 3.452
741 3.46
742 3.484
743 3.5
744 3.479
745 3.492
746 3.496
747 3.503
748 3.496
749 3.507
750 3.52
751 3.507
752 3.516
753 3.531
754 3.516
755 3.528
756 3.536
757 3.539
758 3.551
759 3.56
760 3.547
761 3.559
762 3.559
763 3.539
764 3.568
765 3.572
766 3.572
767 3.583
768 3.592
769 3.591
770 3.579
771 3.592
772 3.591
773 3.516
774 3.539
775 3.579
776 3.667
777 3.624
778 3.648
779 3.631
780 3.648
781 3.659
782 3.628
783 3.631
784 3.655
785 3.636
786 3.652
787 3.652
788 3.667
789 3.668
790 3.659
791 3.671
792 3.668
793 3.671
794 3.676
795 3.699
796 3.672
797 3.699
798 3.712
799 3.703
800 3.699
801 3.712
802 3.731
803 3.723
804 3.703
805 3.724
806 3.739
807 3.748
808 3.76
809 3.739
810 3.724
811 3.747
812 3.768
813 3.764
814 3.768
815 3.779
816 3.776
817 3.775
818 3.787
819 3.788
820 3.796
821 3.799
822 3.807
823 3.807
824 3.795
825 3.796
826 3.779
827 3.795
828 3.8
829 3.804
830 3.832
831 3.819
832 3.807
833 3.827
834 3.823
835 3.836
836 3.836
837 3.847
838 3.855
839 3.86
840 3.884
841 3.895
842 3.9
843 3.887
844 3.912
845 3.899
846 3.916
847 3.896
848 3.919
849 3.903
850 3.895
851 3.923
852 3.923
853 3.907
854 3.936
855 3.935
856 3.952
857 3.923
858 3.92
859 3.963
860 3.963
861 3.967
862 3.979
863 3.975
864 3.991
865 3.976
866 3.983
867 4.
868 4.003
869 4.
870 3.979
871 3.992
872 4.02
873 3.992
874 4.015
875 4.015
876 4.031
877 4.036
878 4.02
879 4.011
880 4.028
881 4.039
882 4.047
883 4.059
884 4.048
885 4.051
886 4.064
887 4.067
888 4.047
889 4.055
890 4.064
891 4.068
892 4.076
893 4.072
894 4.072
895 4.076
896 4.091
897 4.119
898 4.103
899 4.1
900 4.123
901 4.132
902 4.155
903 4.127
904 4.164
905 4.167
906 4.176
907 4.152
908 4.148
909 4.163
910 4.155
911 4.167
912 4.167
913 4.171
914 4.172
915 4.188
916 4.171
917 4.175
918 4.192
919 4.212
920 4.219
921 4.204
922 4.231
923 4.22
924 4.231
925 4.224
926 4.231
927 4.228
928 4.243
929 4.26
930 4.228
931 4.244
932 4.251
933 4.271
934 4.248
935 4.268
936 4.271
937 4.271
938 4.271
939 4.279
940 4.291
941 4.292
942 4.296
943 4.295
944 4.292
945 4.284
946 4.291
947 4.296
948 4.315
949 4.296
950 4.311
951 4.311
952 4.32
953 4.315
954 4.332
955 4.367
956 4.34
957 4.332
958 4.344
959 4.372
960 4.407
961 4.38
962 4.396
963 4.415
964 4.42
965 4.392
966 4.38
967 4.415
968 4.4
969 4.387
970 4.404
971 4.419
972 4.407
973 4.42
974 4.408
975 4.412
976 4.431
977 4.448
978 4.439
979 4.452
980 4.448
981 4.487
982 4.448
983 4.46
984 4.472
985 4.451
986 4.468
987 4.491
988 4.467
989 4.479
990 4.484
991 4.492
992 4.475
993 4.503
994 4.5
995 4.503
996 4.507
997 4.52
998 4.539
999 4.531
1000 4.528