1 0.043
2 0.096
3 0.164
4 0.228
5 0.292
6 0.379
7 0.463
8 0.556
9 0.635
10 0.72
11 0.864
12 0.947
13 1.067
14 1.184
15 1.323
16 1.519
17 1.784
18 1.844
19 1.867
20 2.028
21 2.251
22 2.412
23 2.579
24 2.804
25 3.096
26 3.124
27 3.372
28 3.591
29 3.908
30 4.155
31 4.231
32 4.544
33 4.695
34 5.22
35 5.291
36 5.464
37 5.864
38 6.291
39 6.447
40 6.847
41 7.276
42 7.495
43 7.648
44 8.271
45 8.4
46 8.799
47 9.307
48 9.548
49 10.111
50 10.192
51 10.827
52 12.395
53 11.576
54 11.819
55 12.372
56 12.799
57 13.115
58 13.675
59 14.079
60 15.016