1 0.031
2 0.06
3 0.096
4 0.14
5 0.175
6 0.211
7 0.251
8 0.296
9 0.339
10 0.392
11 0.447
12 0.496
13 0.539
14 0.603
15 0.672
16 0.724
17 0.791
18 0.816
19 0.867
20 0.94
21 1.003
22 1.072
23 1.152
24 1.199
25 1.291
26 1.36
27 1.423
28 1.519
29 1.603
30 1.688
31 1.8
32 1.923
33 1.956
34 2.019
35 2.128
36 2.223
37 2.304
38 2.416
39 2.847
40 2.679
41 2.696
42 2.763
43 2.927
44 3.016
45 3.211
46 3.299
47 3.312
48 3.48
49 3.603
50 3.831
51 3.832
52 3.939
53 4.088
54 4.311
55 4.32
56 4.435
57 4.684
58 4.751
59 4.824
60 4.996
61 5.155
62 5.255
63 5.476
64 5.519
65 5.668
66 5.94
67 5.967
68 6.211
69 6.268
70 6.472
71 6.668
72 6.719
73 7.019
74 7.056
75 7.364
76 7.376
77 7.667
78 8.059
79 7.956
80 8.019
81 8.284
82 8.5
83 8.572
84 9.327
85 9.475
86 9.704
87 9.943
88 10.068
89 10.299
90 10.536
91 11.172
92 10.771
93 11.176
94 11.379
95 12.003