1 0.26
2 0.264
3 0.287
4 0.295
5 0.3
6 0.315
7 0.304
8 0.328
9 0.344
10 0.34
11 0.336
12 0.344
13 0.356
14 0.363
15 0.367
16 0.375
17 0.391
18 0.407
19 0.423
20 0.423
21 0.423
22 0.423
23 0.448
24 0.435
25 0.471
26 0.467
27 0.487
28 0.503
29 0.487
30 0.523
31 0.528
32 0.539
33 0.515
34 0.551
35 0.536
36 0.568
37 0.564
38 0.576
39 0.576
40 0.572
41 0.591
42 0.608
43 0.632
44 0.627
45 0.644
46 0.644
47 0.644
48 0.631
49 0.66
50 0.675
51 0.668
52 0.684
53 0.699
54 0.699
55 0.72
56 0.711
57 0.72
58 0.724
59 0.735
60 0.739
61 0.763
62 0.771
63 0.771
64 0.78
65 0.787
66 0.796
67 0.804
68 0.811
69 0.823
70 0.823
71 0.823
72 0.835
73 0.844
74 0.851
75 0.864
76 0.864
77 0.876
78 0.895
79 0.908
80 0.903
81 0.907
82 0.927
83 0.916
84 0.948
85 0.931
86 0.944
87 0.963
88 0.967
89 0.967
90 0.996
91 0.992
92 0.991
93 1.028
94 1.031
95 1.016
96 1.059
97 1.047
98 1.068
99 1.064
100 1.076
101 1.079
102 1.079
103 1.091
104 1.099
105 1.136
106 1.135
107 1.128
108 1.132
109 1.168
110 1.183
111 1.171
112 1.176
113 1.192
114 1.184
115 1.199
116 1.207
117 1.195
118 1.215
119 1.22
120 1.231
121 1.231
122 1.256
123 1.264
124 1.268
125 1.275
126 1.291
127 1.28
128 1.312
129 1.311
130 1.315
131 1.311
132 1.316
133 1.34
134 1.351
135 1.351
136 1.347
137 1.368
138 1.384
139 1.4
140 1.391
141 1.395
142 1.416
143 1.408
144 1.439
145 1.423
146 1.435
147 1.456
148 1.463
149 1.463
150 1.463
151 1.483
152 1.492
153 1.503
154 1.5
155 1.511
156 1.519
157 1.536
158 1.552
159 1.548
160 1.548
161 1.563
162 1.583
163 1.6
164 1.608
165 1.603
166 1.612
167 1.608
168 1.615
169 1.631
170 1.655
171 1.627
172 1.659
173 1.664
174 1.663
175 1.679
176 1.692
177 1.683
178 1.711
179 1.716
180 1.72
181 1.72
182 1.739
183 1.76
184 1.764
185 1.771
186 1.796
187 1.787
188 1.807
189 1.784
190 1.804
191 1.811
192 1.807
193 1.835
194 1.836
195 1.848
196 1.847
197 1.859
198 1.856
199 1.867
200 1.887
201 1.891
202 1.896
203 1.92
204 1.896
205 1.935
206 1.931
207 1.936
208 1.936
209 1.956
210 1.956
211 1.963
212 1.979
213 1.992
214 1.992
215 1.996
216 2.015
217 2.023
218 2.015
219 2.032
220 2.031
221 2.056
222 2.055
223 2.063
224 2.083
225 2.083
226 2.095
227 2.107
228 2.104
229 2.099
230 2.115
231 2.135
232 2.115
233 2.151
234 2.14
235 2.159
236 2.148
237 2.195
238 2.188
239 2.179
240 2.195
241 2.211
242 2.203
243 2.212
244 2.228
245 2.228
246 2.244
247 2.255
248 2.268
249 2.268
250 2.291
251 2.3
252 2.3
253 2.311
254 2.319
255 2.331
256 2.351
257 2.355
258 2.355
259 2.355
260 2.356
261 2.376
262 2.371
263 2.384
264 2.4
265 2.407
266 2.404
267 2.427
268 2.427
269 2.42
270 2.451
271 2.439
272 2.448
273 2.459
274 2.467
275 2.471
276 2.479
277 2.496
278 2.503
279 2.503
280 2.524
281 2.524
282 2.527
283 2.551
284 2.56
285 2.568
286 2.587
287 2.579
288 2.572
289 2.587
290 2.612
291 2.607
292 2.615
293 2.652
294 2.631
295 2.655
296 2.647
297 2.655
298 2.675
299 2.672
300 2.667
301 2.68
302 2.695
303 2.703
304 2.715
305 2.724
306 2.731
307 2.743
308 2.743
309 2.764
310 2.76
311 2.759
312 2.779
313 2.788
314 2.795
315 2.804
316 2.812
317 2.828
318 2.836
319 2.851
320 2.844
321 2.863
322 2.887
323 2.868
324 2.884
325 2.872
326 2.907
327 2.895
328 2.891
329 2.927
330 2.927
331 2.931
332 2.927
333 2.943
334 2.952
335 2.963
336 2.971
337 2.98
338 2.971
339 2.996
340 2.996
341 3.02
342 3.023
343 3.028
344 3.028
345 3.039
346 3.048
347 3.064
348 3.068
349 3.079
350 3.087
351 3.076
352 3.103
353 3.091
354 3.119
355 3.099
356 3.14
357 3.135
358 3.14
359 3.172
360 3.172
361 3.163
362 3.167
363 3.18
364 3.184
365 3.188
366 3.203
367 3.211
368 3.235
369 3.231
370 3.224
371 3.255
372 3.248
373 3.255
374 3.268
375 3.271
376 3.287
377 3.3
378 3.328
379 3.307
380 3.319
381 3.327
382 3.355
383 3.352
384 3.367
385 3.372
386 3.395
387 3.367
388 3.391
389 3.408
390 3.404
391 3.407
392 3.404
393 3.411
394 3.423
395 3.431
396 3.443
397 3.463
398 3.467
399 3.472
400 3.487
401 3.491
402 3.5
403 3.496
404 3.511
405 3.507
406 3.528
407 3.539
408 3.555
409 3.555
410 3.559
411 3.564
412 3.584
413 3.583
414 3.592
415 3.603
416 3.6
417 3.627
418 3.619
419 3.615
420 3.644
421 3.659
422 3.663
423 3.676
424 3.684
425 3.688
426 3.68
427 3.699
428 3.708
429 3.712
430 3.72
431 3.728
432 3.728
433 3.731
434 3.731
435 3.751
436 3.76
437 3.779
438 3.796
439 3.787
440 3.787
441 3.824
442 3.823
443 3.832
444 3.851
445 3.859
446 3.855
447 3.864
448 3.868
449 3.851
450 3.884
451 3.904
452 3.9
453 3.956
454 3.864
455 3.864
456 3.859
457 3.88
458 3.887
459 3.887
460 3.904
461 3.923
462 3.912
463 3.911
464 3.916
465 3.931
466 3.94
467 3.956
468 3.971
469 3.98
470 3.983
471 3.984
472 3.996
473 3.992
474 4.195
475 4.079
476 4.092
477 4.103
478 4.104
479 4.107
480 4.139
481 4.14
482 4.143
483 4.148
484 4.152
485 4.163
486 4.18
487 4.195
488 4.18
489 4.183
490 4.203
491 4.204
492 4.207
493 4.207
494 4.212
495 4.231
496 4.235
497 4.255
498 4.283
499 4.28
500 4.304
501 4.316
502 4.311
503 4.307
504 4.332
505 4.328
506 4.324
507 4.347
508 4.344
509 4.336
510 4.372
511 4.38
512 4.384
513 4.388
514 4.404
515 4.412
516 4.416
517 4.456
518 4.423
519 4.416
520 4.432
521 4.443
522 4.444
523 4.452
524 4.459
525 4.467
526 4.479
527 4.492
528 4.515
529 4.511
530 4.523
531 4.531
532 4.543
533 4.539
534 4.556
535 4.567
536 4.559
537 4.579
538 4.576
539 4.579
540 4.595
541 4.611
542 4.623
543 4.619
544 4.624
545 4.632
546 4.647
547 4.659
548 4.647
549 4.652
550 4.668
551 4.683
552 4.7
553 4.683
554 4.692
555 4.708
556 4.731
557 4.735
558 4.743
559 4.739
560 4.764
561 4.764
562 4.768
563 4.78
564 4.78
565 4.796
566 4.799
567 4.791
568 4.816
569 4.827
570 4.835
571 4.827
572 4.827
573 4.827
574 4.847
575 4.847
576 4.863
577 4.879
578 4.896
579 4.912
580 4.887
581 4.912
582 4.92
583 4.927
584 4.927
585 4.952
586 4.952
587 4.963
588 4.959
589 4.972
590 4.971
591 4.992
592 5.004
593 5.004
594 5.015
595 5.023
596 5.043
597 5.028
598 5.055
599 5.072
600 5.064
601 5.067
602 5.076
603 5.095
604 5.087
605 5.111
606 5.148
607 5.147
608 5.147
609 5.156
610 5.183
611 5.179
612 5.18
613 5.18
614 5.195
615 5.204
616 5.224
617 5.207
618 5.216
619 5.236
620 5.236
621 5.264
622 5.268
623 5.272
624 5.275
625 5.288
626 5.304
627 5.288
628 5.304
629 5.316
630 5.319
631 5.332
632 5.332
633 5.323
634 5.263
635 5.268
636 5.287
637 5.296
638 5.304
639 5.316
640 5.304
641 5.332
642 5.335
643 5.332
644 5.356
645 5.36
646 5.363
647 5.363
648 5.384
649 5.384
650 5.399
651 5.399
652 5.416
653 5.423
654 5.423
655 5.443
656 5.435
657 5.456
658 5.479
659 5.484
660 5.471
661 5.5
662 5.512
663 5.512
664 5.523
665 5.532
666 5.523
667 5.515
668 5.543
669 5.555
670 5.567
671 5.555
672 5.583
673 5.583
674 5.587
675 5.592
676 5.612
677 5.623
678 5.615
679 5.619
680 5.639
681 5.636
682 5.639
683 5.664
684 5.652
685 5.684
686 5.683
687 5.687
688 5.68
689 5.711
690 5.719
691 5.728
692 5.731
693 5.744
694 5.744
695 5.747
696 5.756
697 5.771
698 5.784
699 5.768
700 5.791
701 5.811
702 5.788
703 5.811
704 5.815
705 5.835
706 5.832
707 5.847
708 5.847
709 5.88
710 5.871
711 5.896
712 5.907
713 5.904
714 5.903
715 5.915
716 5.923
717 5.94
718 5.935
719 5.948
720 5.948
721 5.948
722 5.956
723 5.976
724 5.976
725 5.987
726 5.992
727 6.02
728 6.015
729 6.036
730 6.015
731 6.031
732 6.059
733 6.036
734 6.063
735 6.056
736 6.084
737 6.083
738 6.084
739 6.103
740 6.1
741 6.104
742 6.127
743 6.123
744 6.14
745 6.155
746 6.164
747 6.155
748 6.164
749 6.175
750 6.192
751 6.188
752 6.192
753 6.2
754 6.204
755 6.211
756 6.227
757 6.239
758 6.252
759 6.264
760 6.291
761 6.28
762 6.299
763 6.308
764 6.296
765 6.311
766 6.315
767 6.311
768 6.332
769 6.336
770 6.344
771 6.343
772 6.347
773 6.351
774 6.384
775 6.396
776 6.379
777 6.391
778 6.412
779 6.416
780 6.424
781 6.435
782 6.443
783 6.436
784 6.448
785 6.463
786 6.463
787 6.484
788 6.503
789 6.476
790 6.504
791 6.512
792 6.5
793 6.523
794 6.528
795 6.552
796 6.54
797 6.567
798 6.559
799 6.568
800 6.563
801 6.579
802 6.587
803 6.596
804 6.612
805 6.62
806 6.64
807 6.648
808 6.647
809 6.675
810 6.671
811 6.672
812 6.676
813 6.688
814 6.7
815 6.7
816 6.727
817 6.736
818 6.719
819 6.727
820 6.752
821 6.752
822 6.763
823 6.772
824 6.755
825 6.792
826 6.771
827 6.791
828 6.792
829 6.811
830 6.811
831 6.807
832 6.824
833 6.847
834 6.86
835 6.855
836 6.863
837 6.855
838 6.891
839 6.876
840 6.891
841 6.904
842 6.908
843 6.907
844 6.927
845 6.924
846 6.94
847 6.951
848 6.959
849 6.956
850 6.963
851 6.984
852 7.007
853 7.012
854 7.02
855 7.028
856 7.043
857 7.019
858 7.048
859 7.043
860 7.056
861 7.063
862 7.055
863 7.072
864 7.079
865 7.083
866 7.107
867 7.115
868 7.111
869 7.139
870 7.119
871 7.144
872 7.139
873 7.155
874 7.167
875 7.167
876 7.192
877 7.184
878 7.192
879 7.192
880 7.219
881 7.231
882 7.211
883 7.247
884 7.227
885 7.252
886 7.244
887 7.26
888 7.28
889 7.268
890 7.283
891 7.292
892 7.304
893 7.319
894 7.316
895 7.324
896 7.328
897 7.327
898 7.363
899 7.371
900 7.396
901 7.384
902 7.372
903 7.399
904 7.407
905 7.412
906 7.424
907 7.424
908 7.44
909 7.44
910 7.427
911 7.467
912 7.46
913 7.496
914 7.479
915 7.487
916 7.484
917 7.5
918 7.512
919 7.504
920 7.515
921 7.547
922 7.54
923 7.532
924 7.559
925 7.555
926 7.572
927 7.576
928 7.572
929 7.608
930 7.587
931 7.608
932 7.612
933 7.612
934 7.632
935 7.631
936 7.647
937 7.663
938 7.664
939 7.683
940 7.688
941 7.7
942 7.7
943 7.735
944 7.716
945 7.728
946 7.736
947 7.747
948 7.752
949 7.752
950 7.744
951 7.772
952 7.783
953 7.796
954 7.8
955 7.804
956 7.804
957 7.819
958 7.824
959 7.824
960 7.84
961 7.835
962 7.851
963 7.872
964 7.871
965 7.888
966 7.899
967 7.904
968 7.903
969 7.923
970 7.907
971 7.928
972 7.92
973 7.952
974 7.94
975 7.959
976 7.944
977 7.976
978 7.983
979 7.972
980 7.984
981 8.023
982 8.031
983 8.012
984 8.028
985 8.039
986 8.076
987 8.068
988 8.059
989 8.072
990 8.064
991 8.091
992 8.108
993 8.095
994 8.103
995 8.115
996 8.136
997 8.156
998 8.139
999 8.164
1000 8.155