1 0.024
2 0.02
3 0.024
4 0.019
5 0.024
6 0.024
7 0.024
8 0.028
9 0.019
10 0.019
11 0.019
12 0.024
13 0.028
14 0.024
15 0.024
16 0.016
17 0.024
18 0.024
19 0.028
20 0.028
21 0.024
22 0.024
23 0.02
24 0.024
25 0.027
26 0.024
27 0.024
28 0.031
29 0.024
30 0.024
31 0.024
32 0.024
33 0.028
34 0.024
35 0.024
36 0.024
37 0.028
38 0.024
39 0.024
40 0.024
41 0.028
42 0.024
43 0.024
44 0.031
45 0.028
46 0.024
47 0.027
48 0.024
49 0.028
50 0.024
51 0.027
52 0.024
53 0.024
54 0.024
55 0.027
56 0.024
57 0.027
58 0.027
59 0.024
60 0.024
61 0.028
62 0.027
63 0.031
64 0.028
65 0.024
66 0.028
67 0.028
68 0.028
69 0.028
70 0.028
71 0.032
72 0.027
73 0.023
74 0.028
75 0.024
76 0.028
77 0.024
78 0.024
79 0.032
80 0.024
81 0.032
82 0.028
83 0.027
84 0.028
85 0.027
86 0.028
87 0.024
88 0.031
89 0.024
90 0.043
91 0.024
92 0.028
93 0.024
94 0.028
95 0.028
96 0.027
97 0.031
98 0.024
99 0.027
100 0.024
101 0.027
102 0.027
103 0.028
104 0.027
105 0.028
106 0.027
107 0.027
108 0.028
109 0.027
110 0.028
111 0.028
112 0.028
113 0.031
114 0.027
115 0.028
116 0.031
117 0.028
118 0.036
119 0.027
120 0.028
121 0.028
122 0.031
123 0.027
124 0.031
125 0.028
126 0.031
127 0.036
128 0.028
129 0.027
130 0.027
131 0.028
132 0.031
133 0.031
134 0.027
135 0.028
136 0.027
137 0.032
138 0.036
139 0.028
140 0.032
141 0.028
142 0.031
143 0.036
144 0.031
145 0.027
146 0.027
147 0.028
148 0.032
149 0.036
150 0.031
151 0.032
152 0.032
153 0.031
154 0.031
155 0.036
156 0.032
157 0.031
158 0.031
159 0.036
160 0.032
161 0.031
162 0.031
163 0.028
164 0.027
165 0.031
166 0.036
167 0.032
168 0.031
169 0.031
170 0.039
171 0.027
172 0.031
173 0.031
174 0.028
175 0.031
176 0.031
177 0.036
178 0.036
179 0.031
180 0.031
181 0.028
182 0.031
183 0.031
184 0.031
185 0.031
186 0.036
187 0.036
188 0.04
189 0.031
190 0.031
191 0.031
192 0.031
193 0.036
194 0.039
195 0.032
196 0.031
197 0.031
198 0.031
199 0.036
200 0.031
201 0.031
202 0.031
203 0.031
204 0.031
205 0.036
206 0.036
207 0.036
208 0.04
209 0.031
210 0.032
211 0.036
212 0.036
213 0.031
214 0.039
215 0.039
216 0.036
217 0.036
218 0.036
219 0.047
220 0.036
221 0.032
222 0.031
223 0.036
224 0.031
225 0.031
226 0.036
227 0.032
228 0.036
229 0.031
230 0.036
231 0.036
232 0.036
233 0.036
234 0.036
235 0.036
236 0.036
237 0.036
238 0.036
239 0.036
240 0.031
241 0.036
242 0.036
243 0.036
244 0.036
245 0.031
246 0.031
247 0.036
248 0.036
249 0.036
250 0.031
251 0.032
252 0.036
253 0.036
254 0.036
255 0.036
256 0.031
257 0.036
258 0.04
259 0.043
260 0.04
261 0.039
262 0.036
263 0.04
264 0.036
265 0.036
266 0.036
267 0.036
268 0.036
269 0.044
270 0.043
271 0.039
272 0.04
273 0.036
274 0.036
275 0.036
276 0.036
277 0.048
278 0.036
279 0.039
280 0.036
281 0.036
282 0.036
283 0.036
284 0.039
285 0.04
286 0.04
287 0.036
288 0.036
289 0.04
290 0.043
291 0.039
292 0.036
293 0.036
294 0.036
295 0.04
296 0.036
297 0.036
298 0.036
299 0.043
300 0.043
301 0.039
302 0.036
303 0.036
304 0.04
305 0.036
306 0.04
307 0.036
308 0.048
309 0.043
310 0.036
311 0.039
312 0.04
313 0.039
314 0.036
315 0.043
316 0.043
317 0.036
318 0.04
319 0.039
320 0.039
321 0.04
322 0.048
323 0.043
324 0.04
325 0.051
326 0.04
327 0.039
328 0.04
329 0.039
330 0.04
331 0.039
332 0.039
333 0.039
334 0.048
335 0.043
336 0.04
337 0.051
338 0.044
339 0.039
340 0.039
341 0.043
342 0.039
343 0.048
344 0.039
345 0.052
346 0.039
347 0.036
348 0.036
349 0.039
350 0.048
351 0.043
352 0.04
353 0.04
354 0.04
355 0.048
356 0.04
357 0.048
358 0.043
359 0.044
360 0.039
361 0.04
362 0.043
363 0.039
364 0.043
365 0.043
366 0.048
367 0.04
368 0.052
369 0.04
370 0.051
371 0.044
372 0.039
373 0.044
374 0.04
375 0.044
376 0.04
377 0.043
378 0.039
379 0.044
380 0.052
381 0.043
382 0.051
383 0.044
384 0.04
385 0.043
386 0.048
387 0.044
388 0.04
389 0.043
390 0.043
391 0.04
392 0.044
393 0.048
394 0.043
395 0.043
396 0.043
397 0.047
398 0.043
399 0.043
400 0.048
401 0.044
402 0.048
403 0.044
404 0.048
405 0.052
406 0.043
407 0.048
408 0.052
409 0.043
410 0.043
411 0.044
412 0.043
413 0.048
414 0.043
415 0.048
416 0.064
417 0.043
418 0.048
419 0.051
420 0.043
421 0.051
422 0.052
423 0.043
424 0.048
425 0.048
426 0.043
427 0.048
428 0.052
429 0.043
430 0.048
431 0.052
432 0.048
433 0.044
434 0.048
435 0.048
436 0.043
437 0.043
438 0.048
439 0.052
440 0.043
441 0.048
442 0.051
443 0.06
444 0.044
445 0.043
446 0.048
447 0.055
448 0.048
449 0.048
450 0.048
451 0.048
452 0.044
453 0.044
454 0.052
455 0.052
456 0.055
457 0.043
458 0.043
459 0.048
460 0.048
461 0.052
462 0.043
463 0.043
464 0.043
465 0.048
466 0.051
467 0.06
468 0.043
469 0.048
470 0.043
471 0.048
472 0.051
473 0.048
474 0.052
475 0.043
476 0.048
477 0.043
478 0.048
479 0.052
480 0.051
481 0.052
482 0.06
483 0.06
484 0.048
485 0.048
486 0.044
487 0.048
488 0.048
489 0.048
490 0.052
491 0.048
492 0.052
493 0.052
494 0.056
495 0.06
496 0.048
497 0.048
498 0.048
499 0.048
500 0.052
501 0.051
502 0.048
503 0.048
504 0.048
505 0.048
506 0.048
507 0.052
508 0.052
509 0.052
510 0.052
511 0.051
512 0.051
513 0.052
514 0.048
515 0.052
516 0.051
517 0.051
518 0.052
519 0.048
520 0.052
521 0.052
522 0.051
523 0.052
524 0.051
525 0.052
526 0.06
527 0.06
528 0.06
529 0.048
530 0.056
531 0.051
532 0.052
533 0.051
534 0.052
535 0.051
536 0.048
537 0.051
538 0.052
539 0.06
540 0.052
541 0.055
542 0.052
543 0.051
544 0.056
545 0.051
546 0.052
547 0.064
548 0.063
549 0.052
550 0.052
551 0.051
552 0.052
553 0.048
554 0.06
555 0.051
556 0.055
557 0.052
558 0.056
559 0.051
560 0.068
561 0.051
562 0.056
563 0.055
564 0.052
565 0.06
566 0.052
567 0.055
568 0.056
569 0.055
570 0.06
571 0.051
572 0.055
573 0.055
574 0.051
575 0.06
576 0.052
577 0.052
578 0.052
579 0.06
580 0.051
581 0.055
582 0.052
583 0.055
584 0.056
585 0.055
586 0.068
587 0.056
588 0.056
589 0.056
590 0.079
591 0.06
592 0.055
593 0.06
594 0.06
595 0.055
596 0.052
597 0.055
598 0.055
599 0.052
600 0.056
601 0.055
602 0.052
603 0.052
604 0.056
605 0.052
606 0.051
607 0.055
608 0.052
609 0.056
610 0.052
611 0.064
612 0.055
613 0.055
614 0.064
615 0.055
616 0.052
617 0.06
618 0.055
619 0.067
620 0.059
621 0.055
622 0.06
623 0.06
624 0.067
625 0.055
626 0.067
627 0.06
628 0.055
629 0.064
630 0.06
631 0.068
632 0.06
633 0.067
634 0.055
635 0.055
636 0.064
637 0.056
638 0.055
639 0.052
640 0.06
641 0.051
642 0.056
643 0.055
644 0.064
645 0.056
646 0.055
647 0.06
648 0.064
649 0.06
650 0.056
651 0.06
652 0.064
653 0.051
654 0.06
655 0.06
656 0.063
657 0.056
658 0.056
659 0.072
660 0.064
661 0.067
662 0.06
663 0.06
664 0.055
665 0.06
666 0.056
667 0.059
668 0.072
669 0.064
670 0.06
671 0.06
672 0.064
673 0.064
674 0.06
675 0.059
676 0.06
677 0.064
678 0.068
679 0.06
680 0.06
681 0.056
682 0.064
683 0.068
684 0.06
685 0.06
686 0.071
687 0.064
688 0.064
689 0.076
690 0.063
691 0.06
692 0.06
693 0.063
694 0.063
695 0.067
696 0.06
697 0.059
698 0.072
699 0.063
700 0.06
701 0.075
702 0.06
703 0.063
704 0.063
705 0.06
706 0.064
707 0.064
708 0.063
709 0.06
710 0.064
711 0.06
712 0.075
713 0.06
714 0.06
715 0.06
716 0.072
717 0.064
718 0.06
719 0.06
720 0.076
721 0.064
722 0.067
723 0.064
724 0.076
725 0.064
726 0.064
727 0.067
728 0.067
729 0.068
730 0.064
731 0.067
732 0.064
733 0.067
734 0.064
735 0.087
736 0.06
737 0.072
738 0.067
739 0.06
740 0.064
741 0.076
742 0.063
743 0.064
744 0.067
745 0.063
746 0.068
747 0.079
748 0.072
749 0.064
750 0.064
751 0.067
752 0.064
753 0.06
754 0.068
755 0.06
756 0.075
757 0.064
758 0.072
759 0.06
760 0.068
761 0.067
762 0.063
763 0.064
764 0.06
765 0.064
766 0.068
767 0.067
768 0.067
769 0.079
770 0.072
771 0.072
772 0.072
773 0.072
774 0.076
775 0.064
776 0.068
777 0.064
778 0.068
779 0.064
780 0.067
781 0.064
782 0.063
783 0.063
784 0.063
785 0.064
786 0.063
787 0.067
788 0.067
789 0.068
790 0.064
791 0.076
792 0.072
793 0.076
794 0.076
795 0.076
796 0.075
797 0.076
798 0.075
799 0.072
800 0.072
801 0.068
802 0.067
803 0.072
804 0.072
805 0.068
806 0.072
807 0.067
808 0.079
809 0.079
810 0.075
811 0.072
812 0.076
813 0.067
814 0.072
815 0.064
816 0.064
817 0.084
818 0.079
819 0.08
820 0.076
821 0.072
822 0.072
823 0.067
824 0.084
825 0.079
826 0.075
827 0.072
828 0.072
829 0.067
830 0.072
831 0.084
832 0.076
833 0.075
834 0.072
835 0.072
836 0.083
837 0.079
838 0.076
839 0.072
840 0.072
841 0.08
842 0.075
843 0.075
844 0.072
845 0.08
846 0.075
847 0.072
848 0.067
849 0.068
850 0.088
851 0.076
852 0.067
853 0.067
854 0.096
855 0.076
856 0.072
857 0.084
858 0.076
859 0.072
860 0.072
861 0.084
862 0.076
863 0.076
864 0.084
865 0.076
866 0.067
867 0.067
868 0.083
869 0.076
870 0.072
871 0.088
872 0.072
873 0.076
874 0.088
875 0.076
876 0.076
877 0.092
878 0.076
879 0.072
880 0.072
881 0.072
882 0.076
883 0.084
884 0.08
885 0.087
886 0.076
887 0.076
888 0.092
889 0.076
890 0.087
891 0.079
892 0.075
893 0.088
894 0.076
895 0.087
896 0.079
897 0.076
898 0.072
899 0.072
900 0.083
901 0.076
902 0.088
903 0.079
904 0.072
905 0.075
906 0.076
907 0.08
908 0.076
909 0.087
910 0.076
911 0.088
912 0.076
913 0.087
914 0.08
915 0.087
916 0.079
917 0.088
918 0.079
919 0.083
920 0.08
921 0.087
922 0.076
923 0.087
924 0.079
925 0.091
926 0.079
927 0.091
928 0.083
929 0.091
930 0.08
931 0.076
932 0.08
933 0.083
934 0.08
935 0.08
936 0.083
937 0.076
938 0.087
939 0.08
940 0.075
941 0.08
942 0.08
943 0.091
944 0.079
945 0.08
946 0.08
947 0.08
948 0.091
949 0.08
950 0.079
951 0.084
952 0.079
953 0.091
954 0.079
955 0.08
956 0.088
957 0.079
958 0.083
959 0.099
960 0.084
961 0.08
962 0.084
963 0.083
964 0.08
965 0.08
966 0.08
967 0.08
968 0.091
969 0.083
970 0.079
971 0.088
972 0.084
973 0.08
974 0.087
975 0.076
976 0.079
977 0.087
978 0.08
979 0.079
980 0.083
981 0.096
982 0.079
983 0.08
984 0.087
985 0.096
986 0.08
987 0.08
988 0.087
989 0.1
990 0.079
991 0.083
992 0.087
993 0.096
994 0.083
995 0.083
996 0.08
997 0.08
998 0.088
999 0.08
1000 0.083