1 0.004
2 0.004
3 0.012
4 0.016
5 0.023
6 0.028
7 0.036
8 0.039
9 0.056
10 0.063
11 0.079
12 0.096
13 0.112
14 0.132
15 0.139
16 0.168
17 0.179
18 0.2
19 0.231
20 0.244
21 0.279
22 0.307
23 0.34
24 0.356
25 0.375
26 0.4
27 0.416
28 0.46
29 0.503
30 0.536
31 0.563
32 0.6
33 0.648
34 0.671
35 0.716
36 0.759
37 0.784
38 0.851
39 0.928
40 0.991
41 1.012
42 1.039
43 1.076
44 1.115
45 1.172
46 1.259
47 1.284
48 1.744
49 1.483
50 1.496
51 1.452
52 1.523
53 1.648
54 1.692
55 1.779
56 1.94
57 1.896
58 1.887
59 2.039
60 2.088
61 2.275
62 2.295
63 2.316
64 2.307
65 2.488
66 2.707
67 2.552
68 2.724
69 2.804
70 3.027
71 2.952
72 3.011
73 3.143
74 3.34
75 3.364
76 3.384
77 3.635
78 3.547
79 3.715
80 3.928
81 3.864
82 3.976
83 4.172
84 4.219
85 4.416
86 4.403
87 4.556
88 4.755
89 4.755
90 4.996
91 4.936
92 5.152
93 5.331
94 5.28
95 5.495
96 5.559
97 5.807
98 5.764
99 6.088
100 6.051
101 6.292
102 6.859
103 6.464
104 6.703
105 6.652
106 7.004
107 7.
108 7.268
109 7.475
110 7.44
111 7.751
112 7.892
113 7.763
114 8.179
115 8.336
116 8.355
117 8.675
118 8.76
119 9.376
120 9.091
121 9.344
122 9.996
123 9.471
124 9.768
125 10.128
126 10.199
127 10.859
128 10.387
129 10.579
130 10.884