2 0.54
3 0.399
5 0.403
7 0.419
9 0.411
11 0.416
13 0.403
15 0.403
17 0.408
19 0.399
21 0.419
23 0.408
25 0.403
27 0.416
29 0.424
31 0.424
33 0.427
35 0.419
37 0.419
39 0.427
41 0.424
43 0.431
45 0.44
47 0.447
49 0.419
51 0.54
53 0.419
55 0.415
57 0.408
59 0.415
61 0.407
63 0.415
65 0.432
67 0.431
69 0.432
71 0.427
73 0.423
75 0.424
77 0.419
79 0.424
81 0.463
83 0.44
85 0.451
87 0.435
89 0.439
91 0.432
93 0.428
95 0.439
97 0.451
99 0.46
101 0.439
103 0.468
105 0.443
107 0.468
109 0.44
111 0.439
113 0.444
115 0.443
117 0.46
119 0.431
121 0.44
123 0.451
125 0.448
127 0.463
129 0.46
131 0.448
133 0.443
135 0.455
137 0.455
139 0.46
141 0.471
143 0.472
145 0.46
147 0.46
149 0.48
151 0.46
153 0.455
155 0.475
157 0.491
159 0.5
161 0.48
163 0.468
165 0.463
167 0.463
169 0.468
171 0.472
173 0.483
175 0.488
177 0.475
179 0.475
181 0.472
183 0.463
185 0.468
187 0.484
189 0.479
191 0.472
193 0.475
195 0.484
197 0.484
199 0.48
201 0.515
203 0.503
205 0.487
207 0.491
209 0.487
211 0.496
213 0.503
215 0.503
217 0.519
219 0.487
221 0.496
223 0.491
225 0.492
227 0.484
229 0.511
231 0.5
233 0.487
235 0.5
237 0.503
239 0.5
241 0.495
243 0.503
245 0.508
247 0.496
249 0.5
251 0.503
253 0.512
255 0.519
257 0.524
259 0.516
261 0.515
263 0.507
265 0.536
267 0.519
269 0.556
271 0.527
273 0.527
275 0.519
277 0.52
279 0.512
281 0.527
283 0.527
285 0.527
287 0.528
289 0.519
291 0.519
293 0.524
295 0.532
297 0.539
299 0.527
301 0.524
303 0.539
305 0.535
307 0.54
309 0.548
311 0.543
313 0.564
315 0.543
317 0.548
319 0.555
321 0.567
323 0.559
325 0.555
327 0.559
329 0.56
331 0.555
333 0.548
335 0.56
337 0.56
339 0.539
341 0.54
343 0.543
345 0.552
347 0.551
349 0.56
351 0.543
353 0.543
355 0.552
357 0.579
359 0.571
361 0.584
363 0.572
365 0.571
367 0.576
369 0.567
371 0.579
373 0.584
375 0.56
377 0.575
379 0.56
381 0.572
383 0.571
385 0.584
387 0.572
389 0.567
391 0.563
393 0.576
395 0.579
397 0.584
399 0.579
401 0.579
403 0.575
405 0.583
407 0.588
409 0.611
411 0.596
413 0.587
415 0.591
417 0.608
419 0.624
421 0.603
423 0.579
425 0.588
427 0.587
429 0.596
431 0.591
433 0.608
435 0.599
437 0.591
439 0.591
441 0.596
443 0.603
445 0.612
447 0.612
449 0.603
451 0.603
453 0.603
455 0.615
457 0.628
459 0.62
461 0.631
463 0.628
465 0.644
467 0.647
469 0.635
471 0.62
473 0.615
475 0.615
477 0.615
479 0.615
481 0.615
483 0.62
485 0.623
487 0.615
489 0.632
491 0.64
493 0.628
495 0.632
497 0.623
499 0.628
501 0.644
503 0.643
505 0.636
507 0.64
509 0.66
511 0.651
513 0.664
515 0.647
517 0.656
519 0.667
521 0.652
523 0.655
525 0.644
527 0.652
529 0.647
531 0.644
533 0.659
535 0.659
537 0.644
539 0.659
541 0.652
543 0.659
545 0.656
547 0.644
549 0.664
551 0.68
553 0.668
555 0.683
557 0.683
559 0.671
561 0.699
563 0.668
565 0.683
567 0.688
569 0.671
571 0.675
573 0.663
575 0.692
577 0.675
579 0.676
581 0.683
583 0.68
585 0.675
587 0.695
589 0.679
591 0.687
593 0.691
595 0.68
597 0.712
599 0.692
601 0.723
603 0.719
605 0.736
607 0.716
609 0.715
611 0.695
613 0.704
615 0.719
617 0.699
619 0.715
621 0.707
623 0.716
625 0.711
627 0.719
629 0.828
631 0.739
633 0.74
635 0.764
637 0.764
639 0.747
641 0.768
643 0.796
645 0.747
647 0.747
649 0.748
651 0.756
653 0.764
655 0.743
657 0.756
659 0.752
661 0.759
663 0.74
665 0.756
667 0.771
669 0.859
671 0.751
673 0.743
675 0.76
677 0.743
679 0.764
681 0.748
683 0.776
685 0.768
687 0.791
689 0.76
691 0.743
693 0.743
695 0.872
697 0.896
699 0.788
701 0.771
703 0.788
705 0.788
707 0.776
709 0.783
711 0.804
713 0.787
715 0.831
717 0.792
719 0.807
721 0.819
723 0.832
725 0.823
727 0.792
729 0.792
731 0.816
733 0.807
735 0.812
737 0.816
739 0.819
741 0.792
743 0.811
745 0.804
747 0.82
749 0.807
751 0.852
753 0.852
755 0.864
757 0.855
759 0.831
761 0.816
763 0.836
765 0.835
767 0.843
769 0.835
771 0.831
773 0.819
775 0.832
777 0.843
779 0.847
781 0.848
783 0.867
785 0.864
787 0.863
789 0.884
791 0.843
793 0.86
795 0.855
797 0.867
799 0.84
801 0.847
803 0.855
805 0.867
807 0.843
809 0.86
811 0.883
813 0.876
815 0.884
817 0.891
819 0.9
821 0.915
823 0.884
825 0.864
827 0.9
829 0.891
831 0.883
833 0.88
835 0.899
837 0.888
839 0.891
841 0.888
843 0.923
845 0.899
847 0.88
849 0.939
851 0.939
853 0.912
855 0.899
857 0.884
859 0.915
861 0.903
863 0.903
865 0.911
867 0.907
869 0.908
871 0.903
873 0.948
875 0.947
877 0.963
879 0.947
881 0.92
883 0.927
885 0.939
887 0.927
889 0.923
891 0.927
893 0.915
895 0.939
897 0.939
899 0.967
901 0.951
903 0.968
905 0.968
907 0.948
909 0.928
911 0.951
913 0.948
915 0.939
917 0.951
919 0.956
921 0.951
923 0.947
925 0.956
927 0.979
929 0.98
931 0.987
933 1.004
935 0.959
937 0.959
939 0.959
941 0.968
943 0.96
945 0.972
947 0.975
949 0.963
951 0.951
953 0.975
955 0.995
957 0.987
959 1.007
961 1.031
963 1.
965 0.987
967 1.004
969 0.98
971 0.987
973 0.987
975 0.992
977 0.987
979 0.992
981 1.
983 0.98
985 0.991
987 1.028
989 1.036
991 1.067
993 1.043
995 1.024
997 1.
999 1.007
1001 1.012
1003 1.024
1005 1.028
1007 1.016
1009 1.016
1011 1.003
1013 1.032
1015 1.06
1017 1.067
1019 1.052
1021 1.068
1023 1.068
1025 1.024
1027 1.016
1029 1.036
1031 1.048
1033 1.048
1035 1.063
1037 1.036
1039 1.039
1041 1.052
1043 1.044
1045 1.08
1047 1.075
1049 1.072
1051 1.111
1053 1.08
1055 1.072
1057 1.048
1059 1.064
1061 1.075
1063 1.075
1065 1.076
1067 1.084
1069 1.064
1071 1.076
1073 1.063
1075 1.12
1077 1.1
1079 1.108
1081 1.144
1083 1.108
1085 1.087
1087 1.112
1089 1.096
1091 1.108
1093 1.12
1095 1.099
1097 1.1
1099 1.115
1101 1.119
1103 1.144
1105 1.139
1107 1.175
1109 1.124
1111 1.111
1113 1.112
1115 1.124
1117 1.132
1119 1.136
1121 1.12
1123 1.119
1125 1.132
1127 1.12
1129 1.151
1131 1.175
1133 1.168
1135 1.184
1137 1.147
1139 1.124
1141 1.124
1143 1.144
1145 1.148
1147 1.151
1149 1.264
1151 1.128
1153 1.124
1155 1.131
1157 1.14
1159 1.136
1161 1.144
1163 1.16
1165 1.14
1167 1.144
1169 1.132
1171 1.144
1173 1.151
1175 1.148
1177 1.139
1179 1.132
1181 1.16
1183 1.144
1185 1.147
1187 1.199
1189 1.195
1191 1.172
1193 1.188
1195 1.16
1197 1.139
1199 1.175
1201 1.159
1203 1.144
1205 1.188
1207 1.148
1209 1.168
1211 1.22
1213 1.188
1215 1.231
1217 1.199
1219 1.18
1221 1.168
1223 1.208
1225 1.176
1227 1.196
1229 1.188
1231 1.192
1233 1.18
1235 1.208
1237 1.243
1239 1.216
1241 1.243
1243 1.24
1245 1.207
1247 1.204
1249 1.224
1251 1.204
1253 1.216
1255 1.223
1257 1.208
1259 1.232
1261 1.232
1263 1.259
1265 1.24
1267 1.252
1269 1.232
1271 1.231
1273 1.207
1275 1.211
1277 1.231
1279 1.244
1281 1.243
1283 1.247
1285 1.235
1287 1.235
1289 1.283
1291 1.292
1293 1.292
1295 1.295
1297 1.276
1299 1.251
1301 1.268
1303 1.276
1305 1.284
1307 1.288
1309 1.283
1311 1.284
1313 1.307
1315 1.324
1317 1.351
1319 1.312
1321 1.304
1323 1.312
1325 1.284
1327 1.292
1329 1.307
1331 1.319
1333 1.324
1335 1.348
1337 1.319
1339 1.355
1341 1.312
1343 1.307
1345 1.327
1347 1.312
1349 1.295
1351 1.307
1353 1.316
1355 1.351
1357 1.347
1359 1.384
1361 1.36
1363 1.32
1365 1.331
1367 1.323
1369 1.327
1371 1.331
1373 1.327
1375 1.327
1377 1.399
1379 1.368
1381 1.392
1383 1.375
1385 1.336
1387 1.359
1389 1.34
1391 1.347
1393 1.36
1395 1.347
1397 1.355
1399 1.403
1401 1.379
1403 1.412
1405 1.372
1407 1.371
1409 1.371
1411 1.372
1413 1.364
1415 1.367
1417 1.368
1419 1.371
1421 1.391
1423 1.427
1425 1.432
1427 1.388
1429 1.411
1431 1.395
1433 1.403
1435 1.408
1437 1.403
1439 1.527
1441 1.44
1443 1.443
1445 1.487
1447 1.495
1449 1.48
1451 1.447
1453 1.46
1455 1.464
1457 1.459
1459 1.472
1461 1.46
1463 1.467
1465 1.464
1467 1.512
1469 1.524
1471 1.515
1473 1.495
1475 1.467
1477 1.456
1479 1.48
1481 1.5
1483 1.496
1485 1.492
1487 1.471
1489 1.495
1491 1.531
1493 1.532
1495 1.563
1497 1.515
1499 1.504
1501 1.5
1503 1.52
1505 1.524
1507 1.508
1509 1.519
1511 1.528
1513 1.531
1515 1.56
1517 1.599
1519 1.584
1521 1.563
1523 1.539
1525 1.548
1527 1.543
1529 1.535
1531 1.56
1533 1.544
1535 1.536
1537 1.575
1539 1.584
1541 1.627
1543 1.56
1545 1.552
1547 1.552
1549 1.555
1551 1.567
1553 1.576
1555 1.572
1557 1.555
1559 1.576
1561 1.624
1563 1.6
1565 1.635
1567 1.604
1569 1.587
1571 1.583
1573 1.591
1575 1.596
1577 1.6
1579 1.596
1581 1.591
1583 1.6
1585 1.648
1587 1.648
1589 1.644
1591 1.62
1593 1.604
1595 1.603
1597 1.639
1599 1.628
1601 1.627
1603 1.6
1605 1.631
1607 1.696
1609 1.775
1611 1.692
1613 1.647
1615 1.652
1617 1.631
1619 1.687
1621 1.639
1623 1.679
1625 1.676
1627 1.659
1629 1.723
1631 1.7
1633 1.699
1635 1.711
1637 1.692
1639 1.659
1641 1.711
1643 1.687
1645 1.675
1647 1.672
1649 1.675
1651 1.696
1653 1.759
1655 1.768
1657 1.74
1659 1.716
1661 1.711
1663 1.711
1665 1.695
1667 1.728
1669 1.707
1671 1.731
1673 1.711
1675 1.771
1677 1.796
1679 1.764
1681 1.72
1683 1.744
1685 1.72
1687 1.731
1689 1.748
1691 1.732
1693 1.743
1695 1.779
1697 1.796
1699 1.771
1701 1.792
1703 1.743
1705 1.776
1707 1.752
1709 1.775
1711 1.755
1713 1.775
1715 1.768
1717 1.827
1719 1.851
1721 1.807
1723 1.779
1725 1.803
1727 1.812
1729 1.788
1731 1.807
1733 1.776
1735 1.819
1737 1.851
1739 1.875
1741 1.827
1743 1.803
1745 1.816
1747 1.827
1749 1.823
1751 1.803
1753 1.823
1755 1.807
1757 1.872
1759 1.932
1761 1.855
1763 1.855
1765 1.831
1767 1.867
1769 1.84
1771 1.847
1773 1.847
1775 1.884
1777 1.891
1779 1.923
1781 1.86
1783 1.879
1785 1.863
1787 1.864
1789 1.879
1791 1.891
1793 1.884
1795 1.875
1797 1.939
1799 1.956
1801 1.915
1803 1.879
1805 1.895
1807 1.892
1809 1.887
1811 1.908
1813 1.879
1815 1.872
1817 1.912
1819 1.936
1821 1.955
1823 1.927
1825 1.919
1827 1.912
1829 1.911
1831 1.916
1833 1.908
1835 1.916
1837 1.932
1839 1.924
1841 1.951
1843 1.956
1845 1.98
1847 1.951
1849 1.924
1851 1.927
1853 1.932
1855 1.927
1857 1.919
1859 1.927
1861 1.951
1863 1.995
1865 2.011
1867 2.004
1869 1.951
1871 1.968
1873 1.975
1875 1.98
1877 1.984
1879 2.
1881 1.975
1883 2.004
1885 2.039
1887 2.067
1889 2.019
1891 2.028
1893 2.007
1895 2.004
1897 2.011
1899 2.012
1901 2.012
1903 2.004
1905 2.016
1907 2.068
1909 2.076
1911 2.039
1913 2.048
1915 2.024
1917 2.035
1919 2.028
1921 2.055
1923 2.032
1925 2.028
1927 2.096
1929 2.104
1931 2.08
1933 2.059
1935 2.063
1937 2.043
1939 2.076
1941 2.052
1943 2.039
1945 2.079
1947 2.132
1949 2.036
1951 2.108
1953 2.051
1955 2.052
1957 2.031
1959 2.039
1961 2.031
1963 2.135
1965 2.092
1967 2.076
1969 2.128
1971 2.16
1973 2.124
1975 2.119
1977 2.104
1979 2.107
1981 2.112
1983 2.124
1985 2.127
1987 2.108
1989 2.163
1991 2.183
1993 2.179
1995 2.135
1997 2.155
1999 2.159
2001 2.147
2003 2.175
2005 2.16
2007 2.208
2009 2.2
2011 2.223
2013 2.203
2015 2.163
2017 2.172
2019 2.192
2021 2.187
2023 2.183
2025 2.192
2027 2.276
2029 2.271
2031 2.203
2033 2.183
2035 2.216
2037 2.192
2039 2.219
2041 2.203
2043 2.2
2045 2.195
2047 2.271
2049 2.283
2051 2.223
2053 2.256
2055 2.231
2057 2.236
2059 2.236
2061 2.228
2063 2.24
2065 2.268
2067 2.307
2069 2.315
2071 2.283
2073 2.264
2075 2.243
2077 2.268
2079 2.259
2081 2.263
2083 2.312
2085 2.347
2087 2.351
2089 2.311
2091 2.303
2093 2.296
2095 2.316
2097 2.307
2099 2.307
2101 2.371
2103 2.379
2105 2.331
2107 2.304
2109 2.324
2111 2.316
2113 2.307
2115 2.32
2117 2.324
2119 2.399
2121 2.395
2123 2.367
2125 2.316
2127 2.327
2129 2.343
2131 2.339
2133 2.363
2135 2.347
2137 2.364
2139 2.391
2141 2.355
2143 2.364
2145 2.339
2147 2.331
2149 2.339
2151 2.34
2153 2.356
2155 2.403
2157 2.403
2159 2.4
2161 2.384
2163 2.372
2165 2.364
2167 2.372
2169 2.367
2171 2.351
2173 2.419
2175 2.412
2177 2.423
2179 2.399
2181 2.384
2183 2.38
2185 2.371
2187 2.38
2189 2.376
2191 2.423
2193 2.431
2195 2.432
2197 2.415
2199 2.392
2201 2.372
2203 2.363
2205 2.423
2207 2.415
2209 2.42
2211 2.451
2213 2.468
2215 2.464
2217 2.428
2219 2.451
2221 2.432
2223 2.432
2225 2.455
2227 2.424
2229 2.5
2231 2.468
2233 2.496
2235 2.451
2237 2.451
2239 2.471
2241 2.451
2243 2.483
2245 2.468
2247 2.468
2249 2.54
2251 2.531
2253 2.523
2255 2.487
2257 2.483
2259 2.5
2261 2.48
2263 2.512
2265 2.496
2267 2.508
2269 2.551
2271 2.564
2273 2.535
2275 2.548
2277 2.531
2279 2.512
2281 2.539
2283 2.539
2285 2.524
2287 2.567
2289 2.596
2291 2.615
2293 2.56
2295 2.552
2297 2.552
2299 2.587
2301 2.579
2303 2.543
2305 2.567
2307 2.572
2309 2.652
2311 2.636
2313 2.624
2315 2.596
2317 2.587
2319 2.596
2321 2.592
2323 2.596
2325 2.591
2327 2.612
2329 2.676
2331 2.675
2333 2.635
2335 2.624
2337 2.62
2339 2.628
2341 2.644
2343 2.644
2345 2.635
2347 2.708
2349 2.711
2351 2.683
2353 2.652
2355 2.655
2357 2.703
2359 2.651
2361 2.672
2363 2.683
2365 2.759
2367 2.727
2369 2.707
2371 2.675
2373 2.699
2375 2.672
2377 2.715
2379 2.711
2381 2.715
2383 2.783
2385 2.791
2387 2.775
2389 2.716
2391 2.751
2393 2.763
2395 2.74
2397 2.772
2399 2.759
2401 2.831
2403 2.839
2405 2.788
2407 2.756
2409 2.796
2411 2.779
2413 2.764
2415 2.756
2417 2.807
2419 2.827
2421 2.852
2423 2.855
2425 2.791
2427 2.799
2429 2.82
2431 2.783
2433 2.804
2435 2.808
2437 2.868
2439 2.884
2441 2.86
2443 2.824
2445 2.844
2447 2.847
2449 2.827
2451 2.852
2453 2.851
2455 2.884
2457 2.927
2459 2.887
2461 2.843
2463 2.864
2465 2.86
2467 2.859
2469 2.875
2471 2.867
2473 2.868
2475 2.979
2477 2.96
2479 3.048
2481 2.895
2483 2.895
2485 2.875
2487 2.88
2489 2.884
2491 2.884
2493 2.943
2495 2.98
2497 2.919
2499 2.907
2501 2.903
2503 2.928
2505 2.915
2507 2.903
2509 2.92
2511 2.932
2513 2.96
2515 3.003
2517 2.948
2519 2.9
2521 2.948
2523 2.903
2525 2.947
2527 2.927
2529 2.943
2531 2.935
2533 3.036
2535 2.968
2537 2.983
2539 2.976
2541 2.98
2543 2.979
2545 2.956
2547 2.955
2549 2.967
2551 3.024
2553 3.028
2555 3.016
2557 3.044
2559 3.012
2561 3.011
2563 3.011
2565 3.007
2567 3.012
2569 3.079
2571 3.071
2573 3.063
2575 3.023
2577 3.
2579 3.016
2581 3.043
2583 3.003
2585 3.024
2587 3.087
2589 3.083
2591 3.076
2593 3.051
2595 3.031
2597 3.051
2599 3.036
2601 3.044
2603 3.048
2605 3.127
2607 3.096
2609 3.107
2611 3.079
2613 3.071
2615 3.104
2617 3.115
2619 3.115
2621 3.144
2623 3.211
2625 3.24
2627 3.171
2629 3.155
2631 3.147
2633 3.144
2635 3.18
2637 3.184
2639 3.168
2641 3.279
2643 3.235
2645 3.195
2647 3.188
2649 3.18
2651 3.187
2653 3.175
2655 3.175
2657 3.2
2659 3.304
2661 3.272
2663 3.223
2665 3.228
2667 3.211
2669 3.231
2671 3.243
2673 3.211
2675 3.259
2677 3.311
2679 3.268
2681 3.284
2683 3.276
2685 3.251
2687 3.268
2689 3.279
2691 3.283
2693 3.38
2695 3.392
2697 3.336
2699 3.3
2701 3.304
2703 3.324
2705 3.292
2707 3.324
2709 3.379
2711 3.411
2713 3.38
2715 3.379
2717 3.367
2719 3.372
2721 3.411
2723 3.376
2725 3.356
2727 3.423
2729 3.455
2731 3.443
2733 3.4
2735 3.4
2737 3.387
2739 3.423
2741 3.416
2743 3.443
2745 3.536
2747 3.508
2749 3.472
2751 3.476
2753 3.496
2755 3.496
2757 3.463
2759 3.503
2761 3.472
2763 3.536
2765 3.596
2767 3.524
2769 3.516
2771 3.492
2773 3.536
2775 3.488
2777 3.523
2779 3.576
2781 3.639
2783 3.539
2785 3.543
2787 3.527
2789 3.539
2791 3.567
2793 3.556
2795 3.527
2797 3.647
2799 3.639
2801 3.576
2803 3.591
2805 3.603
2807 3.611
2809 3.655
2811 3.544
2813 3.588
2815 3.628
2817 3.576
2819 3.592
2821 3.551
2823 3.579
2825 3.568
2827 3.576
2829 3.591
2831 3.603
2833 3.667
2835 3.635
2837 3.592
2839 3.619
2841 3.616
2843 3.632
2845 3.623
2847 3.683
2849 3.703
2851 3.696
2853 3.659
2855 3.648
2857 3.644
2859 3.652
2861 3.663
2863 3.688
2865 3.735
2867 3.704
2869 3.688
2871 3.675
2873 3.675
2875 3.66
2877 3.695
2879 3.748
2881 3.768
2883 3.776
2885 3.724
2887 3.784
2889 3.751
2891 3.783
2893 3.743
2895 3.84
2897 3.875
2899 3.835
2901 3.803
2903 3.831
2905 3.82
2907 3.792
2909 3.835
2911 3.88
2913 3.92
2915 3.852
2917 3.831
2919 3.824
2921 3.952
2923 3.832
2925 3.84
2927 3.84
2929 3.927
2931 3.887
2933 3.864
2935 3.86
2937 3.867
2939 3.872
2941 3.867
2943 3.891
2945 3.867
2947 3.967
2949 3.936
2951 3.895
2953 3.884
2955 3.88
2957 3.92
2959 3.923
2961 3.903
2963 3.912
2965 4.039
2967 3.988
2969 3.968
2971 3.94
2973 3.96
2975 3.972
2977 3.96
2979 3.968
2981 4.007
2983 4.039
2985 3.987
2987 4.007
2989 3.972
2991 3.983
2993 3.943
2995 3.956
2997 3.959
2999 4.032
3001 4.056
3003 4.048
3005 4.019
3007 3.996
3009 4.027
3011 4.007
3013 4.056
3015 4.003
3017 4.128
3019 4.079
3021 4.063
3023 4.039
3025 4.063
3027 4.059
3029 4.059
3031 4.051
3033 4.092
3035 4.168
3037 4.096
3039 4.124
3041 4.099
3043 4.059
3045 4.1
3047 4.123
3049 4.084
3051 4.164
3053 4.2
3055 4.139
3057 4.123
3059 4.108
3061 4.135
3063 4.112
3065 4.135
3067 4.128
3069 4.208
3071 4.219
3073 4.155
3075 4.148
3077 4.184
3079 4.155
3081 4.147
3083 4.172
3085 4.155
3087 4.327
3089 4.26
3091 4.224
3093 4.208
3095 4.223
3097 4.203
3099 4.215
3101 4.24
3103 4.311
3105 4.248
3107 4.26
3109 4.248
3111 4.244
3113 4.256
3115 4.244
3117 4.24
3119 4.331
3121 4.284
3123 4.296
3125 4.271
3127 4.271
3129 4.268
3131 4.264
3133 4.284
3135 4.356
3137 4.316
3139 4.331
3141 4.264
3143 4.307
3145 4.307
3147 4.299
3149 4.315
3151 4.411
3153 4.352
3155 4.324
3157 4.28
3159 4.307
3161 4.319
3163 4.331
3165 4.332
3167 4.472
3169 4.416
3171 4.4
3173 4.367
3175 4.371
3177 4.376
3179 4.372
3181 4.352
3183 4.463
3185 4.416
3187 4.407
3189 4.396
3191 4.42
3193 4.412
3195 4.387
3197 4.399
3199 4.516
3201 4.46
3203 4.472
3205 4.452
3207 4.432
3209 4.468
3211 4.451
3213 4.44
3215 4.584
3217 4.5
3219 4.5
3221 4.48
3223 4.452
3225 4.447
3227 4.5
3229 4.463
3231 4.603
3233 4.535
3235 4.556
3237 4.496
3239 4.475
3241 4.527
3243 4.495
3245 4.532
3247 4.599
3249 4.591
3251 4.547
3253 4.531
3255 4.547
3257 4.523
3259 4.564
3261 4.579
3263 4.695
3265 4.592
3267 4.584
3269 4.615
3271 4.576
3273 4.559
3275 4.592
3277 4.6
3279 4.724
3281 4.668
3283 4.612
3285 4.596
3287 4.596
3289 4.624
3291 4.6
3293 4.684
3295 4.675
3297 4.639
3299 4.664
3301 4.639
3303 4.668
3305 4.659
3307 4.659
3309 4.716
3311 4.748
3313 4.7
3315 4.704
3317 4.696
3319 4.699
3321 4.699
3323 4.715
3325 4.76
3327 4.771
3329 4.763
3331 4.815
3333 4.788
3335 4.8
3337 4.784
3339 4.768
3341 4.803
3343 4.864
3345 4.812
3347 4.795
3349 4.788
3351 4.784
3353 4.78
3355 4.82
3357 4.807
3359 4.903
3361 4.9
3363 4.9
3365 4.843
3367 4.851
3369 4.875
3371 4.852
3373 4.872
3375 4.903
3377 4.984
3379 4.923
3381 4.912
3383 4.903
3385 4.879
3387 4.871
3389 4.928
3391 4.916
3393 5.035
3395 4.96
3397 4.956
3399 4.92
3401 4.923
3403 4.931
3405 4.931
3407 4.947
3409 5.067
3411 5.
3413 4.996
3415 4.984
3417 4.983
3419 4.955
3421 4.951
3423 4.967
3425 5.103
3427 5.023
3429 4.996
3431 4.952
3433 4.987
3435 4.996
3437 5.015
3439 5.031
3441 5.088
3443 5.036
3445 5.028
3447 4.996
3449 5.
3451 5.036
3453 5.024
3455 5.048
3457 5.168
3459 5.079
3461 5.132
3463 5.096
3465 5.059
3467 5.127
3469 5.099
3471 5.092
3473 5.216
3475 5.188
3477 5.148
3479 5.112
3481 5.119
3483 5.123
3485 5.096
3487 5.128
3489 5.235
3491 5.175
3493 5.184
3495 5.108
3497 5.172
3499 5.172
3501 5.172
3503 5.163
3505 5.159
3507 5.284
3509 5.216
3511 5.231
3513 5.175
3515 5.231
3517 5.215
3519 5.208
3521 5.248
3523 5.327
3525 5.248
3527 5.264
3529 5.271
3531 5.264
3533 5.251
3535 5.239
3537 5.279
3539 5.391
3541 5.352
3543 5.344
3545 5.296
3547 5.352
3549 5.352
3551 5.355
3553 5.347
3555 5.448
3557 5.376
3559 5.403
3561 5.384
3563 5.364
3565 5.38
3567 5.364
3569 5.427
3571 5.543
3573 5.443
3575 5.427
3577 5.371
3579 5.376
3581 5.403
3583 5.44
3585 5.48
3587 5.539
3589 5.491
3591 5.487
3593 5.456
3595 5.427
3597 5.46
3599 5.443
3601 5.528
3603 5.556
3605 5.5
3607 5.532
3609 5.492
3611 5.519
3613 5.523
3615 5.496
3617 5.583
3619 5.632
3621 5.563
3623 5.536
3625 5.576
3627 5.576
3629 5.527
3631 5.548
3633 5.636
3635 5.676
3637 5.619
3639 5.584
3641 5.576
3643 5.612
3645 5.612
3647 5.608
3649 5.7
3651 5.703
3653 5.66
3655 5.648
3657 5.623
3659 5.636
3661 5.644
3663 5.648
3665 5.739
3667 5.719
3669 5.679
3671 5.668
3673 5.716
3675 5.699
3677 5.728
3679 5.675
3681 5.815
3683 5.788
3685 5.724
3687 5.711
3689 5.683
3691 5.739
3693 5.743
3695 5.715
3697 5.763
3699 5.88
3701 5.787
3703 5.78
3705 5.775
3707 5.787
3709 5.796
3711 5.78
3713 5.783
3715 5.88
3717 5.891
3719 5.828
3721 5.851
3723 5.811
3725 5.819
3727 5.864
3729 5.823
3731 5.84
3733 5.988
3735 5.896
3737 5.927
3739 5.891
3741 5.879
3743 5.899
3745 5.892
3747 5.884
3749 6.015
3751 5.923
3753 5.932
3755 5.92
3757 5.916
3759 5.908
3761 5.923
3763 5.912
3765 6.051
3767 5.988
3769 6.003
3771 5.947
3773 5.979
3775 5.972
3777 5.948
3779 5.963
3781 6.092
3783 6.039
3785 6.008
3787 5.979
3789 6.027
3791 6.027
3793 6.011
3795 6.06
3797 6.1
3799 6.123
3801 6.063
3803 6.099
3805 6.079
3807 6.055
3809 6.076
3811 6.043
3813 6.14
3815 6.199
3817 6.083
3819 6.136
3821 6.1
3823 6.155
3825 6.176
3827 6.135
3829 6.152
3831 6.188
3833 6.215
3835 6.155
3837 6.147
3839 6.152
3841 6.18
3843 6.152
3845 6.184
3847 6.351
3849 6.256
3851 6.256
3853 6.228
3855 6.235
3857 6.215
3859 6.24
3861 6.228
3863 6.427
3865 6.327
3867 6.292
3869 6.264
3871 6.251
3873 6.263
3875 6.264
3877 6.264
3879 6.435
3881 6.336
3883 6.347
3885 6.332
3887 6.283
3889 6.307
3891 6.315
3893 6.34
3895 6.471
3897 6.372
3899 6.387
3901 6.351
3903 6.384
3905 6.347
3907 6.344
3909 6.427
3911 6.5
3913 6.42
3915 6.448
3917 6.448
3919 6.423
3921 6.436
3923 6.456
3925 6.475
3927 6.608
3929 6.52
3931 6.536
3933 6.512
3935 6.511
3937 6.5
3939 6.496
3941 6.592
3943 6.583
3945 6.608
3947 6.576
3949 6.555
3951 6.536
3953 6.568
3955 6.551
3957 6.628
3959 6.663
3961 6.588
3963 6.547
3965 6.552
3967 6.583
3969 6.604
3971 6.592
3973 6.695
3975 6.692
3977 6.607
3979 6.627
3981 6.64
3983 6.644
3985 6.656
3987 6.663
3989 6.692
3991 6.779
3993 6.699
3995 6.708
3997 6.676
3999 6.671
4001 6.743
4003 6.744
4005 6.775
4007 6.855
4009 6.787
4011 6.756
4013 6.787
4015 6.784
4017 6.775
4019 6.792
4021 6.912
4023 6.856
4025 6.908
4027 6.872
4029 6.84
4031 6.819
4033 6.891
4035 6.84
4037 6.992
4039 6.92
4041 6.872
4043 6.891
4045 6.84
4047 6.88
4049 6.871
4051 6.979
4053 6.971
4055 6.956
4057 6.912
4059 6.948
4061 6.94
4063 6.963
4065 6.923
4067 7.087
4069 6.996
4071 6.959
4073 6.992
4075 6.979
4077 6.979
4079 6.963
4081 7.023
4083 7.119
4085 7.016
4087 7.047
4089 6.984
4091 7.024
4093 7.043
4095 7.032
4097 7.123
4099 7.144
4101 7.096
4103 7.112
4105 7.112
4107 7.084
4109 7.127
4111 7.091
4113 7.172
4115 7.192
4117 7.119
4119 7.115
4121 7.115
4123 7.087
4125 7.112
4127 7.14
4129 7.24
4131 7.247
4133 7.207
4135 7.175
4137 7.212
4139 7.192
4141 7.231
4143 7.219
4145 7.247
4147 7.311
4149 7.268
4151 7.235
4153 7.248
4155 7.248
4157 7.275
4159 7.307
4161 7.327
4163 7.384
4165 7.319
4167 7.355
4169 7.319
4171 7.304
4173 7.283
4175 7.288
4177 7.34
4179 7.427
4181 7.375
4183 7.355
4185 7.315
4187 7.323
4189 7.355
4191 7.344
4193 7.392
4195 7.439
4197 7.395
4199 7.38
4201 7.364
4203 7.395
4205 7.372
4207 7.387
4209 7.443
4211 7.531
4213 7.467
4215 7.408
4217 7.427
4219 7.435
4221 7.443
4223 7.427
4225 7.452
4227 7.591
4229 7.511
4231 7.536
4233 7.5
4235 7.475
4237 7.511
4239 7.503
4241 7.532
4243 7.664
4245 7.587
4247 7.583
4249 7.547
4251 7.551
4253 7.543
4255 7.547
4257 7.604
4259 7.716
4261 7.684
4263 7.68
4265 7.644
4267 7.64
4269 7.64
4271 7.684
4273 7.768
4275 7.768
4277 7.747
4279 7.556
4281 7.532
4283 7.568
4285 7.572
4287 7.571
4289 7.627
4291 7.712
4293 7.667
4295 7.652
4297 7.652
4299 7.632
4301 7.608
4303 7.632
4305 7.684
4307 7.743
4309 7.708
4311 7.676
4313 7.631
4315 7.619
4317 7.644
4319 7.663
4321 7.736
4323 7.707
4325 7.739
4327 7.688
4329 7.692
4331 7.683
4333 7.683
4335 7.675
4337 7.759
4339 7.827
4341 7.82
4343 7.771
4345 7.743
4347 7.756
4349 7.776
4351 7.764
4353 7.908
4355 7.84
4357 7.868
4359 7.787
4361 7.819
4363 7.824
4365 7.815
4367 7.864
4369 7.963
4371 7.888
4373 7.931
4375 7.86
4377 7.88
4379 7.887
4381 7.859
4383 7.964
4385 7.971
4387 7.956
4389 7.908
4391 7.896
4393 7.884
4395 7.904
4397 7.912
4399 8.047
4401 7.983
4403 7.971
4405 7.912
4407 7.908
4409 7.971
4411 7.955
4413 8.011
4415 8.028
4417 8.044
4419 7.979
4421 8.
4423 8.003
4425 7.996
4427 7.98
4429 8.079
4431 8.095
4433 8.079
4435 8.019
4437 7.996
4439 8.031
4441 8.019
4443 8.051
4445 8.168
4447 8.14
4449 8.115
4451 8.108
4453 8.087
4455 8.092
4457 8.1
4459 8.231
4461 8.192
4463 8.203
4465 8.152
4467 8.143
4469 8.175
4471 8.131
4473 8.139
4475 8.316
4477 8.203
4479 8.192
4481 8.203
4483 8.216
4485 8.203
4487 8.199
4489 8.271
4491 8.34
4493 8.34
4495 8.243
4497 8.26
4499 8.228
4501 8.26
4503 8.268
4505 8.427
4507 8.392
4509 8.411
4511 8.307
4513 8.311
4515 8.355
4517 8.364
4519 8.479
4521 8.495
4523 8.5
4525 8.427
4527 8.44
4529 8.408
4531 8.395
4533 8.407
4535 8.571
4537 8.483
4539 8.472
4541 8.423
4543 8.423
4545 8.451
4547 8.46
4549 8.471
4551 8.635
4553 8.551
4555 8.552
4557 8.507
4559 8.519
4561 8.515
4563 8.524
4565 8.536
4567 8.675
4569 8.615
4571 8.612
4573 8.551
4575 8.559
4577 8.576
4579 8.576
4581 8.559
4583 8.703
4585 8.627
4587 8.635
4589 8.584
4591 8.619
4593 8.668
4595 8.612
4597 8.659
4599 8.76
4601 8.739
4603 8.748
4605 8.667
4607 8.692
4609 8.684
4611 8.688
4613 8.728
4615 8.811
4617 8.764
4619 8.728
4621 8.731
4623 8.712
4625 8.756
4627 8.747
4629 8.815
4631 8.84
4633 8.807
4635 8.775
4637 8.787
4639 8.792
4641 8.784
4643 8.815
4645 8.988
4647 9.096
4649 9.048
4651 9.023
4653 8.975
4655 8.988
4657 9.015
4659 9.016
4661 9.091
4663 9.199
4665 9.119
4667 9.108
4669 9.047
4671 9.076
4673 9.095
4675 9.131
4677 9.224
4679 9.203
4681 9.188
4683 9.124
4685 9.163
4687 9.123
4689 9.136
4691 9.159
4693 9.283
4695 9.244
4697 9.192
4699 9.152
4701 9.152
4703 9.167
4705 9.184
4707 9.175
4709 9.307
4711 9.268
4713 9.252
4715 9.231
4717 9.243
4719 9.188
4721 9.247
4723 9.243
4725 9.416
4727 9.34
4729 9.372
4731 9.328
4733 9.356
4735 9.323
4737 9.34
4739 9.391
4741 9.468
4743 9.372
4745 9.408
4747 9.34
4749 9.319
4751 9.347
4753 9.376
4755 9.459
4757 9.452
4759 9.456
4761 9.396
4763 9.404
4765 9.427
4767 9.463
4769 9.459
4771 9.587
4773 9.504
4775 9.52
4777 9.496
4779 9.447
4781 9.459
4783 9.476
4785 9.572
4787 9.635
4789 9.612
4791 9.595
4793 9.584
4795 9.608
4797 9.608
4799 9.584
4801 9.748
4803 9.728
4805 9.692
4807 9.676
4809 9.68
4811 9.6
4813 9.616
4815 9.648
4817 9.84
4819 9.763
4821 9.744
4823 9.739
4825 9.683
4827 9.716
4829 9.719
4831 9.86
4833 9.836
4835 9.776
4837 9.764
4839 9.731
4841 9.711
4843 9.735
4845 9.735
4847 9.94
4849 9.788
4851 9.78
4853 9.748
4855 9.768
4857 9.735
4859 9.775
4861 9.884
4863 9.863
4865 9.827
4867 9.788
4869 9.796
4871 9.807
4873 9.804
4875 9.804
4877 9.987
4879 9.896
4881 9.904
4883 9.847
4885 9.852
4887 9.827
4889 9.892
4891 9.904
4893 10.036
4895 9.924
4897 9.916
4899 9.892
4901 9.876
4903 9.891
4905 9.875
4907 10.04
4909 10.015
4911 10.039
4913 9.948
4915 9.956
4917 9.96
4919 9.984
4921 10.003
4923 10.127
4925 10.064
4927 10.036
4929 9.987
4931 10.043
4933 10.079
4935 10.031
4937 10.227
4939 10.167
4941 10.167
4943 10.156
4945 10.14
4947 10.14
4949 10.123
4951 10.343
4953 10.219
4955 10.211
4957 10.211
4959 10.183
4961 10.183
4963 10.228
4965 10.34
4967 10.283
4969 10.315
4971 10.26
4973 10.284
4975 10.283
4977 10.307
4979 10.352
4981 10.412
4983 10.376
4985 10.304
4987 10.335
4989 10.311
4991 10.331
4993 10.34
4995 10.495
4997 10.407
4999 10.463