2 0.141
3 0.137
5 0.194
7 0.148
9 0.152
11 0.101
13 0.11
15 0.174
17 0.149
19 0.094
21 0.156
23 0.099
25 0.093
27 0.091
29 0.111
31 0.09
33 0.132
35 0.104
37 0.115
39 0.134
41 0.137
43 0.128
45 0.266
47 0.131
49 0.107
51 0.155
53 0.124
55 0.152
57 0.123
59 0.139
61 0.097
63 0.136
65 0.157
67 0.128
69 0.096
71 0.124
73 0.099
75 0.142
77 0.117
79 0.119
81 0.131
83 0.117
85 0.126
87 0.149
89 0.139
91 0.138
93 0.107
95 0.17
97 0.132
99 0.103
101 0.098
103 0.114
105 0.097
107 0.098
109 0.096
111 0.136
113 0.118
115 0.103
117 0.13
119 0.107
121 0.102
123 0.095
125 0.154
127 0.15
129 0.1
131 0.111
133 0.119
135 0.098
137 0.139
139 0.153
141 0.137
143 0.118
145 0.145
147 0.132
149 0.136
151 0.129
153 0.126
155 0.157
157 0.137
159 0.099
161 0.102
163 0.14
165 0.11
167 0.135
169 0.108
171 0.142
173 0.098
175 0.151
177 0.132
179 0.126
181 0.137
183 0.126
185 0.104
187 0.123
189 0.099
191 0.098
193 0.099
195 0.099
197 0.099
199 0.095
201 0.153
203 0.098
205 0.093
207 0.093
209 0.143
211 0.097
213 0.098
215 0.099
217 0.142
219 0.149
221 0.098
223 0.117
225 0.132
227 0.1
229 0.102
231 0.1
233 0.099
235 0.13
237 0.131
239 0.103
241 0.099
243 0.105
245 0.117
247 0.159
249 0.111
251 0.143
253 0.153
255 0.098
257 0.099
259 0.138
261 0.098
263 0.097
265 0.121
267 0.149
269 0.102
271 0.099
273 0.136
275 0.128
277 0.116
279 0.098
281 0.096
283 0.098
285 0.136
287 0.139
289 0.13
291 0.158
293 0.144
295 0.157
297 0.117
299 0.109
301 0.142
303 0.151
305 0.136
307 0.14
309 0.109
311 0.121
313 0.175
315 0.136
317 0.13
319 0.104
321 0.1
323 0.101
325 0.135
327 0.149
329 0.137
331 0.116
333 0.108
335 0.143
337 0.147
339 0.143
341 0.099
343 0.099
345 0.113
347 0.133
349 0.119
351 0.102
353 0.135
355 0.141
357 0.101
359 0.135
361 0.099
363 0.101
365 0.105
367 0.102
369 0.124
371 0.157
373 0.131
375 0.134
377 0.162
379 0.156
381 0.155
383 0.131
385 0.11
387 0.126
389 0.107
391 0.104
393 0.149
395 0.103
397 0.159
399 0.139
401 0.134
403 0.129
405 0.126
407 0.159
409 0.123
411 0.154
413 0.111
415 0.133
417 0.13
419 0.139
421 0.106
423 0.151
425 0.144
427 0.11
429 0.164
431 0.167
433 0.166
435 0.145
437 0.153
439 0.147
441 0.119
443 0.147
445 0.151
447 0.15
449 0.16
451 0.145
453 0.129
455 0.133
457 0.168
459 0.102
461 0.1
463 0.106
465 0.139
467 0.156
469 0.162
471 0.126
473 0.143
475 0.137
477 0.135
479 0.107
481 0.133
483 0.169
485 0.13
487 0.115
489 0.14
491 0.171
493 0.153
495 0.141
497 0.135
499 0.151
501 0.184
503 0.108
505 0.14
507 0.133
509 0.108
511 0.118
513 0.139
515 0.101
517 0.103
519 0.134
521 0.139
523 0.157
525 0.159
527 0.102
529 0.133
531 0.107
533 0.133
535 0.122
537 0.132
539 0.134
541 0.117
543 0.107
545 0.135
547 0.16
549 0.144
551 0.14
553 0.129
555 0.149
557 0.119
559 0.105
561 0.122
563 0.146
565 0.15
567 0.144
569 0.113
571 0.175
573 0.104
575 0.127
577 0.111
579 0.136
581 0.111
583 0.137
585 0.112
587 0.149
589 0.139
591 0.108
593 0.138
595 0.129
597 0.138
599 0.14
601 0.15
603 0.153
605 0.126
607 0.162
609 0.106
611 0.123
613 0.112
615 0.154
617 0.118
619 0.118
621 0.137
623 0.152
625 0.144
627 0.145
629 0.148
631 0.154
633 0.116
635 0.111
637 0.13
639 0.132
641 0.1
643 0.146
645 0.143
647 0.167
649 0.127
651 0.146
653 0.159
655 0.141
657 0.152
659 0.148
661 0.129
663 0.106
665 0.139
667 0.143
669 0.11
671 0.116
673 0.133
675 0.111
677 0.112
679 0.155
681 0.116
683 0.137
685 0.163
687 0.147
689 0.149
691 0.112
693 0.151
695 0.137
697 0.124
699 0.111
701 0.144
703 0.112
705 0.145
707 0.136
709 0.129
711 0.108
713 0.171
715 0.123
717 0.104
719 0.123
721 0.131
723 0.144
725 0.146
727 0.152
729 0.108
731 0.165
733 0.141
735 0.143
737 0.134
739 0.111
741 0.108
743 0.108
745 0.154
747 0.169
749 0.149
751 0.136
753 0.151
755 0.114
757 0.134
759 0.157
761 0.156
763 0.112
765 0.137
767 0.124
769 0.17
771 0.125
773 0.109
775 0.106
777 0.105
779 0.153
781 0.151
783 0.159
785 0.112
787 0.129
789 0.144
791 0.167
793 0.116
795 0.108
797 0.153
799 0.113
801 0.146
803 0.113
805 0.151
807 0.116
809 0.152
811 0.125
813 0.111
815 0.15
817 0.123
819 0.124
821 0.163
823 0.144
825 0.17
827 0.111
829 0.147
831 0.118
833 0.16
835 0.163
837 0.157
839 0.146
841 0.14
843 0.146
845 0.148
847 0.144
849 0.117
851 0.112
853 0.112
855 0.131
857 0.17
859 0.122
861 0.143
863 0.111
865 0.187
867 0.145
869 0.156
871 0.151
873 0.146
875 0.142
877 0.161
879 0.135
881 0.139
883 0.113
885 0.155
887 0.149
889 0.151
891 0.118
893 0.14
895 0.115
897 0.125
899 0.165
901 0.116
903 0.177
905 0.167
907 0.146
909 0.119
911 0.165
913 0.148
915 0.116
917 0.155
919 0.165
921 0.112
923 0.119
925 0.138
927 0.117
929 0.171
931 0.15
933 0.159
935 0.115
937 0.136
939 0.124
941 0.178
943 0.128
945 0.182
947 0.15
949 0.143
951 0.173
953 0.112
955 0.112
957 0.111
959 0.135
961 0.146
963 0.15
965 0.16
967 0.168
969 0.119
971 0.15
973 0.157
975 0.161
977 0.159
979 0.119
981 0.157
983 0.164
985 0.178
987 0.146
989 0.179
991 0.182
993 0.177
995 0.115
997 0.147
999 0.144
1001 0.153
1003 0.156
1005 0.145
1007 0.171
1009 0.155
1011 0.133
1013 0.115
1015 0.114
1017 0.158
1019 0.193
1021 0.168
1023 0.148
1025 0.153
1027 0.177
1029 0.148
1031 0.156
1033 0.155
1035 0.117
1037 0.115
1039 0.13
1041 0.153
1043 0.147
1045 0.154
1047 0.181
1049 0.162
1051 0.144
1053 0.186
1055 0.152
1057 0.185
1059 0.155
1061 0.172
1063 0.161
1065 0.119
1067 0.116
1069 0.146
1071 0.122
1073 0.155
1075 0.163
1077 0.172
1079 0.18
1081 0.129
1083 0.151
1085 0.17
1087 0.179
1089 0.161
1091 0.15
1093 0.172
1095 0.118
1097 0.123
1099 0.201
1101 0.147
1103 0.159
1105 0.184
1107 0.122
1109 0.139
1111 0.116
1113 0.115
1115 0.111
1117 0.11
1119 0.127
1121 0.176
1123 0.176
1125 0.189
1127 0.16
1129 0.152
1131 0.128
1133 0.149
1135 0.158
1137 0.178
1139 0.163
1141 0.202
1143 0.178
1145 0.126
1147 0.157
1149 0.213
1151 0.157
1153 0.138
1155 0.161
1157 0.203
1159 0.156
1161 0.195
1163 0.139
1165 0.141
1167 0.131
1169 0.155
1171 0.119
1173 0.181
1175 0.159
1177 0.138
1179 0.121
1181 0.201
1183 0.163
1185 0.177
1187 0.122
1189 0.156
1191 0.158
1193 0.159
1195 0.151
1197 0.119
1199 0.146
1201 0.177
1203 0.158
1205 0.125
1207 0.17
1209 0.182
1211 0.152
1213 0.138
1215 0.192
1217 0.162
1219 0.169
1221 0.158
1223 0.144
1225 0.15
1227 0.203
1229 0.187
1231 0.162
1233 0.181
1235 0.188
1237 0.187
1239 0.183
1241 0.155
1243 0.187
1245 0.182
1247 0.193
1249 0.159
1251 0.163
1253 0.158
1255 0.159
1257 0.15
1259 0.139
1261 0.152
1263 0.183
1265 0.162
1267 0.207
1269 0.164
1271 0.149
1273 0.164
1275 0.162
1277 0.156
1279 0.134
1281 0.143
1283 0.157
1285 0.13
1287 0.141
1289 0.156
1291 0.205
1293 0.158
1295 0.163
1297 0.13
1299 0.159
1301 0.163
1303 0.166
1305 0.123
1307 0.127
1309 0.209
1311 0.162
1313 0.194
1315 0.192
1317 0.123
1319 0.16
1321 0.134
1323 0.135
1325 0.185
1327 0.195
1329 0.193
1331 0.147
1333 0.163
1335 0.124
1337 0.123
1339 0.16
1341 0.124
1343 0.124
1345 0.177
1347 0.16
1349 0.192
1351 0.152
1353 0.189
1355 0.189
1357 0.169
1359 0.168
1361 0.203
1363 0.125
1365 0.17
1367 0.165
1369 0.188
1371 0.194
1373 0.169
1375 0.185
1377 0.184
1379 0.209
1381 0.127
1383 0.192
1385 0.168
1387 0.158
1389 0.134
1391 0.123
1393 0.125
1395 0.158
1397 0.168
1399 0.142
1401 0.127
1403 0.133
1405 0.137
1407 0.165
1409 0.22
1411 0.165
1413 0.187
1415 0.163
1417 0.156
1419 0.168
1421 0.169
1423 0.194
1425 0.148
1427 0.162
1429 0.179
1431 0.191
1433 0.184
1435 0.199
1437 0.183
1439 0.134
1441 0.14
1443 0.151
1445 0.128
1447 0.136
1449 0.205
1451 0.134
1453 0.16
1455 0.133
1457 0.177
1459 0.14
1461 0.16
1463 0.184
1465 0.135
1467 0.187
1469 0.201
1471 0.168
1473 0.133
1475 0.161
1477 0.135
1479 0.172
1481 0.128
1483 0.129
1485 0.168
1487 0.202
1489 0.201
1491 0.124
1493 0.131
1495 0.145
1497 0.2
1499 0.128
1501 0.153
1503 0.161
1505 0.176
1507 0.186
1509 0.167
1511 0.16
1513 0.184
1515 0.178
1517 0.171
1519 0.179
1521 0.179
1523 0.18
1525 0.148
1527 0.14
1529 0.128
1531 0.153
1533 0.197
1535 0.21
1537 0.184
1539 0.131
1541 0.132
1543 0.173
1545 0.14
1547 0.134
1549 0.132
1551 0.16
1553 0.13
1555 0.165
1557 0.171
1559 0.199
1561 0.172
1563 0.187
1565 0.129
1567 0.139
1569 0.13
1571 0.16
1573 0.146
1575 0.147
1577 0.159
1579 0.164
1581 0.164
1583 0.13
1585 0.155
1587 0.174
1589 0.165
1591 0.166
1593 0.135
1595 0.129
1597 0.13
1599 0.129
1601 0.193
1603 0.186
1605 0.186
1607 0.184
1609 0.185
1611 0.183
1613 0.159
1615 0.174
1617 0.139
1619 0.131
1621 0.156
1623 0.138
1625 0.147
1627 0.172
1629 0.17
1631 0.16
1633 0.171
1635 0.159
1637 0.223
1639 0.202
1641 0.15
1643 0.197
1645 0.135
1647 0.182
1649 0.205
1651 0.18
1653 0.163
1655 0.137
1657 0.15
1659 0.183
1661 0.182
1663 0.215
1665 0.188
1667 0.175
1669 0.196
1671 0.198
1673 0.174
1675 0.16
1677 0.133
1679 0.223
1681 0.132
1683 0.19
1685 0.137
1687 0.185
1689 0.167
1691 0.211
1693 0.135
1695 0.166
1697 0.2
1699 0.193
1701 0.202
1703 0.143
1705 0.158
1707 0.156
1709 0.168
1711 0.187
1713 0.181
1715 0.169
1717 0.138
1719 0.132
1721 0.137
1723 0.144
1725 0.192
1727 0.177
1729 0.193
1731 0.157
1733 0.184
1735 0.183
1737 0.198
1739 0.138
1741 0.164
1743 0.157
1745 0.142
1747 0.179
1749 0.189
1751 0.204
1753 0.17
1755 0.182
1757 0.201
1759 0.175
1761 0.139
1763 0.139
1765 0.136
1767 0.177
1769 0.15
1771 0.144
1773 0.182
1775 0.174
1777 0.195
1779 0.181
1781 0.178
1783 0.149
1785 0.175
1787 0.14
1789 0.152
1791 0.201
1793 0.207
1795 0.137
1797 0.153
1799 0.183
1801 0.144
1803 0.197
1805 0.18
1807 0.201
1809 0.179
1811 0.183
1813 0.162
1815 0.138
1817 0.145
1819 0.159
1821 0.156
1823 0.169
1825 0.156
1827 0.205
1829 0.17
1831 0.21
1833 0.211
1835 0.156
1837 0.164
1839 0.147
1841 0.145
1843 0.165
1845 0.202
1847 0.222
1849 0.21
1851 0.167
1853 0.199
1855 0.203
1857 0.198
1859 0.148
1861 0.203
1863 0.183
1865 0.144
1867 0.194
1869 0.179
1871 0.202
1873 0.144
1875 0.211
1877 0.234
1879 0.21
1881 0.212
1883 0.211
1885 0.186
1887 0.203
1889 0.208
1891 0.169
1893 0.169
1895 0.152
1897 0.195
1899 0.172
1901 0.142
1903 0.208
1905 0.189
1907 0.142
1909 0.15
1911 0.206
1913 0.169
1915 0.192
1917 0.158
1919 0.177
1921 0.198
1923 0.206
1925 0.148
1927 0.186
1929 0.206
1931 0.197
1933 0.213
1935 0.194
1937 0.145
1939 0.188
1941 0.224
1943 0.195
1945 0.167
1947 0.199
1949 0.231
1951 0.175
1953 0.195
1955 0.165
1957 0.194
1959 0.215
1961 0.151
1963 0.145
1965 0.207
1967 0.198
1969 0.21
1971 0.152
1973 0.155
1975 0.152
1977 0.144
1979 0.149
1981 0.156
1983 0.222
1985 0.215
1987 0.211
1989 0.223
1991 0.177
1993 0.154
1995 0.152
1997 0.159
1999 0.166
2001 0.237
2003 0.147
2005 0.199
2007 0.151
2009 0.215
2011 0.228
2013 0.219
2015 0.188
2017 0.159
2019 0.156
2021 0.175
2023 0.167
2025 0.17
2027 0.203
2029 0.2
2031 0.164
2033 0.148
2035 0.214
2037 0.166
2039 0.179
2041 0.2
2043 0.218
2045 0.162
2047 0.155
2049 0.161
2051 0.166
2053 0.158
2055 0.192
2057 0.185
2059 0.226
2061 0.23
2063 0.17
2065 0.182
2067 0.202
2069 0.223
2071 0.173
2073 0.211
2075 0.155
2077 0.202
2079 0.151
2081 0.222
2083 0.169
2085 0.213
2087 0.192
2089 0.211
2091 0.203
2093 0.204
2095 0.161
2097 0.155
2099 0.22
2101 0.228
2103 0.183
2105 0.181
2107 0.171
2109 0.163
2111 0.224
2113 0.197
2115 0.206
2117 0.227
2119 0.227
2121 0.225
2123 0.2
2125 0.152
2127 0.157
2129 0.163
2131 0.187
2133 0.224
2135 0.248
2137 0.238
2139 0.21
2141 0.2
2143 0.184
2145 0.183
2147 0.175
2149 0.207
2151 0.182
2153 0.164
2155 0.225
2157 0.207
2159 0.227
2161 0.185
2163 0.211
2165 0.155
2167 0.211
2169 0.209
2171 0.151
2173 0.217
2175 0.165
2177 0.23
2179 0.161
2181 0.177
2183 0.183
2185 0.157
2187 0.201
2189 0.205
2191 0.162
2193 0.213
2195 0.18
2197 0.197
2199 0.17
2201 0.16
2203 0.233
2205 0.22
2207 0.159
2209 0.185
2211 0.159
2213 0.154
2215 0.154
2217 0.152
2219 0.171
2221 0.186
2223 0.178
2225 0.175
2227 0.177
2229 0.224
2231 0.218
2233 0.168
2235 0.219
2237 0.216
2239 0.266
2241 0.184
2243 0.229
2245 0.162
2247 0.232
2249 0.223
2251 0.222
2253 0.159
2255 0.161
2257 0.232
2259 0.207
2261 0.193
2263 0.168
2265 0.209
2267 0.163
2269 0.194
2271 0.222
2273 0.161
2275 0.213
2277 0.242
2279 0.239
2281 0.186
2283 0.234
2285 0.219
2287 0.227
2289 0.166
2291 0.18
2293 0.156
2295 0.229
2297 0.156
2299 0.242
2301 0.243
2303 0.17
2305 0.159
2307 0.178
2309 0.175
2311 0.218
2313 0.196
2315 0.21
2317 0.213
2319 0.221
2321 0.186
2323 0.234
2325 0.229
2327 0.227
2329 0.222
2331 0.185
2333 0.214
2335 0.173
2337 0.24
2339 0.185
2341 0.235
2343 0.228
2345 0.166
2347 0.221
2349 0.221
2351 0.171
2353 0.195
2355 0.212
2357 0.219
2359 0.23
2361 0.192
2363 0.238
2365 0.229
2367 0.16
2369 0.174
2371 0.195
2373 0.205
2375 0.161
2377 0.186
2379 0.226
2381 0.187
2383 0.185
2385 0.215
2387 0.16
2389 0.235
2391 0.222
2393 0.193
2395 0.193
2397 0.239
2399 0.185
2401 0.166
2403 0.243
2405 0.196
2407 0.23
2409 0.217
2411 0.211
2413 0.168
2415 0.182
2417 0.241
2419 0.166
2421 0.181
2423 0.159
2425 0.199
2427 0.217
2429 0.163
2431 0.191
2433 0.222
2435 0.248
2437 0.246
2439 0.168
2441 0.236
2443 0.181
2445 0.165
2447 0.245
2449 0.224
2451 0.186
2453 0.233
2455 0.181
2457 0.222
2459 0.249
2461 0.235
2463 0.289
2465 0.189
2467 0.176
2469 0.216
2471 0.17
2473 0.227
2475 0.235
2477 0.182
2479 0.189
2481 0.242
2483 0.193
2485 0.183
2487 0.185
2489 0.193
2491 0.231
2493 0.247
2495 0.22
2497 0.238
2499 0.272
2501 0.241
2503 0.249
2505 0.174
2507 0.233
2509 0.249
2511 0.183
2513 0.259
2515 0.238
2517 0.297
2519 0.234
2521 0.225
2523 0.228
2525 0.177
2527 0.211
2529 0.242
2531 0.242
2533 0.243
2535 0.243
2537 0.207
2539 0.231
2541 0.175
2543 0.175
2545 0.223
2547 0.182
2549 0.245
2551 0.215
2553 0.177
2555 0.189
2557 0.173
2559 0.193
2561 0.193
2563 0.25
2565 0.172
2567 0.235
2569 0.23
2571 0.246
2573 0.247
2575 0.234
2577 0.239
2579 0.178
2581 0.18
2583 0.252
2585 0.195
2587 0.196
2589 0.234
2591 0.18
2593 0.245
2595 0.182
2597 0.176
2599 0.243
2601 0.239
2603 0.237
2605 0.244
2607 0.22
2609 0.193
2611 0.239
2613 0.248
2615 0.239
2617 0.181
2619 0.276
2621 0.254
2623 0.241
2625 0.241
2627 0.244
2629 0.172
2631 0.193
2633 0.245
2635 0.177
2637 0.175
2639 0.171
2641 0.238
2643 0.196
2645 0.26
2647 0.281
2649 0.204
2651 0.176
2653 0.263
2655 0.25
2657 0.188
2659 0.248
2661 0.249
2663 0.197
2665 0.247
2667 0.233
2669 0.174
2671 0.174
2673 0.231
2675 0.197
2677 0.225
2679 0.197
2681 0.254
2683 0.225
2685 0.198
2687 0.189
2689 0.239
2691 0.196
2693 0.255
2695 0.202
2697 0.231
2699 0.216
2701 0.249
2703 0.246
2705 0.19
2707 0.18
2709 0.234
2711 0.188
2713 0.254
2715 0.24
2717 0.203
2719 0.247
2721 0.196
2723 0.201
2725 0.194
2727 0.177
2729 0.253
2731 0.237
2733 0.244
2735 0.257
2737 0.195
2739 0.256
2741 0.264
2743 0.249
2745 0.225
2747 0.185
2749 0.228
2751 0.257
2753 0.258
2755 0.199
2757 0.248
2759 0.196
2761 0.189
2763 0.243
2765 0.248
2767 0.241
2769 0.192
2771 0.212
2773 0.249
2775 0.182
2777 0.186
2779 0.18
2781 0.273
2783 0.292
2785 0.262
2787 0.199
2789 0.186
2791 0.255
2793 0.22
2795 0.257
2797 0.213
2799 0.257
2801 0.292
2803 0.24
2805 0.278
2807 0.188
2809 0.305
2811 0.252
2813 0.252
2815 0.256
2817 0.242
2819 0.252
2821 0.209
2823 0.184
2825 0.183
2827 0.25
2829 0.217
2831 0.205
2833 0.191
2835 0.183
2837 0.201
2839 0.259
2841 0.257
2843 0.26
2845 0.254
2847 0.248
2849 0.248
2851 0.192
2853 0.248
2855 0.183
2857 0.205
2859 0.256
2861 0.2
2863 0.216
2865 0.258
2867 0.254
2869 0.204
2871 0.197
2873 0.267
2875 0.261
2877 0.254
2879 0.265
2881 0.261
2883 0.26
2885 0.203
2887 0.187
2889 0.204
2891 0.19
2893 0.187
2895 0.251
2897 0.258
2899 0.265
2901 0.212
2903 0.264
2905 0.29
2907 0.277
2909 0.265
2911 0.266
2913 0.207
2915 0.255
2917 0.248
2919 0.226
2921 0.187
2923 0.236
2925 0.257
2927 0.256
2929 0.27
2931 0.258
2933 0.213
2935 0.264
2937 0.208
2939 0.265
2941 0.277
2943 0.247
2945 0.214
2947 0.214
2949 0.211
2951 0.243
2953 0.21
2955 0.201
2957 0.204
2959 0.252
2961 0.201
2963 0.245
2965 0.201
2967 0.269
2969 0.272
2971 0.26
2973 0.222
2975 0.273
2977 0.196
2979 0.188
2981 0.275
2983 0.198
2985 0.262
2987 0.31
2989 0.285
2991 0.315
2993 0.203
2995 0.202
2997 0.256
2999 0.285
3001 0.254
3003 0.249
3005 0.264
3007 0.207
3009 0.273
3011 0.207
3013 0.296
3015 0.203
3017 0.218
3019 0.281
3021 0.27
3023 0.268
3025 0.275
3027 0.193
3029 0.285
3031 0.204
3033 0.204
3035 0.311
3037 0.266
3039 0.196
3041 0.267
3043 0.311
3045 0.197
3047 0.22
3049 0.199
3051 0.292
3053 0.204
3055 0.261
3057 0.205
3059 0.268
3061 0.194
3063 0.269
3065 0.204
3067 0.27
3069 0.202
3071 0.256
3073 0.214
3075 0.268
3077 0.215
3079 0.197
3081 0.202
3083 0.213
3085 0.204
3087 0.198
3089 0.192
3091 0.276
3093 0.216
3095 0.212
3097 0.201
3099 0.213
3101 0.223
3103 0.205
3105 0.278
3107 0.259
3109 0.271
3111 0.274
3113 0.292
3115 0.209
3117 0.246
3119 0.204
3121 0.27
3123 0.211
3125 0.22
3127 0.271
3129 0.229
3131 0.271
3133 0.271
3135 0.211
3137 0.281
3139 0.208
3141 0.204
3143 0.269
3145 0.258
3147 0.213
3149 0.207
3151 0.268
3153 0.267
3155 0.282
3157 0.283
3159 0.272
3161 0.29
3163 0.287
3165 0.222
3167 0.213
3169 0.204
3171 0.244
3173 0.211
3175 0.29
3177 0.325
3179 0.216
3181 0.245
3183 0.266
3185 0.277
3187 0.269
3189 0.226
3191 0.212
3193 0.215
3195 0.275
3197 0.28
3199 0.22
3201 0.273
3203 0.224
3205 0.222
3207 0.223
3209 0.265
3211 0.231
3213 0.203
3215 0.224
3217 0.248
3219 0.232
3221 0.286
3223 0.322
3225 0.273
3227 0.231
3229 0.282
3231 0.271
3233 0.212
3235 0.286
3237 0.21
3239 0.291
3241 0.276
3243 0.29
3245 0.235
3247 0.294
3249 0.272
3251 0.241
3253 0.283
3255 0.226
3257 0.278
3259 0.254
3261 0.29
3263 0.286
3265 0.223
3267 0.285
3269 0.28
3271 0.291
3273 0.288
3275 0.22
3277 0.272
3279 0.223
3281 0.286
3283 0.291
3285 0.287
3287 0.302
3289 0.245
3291 0.286
3293 0.216
3295 0.23
3297 0.29
3299 0.223
3301 0.283
3303 0.289
3305 0.242
3307 0.225
3309 0.214
3311 0.298
3313 0.294
3315 0.32
3317 0.313
3319 0.332
3321 0.297
3323 0.295
3325 0.24
3327 0.222
3329 0.211
3331 0.303
3333 0.213
3335 0.274
3337 0.232
3339 0.287
3341 0.285
3343 0.28
3345 0.293
3347 0.23
3349 0.304
3351 0.282
3353 0.291
3355 0.341
3357 0.271
3359 0.3
3361 0.228
3363 0.281
3365 0.289
3367 0.287
3369 0.23
3371 0.308
3373 0.274
3375 0.302
3377 0.227
3379 0.294
3381 0.231
3383 0.275
3385 0.293
3387 0.212
3389 0.298
3391 0.301
3393 0.221
3395 0.228
3397 0.212
3399 0.287
3401 0.303
3403 0.229
3405 0.226
3407 0.303
3409 0.29
3411 0.227
3413 0.227
3415 0.214
3417 0.216
3419 0.214
3421 0.218
3423 0.336
3425 0.238
3427 0.285
3429 0.295
3431 0.222
3433 0.294
3435 0.304
3437 0.304
3439 0.295
3441 0.315
3443 0.234
3445 0.314
3447 0.246
3449 0.306
3451 0.297
3453 0.223
3455 0.222
3457 0.238
3459 0.303
3461 0.233
3463 0.231
3465 0.281
3467 0.234
3469 0.331
3471 0.299
3473 0.245
3475 0.241
3477 0.284
3479 0.234
3481 0.24
3483 0.313
3485 0.286
3487 0.306
3489 0.301
3491 0.31
3493 0.253
3495 0.301
3497 0.225
3499 0.241
3501 0.314
3503 0.306
3505 0.307
3507 0.245
3509 0.255
3511 0.35
3513 0.294
3515 0.375
3517 0.336
3519 0.315
3521 0.353
3523 0.298
3525 0.298
3527 0.236
3529 0.297
3531 0.31
3533 0.294
3535 0.238
3537 0.307
3539 0.23
3541 0.302
3543 0.305
3545 0.311
3547 0.301
3549 0.305
3551 0.241
3553 0.29
3555 0.282
3557 0.239
3559 0.295
3561 0.309
3563 0.306
3565 0.303
3567 0.362
3569 0.28
3571 0.25
3573 0.301
3575 0.248
3577 0.301
3579 0.309
3581 0.304
3583 0.255
3585 0.245
3587 0.298
3589 0.246
3591 0.25
3593 0.245
3595 0.311
3597 0.361
3599 0.268
3601 0.312
3603 0.306
3605 0.248
3607 0.36
3609 0.339
3611 0.308
3613 0.312
3615 0.238
3617 0.309
3619 0.244
3621 0.296
3623 0.238
3625 0.238
3627 0.315
3629 0.242
3631 0.32
3633 0.307
3635 0.248
3637 0.317
3639 0.313
3641 0.303
3643 0.327
3645 0.321
3647 0.324
3649 0.269
3651 0.237
3653 0.231
3655 0.29
3657 0.311
3659 0.244
3661 0.366
3663 0.327
3665 0.361
3667 0.271
3669 0.322
3671 0.29
3673 0.317
3675 0.283
3677 0.313
3679 0.291
3681 0.308
3683 0.332
3685 0.263
3687 0.327
3689 0.321
3691 0.312
3693 0.321
3695 0.255
3697 0.318
3699 0.274
3701 0.301
3703 0.309
3705 0.239
3707 0.361
3709 0.322
3711 0.317
3713 0.323
3715 0.245
3717 0.338
3719 0.249
3721 0.242
3723 0.31
3725 0.292
3727 0.315
3729 0.289
3731 0.287
3733 0.312
3735 0.32
3737 0.308
3739 0.325
3741 0.387
3743 0.314
3745 0.256
3747 0.318
3749 0.245
3751 0.239
3753 0.321
3755 0.309
3757 0.326
3759 0.314
3761 0.308
3763 0.327
3765 0.251
3767 0.326
3769 0.24
3771 0.238
3773 0.235
3775 0.276
3777 0.237
3779 0.311
3781 0.312
3783 0.25
3785 0.314
3787 0.244
3789 0.236
3791 0.233
3793 0.235
3795 0.235
3797 0.252
3799 0.322
3801 0.321
3803 0.264
3805 0.258
3807 0.325
3809 0.335
3811 0.251
3813 0.327
3815 0.311
3817 0.254
3819 0.354
3821 0.254
3823 0.331
3825 0.329
3827 0.25
3829 0.326
3831 0.319
3833 0.329
3835 0.254
3837 0.289
3839 0.249
3841 0.358
3843 0.318
3845 0.323
3847 0.254
3849 0.329
3851 0.26
3853 0.318
3855 0.26
3857 0.323
3859 0.322
3861 0.319
3863 0.329
3865 0.311
3867 0.313
3869 0.262
3871 0.254
3873 0.321
3875 0.334
3877 0.263
3879 0.329
3881 0.328
3883 0.257
3885 0.252
3887 0.336
3889 0.334
3891 0.33
3893 0.332
3895 0.263
3897 0.335
3899 0.328
3901 0.326
3903 0.328
3905 0.275
3907 0.335
3909 0.329
3911 0.328
3913 0.333
3915 0.322
3917 0.331
3919 0.336
3921 0.345
3923 0.264
3925 0.324
3927 0.342
3929 0.343
3931 0.346
3933 0.309
3935 0.247
3937 0.296
3939 0.262
3941 0.355
3943 0.351
3945 0.249
3947 0.248
3949 0.246
3951 0.328
3953 0.332
3955 0.35
3957 0.343
3959 0.266
3961 0.321
3963 0.34
3965 0.339
3967 0.342
3969 0.348
3971 0.392
3973 0.323
3975 0.336
3977 0.339
3979 0.329
3981 0.327
3983 0.343
3985 0.359
3987 0.369
3989 0.359
3991 0.351
3993 0.348
3995 0.335
3997 0.266
3999 0.317
4001 0.255
4003 0.333
4005 0.265
4007 0.263
4009 0.329
4011 0.321
4013 0.346
4015 0.319
4017 0.319
4019 0.278
4021 0.329
4023 0.353
4025 0.33
4027 0.266
4029 0.328
4031 0.277
4033 0.266
4035 0.261
4037 0.341
4039 0.268
4041 0.338
4043 0.271
4045 0.333
4047 0.273
4049 0.328
4051 0.339
4053 0.33
4055 0.328
4057 0.275
4059 0.269
4061 0.334
4063 0.356
4065 0.344
4067 0.372
4069 0.337
4071 0.339
4073 0.345
4075 0.318
4077 0.341
4079 0.386
4081 0.341
4083 0.348
4085 0.341
4087 0.401
4089 0.347
4091 0.327
4093 0.348
4095 0.397
4097 0.347
4099 0.281
4101 0.341
4103 0.275
4105 0.292
4107 0.353
4109 0.337
4111 0.345
4113 0.354
4115 0.327
4117 0.353
4119 0.335
4121 0.278
4123 0.354
4125 0.34
4127 0.28
4129 0.357
4131 0.345
4133 0.264
4135 0.285
4137 0.304
4139 0.35
4141 0.281
4143 0.356
4145 0.355
4147 0.28
4149 0.363
4151 0.275
4153 0.271
4155 0.265
4157 0.262
4159 0.339
4161 0.352
4163 0.347
4165 0.382
4167 0.346
4169 0.267
4171 0.279
4173 0.357
4175 0.289
4177 0.36
4179 0.349
4181 0.354
4183 0.362
4185 0.278
4187 0.361
4189 0.362
4191 0.345
4193 0.349
4195 0.345
4197 0.344
4199 0.359
4201 0.302
4203 0.351
4205 0.365
4207 0.353
4209 0.334
4211 0.346
4213 0.352
4215 0.341
4217 0.284
4219 0.275
4221 0.273
4223 0.352
4225 0.281
4227 0.361
4229 0.365
4231 0.353
4233 0.362
4235 0.351
4237 0.359
4239 0.368
4241 0.292
4243 0.347
4245 0.358
4247 0.418
4249 0.279
4251 0.272
4253 0.264
4255 0.344
4257 0.284
4259 0.405
4261 0.296
4263 0.285
4265 0.268
4267 0.35
4269 0.285
4271 0.359
4273 0.365
4275 0.352
4277 0.363
4279 0.348
4281 0.323
4283 0.357
4285 0.281
4287 0.348
4289 0.362
4291 0.286
4293 0.356
4295 0.375
4297 0.371
4299 0.355
4301 0.368
4303 0.36
4305 0.289
4307 0.416
4309 0.375
4311 0.364
4313 0.38
4315 0.332
4317 0.33
4319 0.3
4321 0.284
4323 0.364
4325 0.331
4327 0.354
4329 0.418
4331 0.352
4333 0.381
4335 0.367
4337 0.361
4339 0.374
4341 0.358
4343 0.28
4345 0.358
4347 0.354
4349 0.353
4351 0.302
4353 0.277
4355 0.275
4357 0.374
4359 0.284
4361 0.289
4363 0.369
4365 0.297
4367 0.374
4369 0.372
4371 0.372
4373 0.36
4375 0.428
4377 0.372
4379 0.355
4381 0.344
4383 0.298
4385 0.372
4387 0.376
4389 0.361
4391 0.364
4393 0.384
4395 0.369
4397 0.298
4399 0.285
4401 0.309
4403 0.376
4405 0.363
4407 0.371
4409 0.287
4411 0.364
4413 0.364
4415 0.38
4417 0.344
4419 0.424
4421 0.372
4423 0.307
4425 0.29
4427 0.277
4429 0.308
4431 0.299
4433 0.372
4435 0.364
4437 0.362
4439 0.304
4441 0.372
4443 0.38
4445 0.383
4447 0.36
4449 0.357
4451 0.364
4453 0.365
4455 0.384
4457 0.346
4459 0.288
4461 0.385
4463 0.362
4465 0.362
4467 0.381
4469 0.437
4471 0.389
4473 0.304
4475 0.373
4477 0.377
4479 0.337
4481 0.382
4483 0.376
4485 0.389
4487 0.294
4489 0.28
4491 0.37
4493 0.383
4495 0.309
4497 0.294
4499 0.285
4501 0.391
4503 0.295
4505 0.297
4507 0.284
4509 0.278
4511 0.358
4513 0.389
4515 0.302
4517 0.369
4519 0.399
4521 0.384
4523 0.371
4525 0.389
4527 0.389
4529 0.365
4531 0.401
4533 0.389
4535 0.322
4537 0.381
4539 0.374
4541 0.311
4543 0.363
4545 0.43
4547 0.37
4549 0.391
4551 0.361
4553 0.371
4555 0.304
4557 0.369
4559 0.304
4561 0.306
4563 0.43
4565 0.383
4567 0.33
4569 0.379
4571 0.382
4573 0.369
4575 0.44
4577 0.297
4579 0.287
4581 0.388
4583 0.312
4585 0.389
4587 0.385
4589 0.313
4591 0.306
4593 0.426
4595 0.38
4597 0.381
4599 0.316
4601 0.35
4603 0.298
4605 0.385
4607 0.391
4609 0.306
4611 0.384
4613 0.307
4615 0.384
4617 0.396
4619 0.392
4621 0.409
4623 0.397
4625 0.385
4627 0.312
4629 0.383
4631 0.391
4633 0.384
4635 0.304
4637 0.305
4639 0.304
4641 0.392
4643 0.325
4645 0.379
4647 0.35
4649 0.394
4651 0.372
4653 0.379
4655 0.384
4657 0.379
4659 0.327
4661 0.372
4663 0.45
4665 0.378
4667 0.385
4669 0.398
4671 0.324
4673 0.322
4675 0.352
4677 0.306
4679 0.384
4681 0.388
4683 0.378
4685 0.37
4687 0.381
4689 0.38
4691 0.323
4693 0.393
4695 0.404
4697 0.401
4699 0.318
4701 0.305
4703 0.389
4705 0.451
4707 0.321
4709 0.381
4711 0.376
4713 0.381
4715 0.406
4717 0.394
4719 0.455
4721 0.404
4723 0.393
4725 0.331
4727 0.395
4729 0.388
4731 0.409
4733 0.323
4735 0.318
4737 0.387
4739 0.315
4741 0.398
4743 0.392
4745 0.382
4747 0.389
4749 0.401
4751 0.405
4753 0.388
4755 0.317
4757 0.386
4759 0.316
4761 0.322
4763 0.305
4765 0.303
4767 0.398
4769 0.328
4771 0.392
4773 0.402
4775 0.405
4777 0.317
4779 0.299
4781 0.386
4783 0.391
4785 0.4
4787 0.397
4789 0.405
4791 0.326
4793 0.328
4795 0.324
4797 0.307
4799 0.305
4801 0.306
4803 0.387
4805 0.411
4807 0.461
4809 0.353
4811 0.315
4813 0.439
4815 0.334
4817 0.315
4819 0.341
4821 0.419
4823 0.321
4825 0.311
4827 0.312
4829 0.319
4831 0.408
4833 0.412
4835 0.396
4837 0.33
4839 0.439
4841 0.327
4843 0.401
4845 0.463
4847 0.324
4849 0.414
4851 0.435
4853 0.406
4855 0.4
4857 0.33
4859 0.39
4861 0.332
4863 0.311
4865 0.327
4867 0.419
4869 0.422
4871 0.397
4873 0.424
4875 0.394
4877 0.324
4879 0.319
4881 0.325
4883 0.402
4885 0.322
4887 0.413
4889 0.424
4891 0.428
4893 0.433
4895 0.418
4897 0.333
4899 0.423
4901 0.329
4903 0.313
4905 0.451
4907 0.416
4909 0.333
4911 0.411
4913 0.341
4915 0.328
4917 0.336
4919 0.432
4921 0.337
4923 0.408
4925 0.338
4927 0.409
4929 0.422
4931 0.324
4933 0.335
4935 0.384
4937 0.409
4939 0.405
4941 0.418
4943 0.407
4945 0.422
4947 0.419
4949 0.424
4951 0.405
4953 0.339
4955 0.407
4957 0.323
4959 0.422
4961 0.425
4963 0.407
4965 0.353
4967 0.407
4969 0.347
4971 0.344
4973 0.338
4975 0.405
4977 0.414
4979 0.334
4981 0.434
4983 0.387
4985 0.355
4987 0.41
4989 0.404
4991 0.358
4993 0.332
4995 0.41
4997 0.428
4999 0.419