1 0.004
2 0.039
3 0.004
4 0.004
5 0.003
6 0.004
7 0.075
8 0.008
9 0.008
10 0.012
11 0.008
12 0.011
13 0.016
14 0.012
15 0.016
16 0.016
17 0.019
18 0.02
19 0.019
20 0.024
21 0.024
22 0.024
23 0.028
24 0.027
25 0.032
26 0.032
27 0.036
28 0.04
29 0.04
30 0.04
31 0.043
32 0.044
33 0.048
34 0.047
35 0.056
36 0.055
37 0.06
38 0.059
39 0.068
40 0.067
41 0.067
42 0.079
43 0.08
44 0.08
45 0.088
46 0.092
47 0.096
48 0.099
49 0.096
50 0.104
51 0.108
52 0.111
53 0.116
54 0.123
55 0.12
56 0.136
57 0.139
58 0.14
59 0.228
60 0.16
61 0.147
62 0.176
63 0.171
64 0.172
65 0.176
66 0.172
67 0.176
68 0.179
69 0.172
70 0.176
71 0.183
72 0.196
73 0.199
74 0.204
75 0.215
76 0.199
77 0.212
78 0.227
79 0.211
80 0.243
81 0.247
82 0.252
83 0.263
84 0.275
85 0.324
86 0.259
87 0.263
88 0.272
89 0.284
90 0.288
91 0.291
92 0.295
93 0.304
94 0.304
95 0.315
96 0.324
97 0.344
98 0.419
99 0.379
100 0.356
101 0.367
102 0.356
103 0.371
104 0.379
105 0.388
106 0.391
107 0.384
108 0.432
109 0.491
110 0.46
111 0.436
112 0.423
113 0.468
114 0.448
115 0.455
116 0.452
117 0.46
118 0.468
119 0.596
120 0.564
121 0.496
122 0.5
123 0.672
124 0.535
125 0.519
126 0.559
127 0.588
128 0.647
129 0.623
130 0.572
131 0.571
132 0.567
133 0.695
134 0.704
135 0.615
136 0.679
137 0.675
138 0.804
139 0.672
140 0.719
141 0.728
142 0.676
143 0.835
144 0.684
145 0.783
146 0.7
147 0.711
148 0.771
149 0.768
150 0.787
151 0.756
152 0.835
153 0.788
154 0.871
155 0.899
156 0.804
157 0.816
158 0.884
159 1.012
160 0.859
161 0.927
162 0.955
163 1.051
164 0.932
165 0.891
166 0.972
167 0.96
168 0.987
169 1.015
170 1.359
171 1.1
172 0.944
173 0.992
174 1.068
175 1.119
176 1.076
177 1.103
178 1.176
179 1.12
180 1.14
181 1.219
182 1.183
183 1.155
184 1.256
185 1.196
186 1.215
187 1.272
188 1.263
189 1.343
190 1.204
191 1.268
192 1.26
193 1.343
194 1.312
195 1.303
196 1.384
197 1.347
198 1.448
199 1.295
200 1.412
201 1.427
202 1.387
203 1.432
204 1.468
205 1.427
206 1.484
207 1.551
208 1.436
209 1.503
210 1.507
211 1.52
212 1.544
213 1.875
214 1.579
215 1.536
216 1.647
217 1.543
218 1.615
219 1.608
220 1.659
221 1.688
222 1.675
223 1.711
224 1.828
225 1.888
226 1.788
227 1.911
228 1.844
229 1.903
230 1.931
231 1.951
232 1.879
233 2.012
234 2.108
235 2.015
236 2.027
237 1.948
238 2.068
239 2.183
240 2.111
241 2.216
242 2.127
243 2.24
244 1.991
245 2.056
246 1.963
247 2.067
248 2.14
249 2.104
250 2.199
251 2.14
252 2.187
253 2.028
254 2.195
255 2.264
256 2.24
257 2.295
258 2.14
259 2.247
260 2.355
261 2.695
262 2.352
263 2.195
264 2.412
265 2.376
266 2.768
267 2.259
268 2.467
269 2.415
270 2.556
271 2.907
272 2.404
273 2.46
274 2.52
275 2.643
276 2.5
277 2.58
278 2.632
279 2.691
280 2.576
281 2.687
282 2.671
283 2.764
284 2.64
285 2.795
286 2.632
287 2.827
288 2.675
289 2.895
290 2.747
291 2.928
292 2.827
293 3.004
294 2.819
295 2.971
296 2.783
297 3.012
298 2.903
299 3.036
300 2.939
301 3.072
302 2.956
303 3.192
304 3.011
305 3.16
306 2.98
307 3.231
308 3.079
309 3.752
310 3.104
311 3.231
312 3.211
313 3.283
314 3.235
315 3.771
316 3.2
317 3.367
318 3.236
319 3.507
320 3.263
321 4.019
322 3.247
323 3.536
324 3.343
325 3.66
326 3.591
327 3.416
328 3.719
329 3.459
330 3.735
331 3.592
332 3.987
333 3.947
334 4.359
335 4.108
336 3.795
337 4.127
338 4.084
339 5.155
340 4.128
341 4.199
342 4.028
343 4.319
344 4.04
345 4.908
346 4.072
347 4.348
348 4.387
349 4.156
350 4.432
351 4.264
352 5.108
353 4.283
354 4.456
355 4.583
356 4.692
357 4.504
358 4.58
359 4.588
360 4.447
361 4.764
362 5.347
363 4.379
364 4.779
365 4.86
366 4.572
367 4.892
368 4.927
369 4.695
370 5.012
371 5.052
372 4.716
373 5.075
374 5.676
375 4.759
376 4.96
377 5.144
378 4.875
379 5.192
380 5.831
381 4.947
382 5.08
383 5.384
384 5.111
385 5.235
386 6.083
387 5.152
388 5.336
389 6.096
390 5.151
391 5.34
392 5.663
393 5.516
394 5.42
395 5.943
396 5.54
397 5.687
398 6.251
399 5.351
400 5.644
401 5.731
402 5.876
403 5.759
404 5.655
405 5.779
406 6.036
407 5.927
408 6.475
409 5.788
410 5.788
411 5.963
412 6.115
413 6.183
414 5.975
415 6.008
416 6.871
417 5.803
418 6.276
419 5.615
420 5.803
421 6.235
422 5.851
423 6.024
424 5.803
425 5.895
426 6.664
427 5.923
428 5.943
429 6.004
430 6.807
431 6.199
432 6.296
433 6.268
434 6.068
435 6.211
436 7.015
437 6.043
438 6.32
439 6.98
440 6.355
441 6.528
442 6.487
443 7.179
444 6.288
445 6.491
446 7.259
447 6.455
448 6.5
449 6.672
450 7.211
451 6.68
452 6.816
453 6.791
454 6.804
455 6.743
456 7.139
457 6.8
458 7.031
459 7.044
460 7.091
461 7.147
462 6.868
463 7.151
464 7.424
465 7.019
466 7.227
467 7.248
468 7.375
469 7.283
470 7.44
471 7.327
472 8.079
473 7.307
474 8.087
475 7.228
476 7.459
477 8.088
478 7.475
479 7.536
480 7.556
481 7.615
482 7.596
483 8.059
484 7.615
485 7.576
486 7.844
487 7.915
488 7.884
489 7.98
490 7.983
491 8.031
492 8.067
493 8.091
494 8.148
495 8.24
496 8.136
497 8.171
498 8.292
499 8.268
500 8.291
501 8.344
502 8.347
503 8.392
504 8.4
505 8.483
506 8.504
507 8.552
508 8.567
509 8.587
510 8.579
511 8.672
512 8.699
513 8.731
514 8.707
515 8.703
516 8.796
517 8.776
518 8.796
519 8.888
520 8.887
521 8.951
522 8.983
523 9.044
524 9.036
525 9.079
526 9.096
527 9.115
528 9.087
529 9.163
530 9.204
531 9.211
532 9.267
533 9.336
534 9.316
535 9.355
536 9.416
537 10.083
538 10.147
539 11.096
540 10.051
541 11.152
542 11.228
543 10.291
544 10.4
545 10.435
546 11.519
547 10.607
548 10.607
549 10.644
550 10.567