1 0.052
2 0.051
3 0.059
4 0.06
5 0.063
6 0.063
7 0.064
8 0.063
9 0.063
10 0.063
11 0.076
12 0.068
13 0.068
14 0.071
15 0.072
16 0.072
17 0.071
18 0.071
19 0.076
20 0.079
21 0.076
22 0.076
23 0.079
24 0.084
25 0.084
26 0.079
27 0.087
28 0.083
29 0.087
30 0.088
31 0.092
32 0.092
33 0.095
34 0.096
35 0.092
36 0.096
37 0.096
38 0.1
39 0.096
40 0.103
41 0.1
42 0.108
43 0.104
44 0.1
45 0.104
46 0.108
47 0.104
48 0.107
49 0.111
50 0.112
51 0.112
52 0.115
53 0.115
54 0.119
55 0.12
56 0.12
57 0.119
58 0.119
59 0.119
60 0.123
61 0.119
62 0.123
63 0.128
64 0.128
65 0.127
66 0.127
67 0.132
68 0.127
69 0.132
70 0.132
71 0.132
72 0.135
73 0.132
74 0.132
75 0.14
76 0.135
77 0.135
78 0.139
79 0.143
80 0.135
81 0.144
82 0.144
83 0.147
84 0.144
85 0.144
86 0.147
87 0.148
88 0.152
89 0.147
90 0.155
91 0.152
92 0.155
93 0.152
94 0.164
95 0.159
96 0.159
97 0.164
98 0.163
99 0.164
100 0.164
101 0.167
102 0.172
103 0.172
104 0.172
105 0.175
106 0.175
107 0.175
108 0.179
109 0.175
110 0.176
111 0.176
112 0.183
113 0.18
114 0.18
115 0.183
116 0.179
117 0.184
118 0.192
119 0.188
120 0.191
121 0.184
122 0.188
123 0.188
124 0.187
125 0.192
126 0.195
127 0.192
128 0.2
129 0.204
130 0.199
131 0.195
132 0.199
133 0.204
134 0.207
135 0.211
136 0.208
137 0.208
138 0.215
139 0.211
140 0.207
141 0.219
142 0.22
143 0.22
144 0.224
145 0.215
146 0.219
147 0.224
148 0.224
149 0.22
150 0.223
151 0.223
152 0.219
153 0.227
154 0.223
155 0.224
156 0.228
157 0.231
158 0.227
159 0.231
160 0.231
161 0.228
162 0.24
163 0.235
164 0.235
165 0.235
166 0.239
167 0.239
168 0.239
169 0.24
170 0.235
171 0.248
172 0.244
173 0.24
174 0.248
175 0.248
176 0.244
177 0.251
178 0.248
179 0.251
180 0.251
181 0.251
182 0.255
183 0.251
184 0.255
185 0.255
186 0.259
187 0.255
188 0.271
189 0.259
190 0.264
191 0.263
192 0.259
193 0.268
194 0.268
195 0.264
196 0.268
197 0.271
198 0.267
199 0.268
200 0.271
201 0.271
202 0.272
203 0.275
204 0.275
205 0.279
206 0.275
207 0.275
208 0.279
209 0.279
210 0.28
211 0.279
212 0.284
213 0.288
214 0.288
215 0.291
216 0.288
217 0.292
218 0.291
219 0.288
220 0.291
221 0.291
222 0.292
223 0.296
224 0.296
225 0.299
226 0.296
227 0.3
228 0.304
229 0.304
230 0.3
231 0.303
232 0.3
233 0.307
234 0.304
235 0.307
236 0.312
237 0.307
238 0.315
239 0.311
240 0.311
241 0.315
242 0.311
243 0.319
244 0.316
245 0.32
246 0.32
247 0.316
248 0.319
249 0.32
250 0.327
251 0.319
252 0.324
253 0.327
254 0.327
255 0.332
256 0.327
257 0.332
258 0.331
259 0.331
260 0.335
261 0.331
262 0.336
263 0.335
264 0.336
265 0.335
266 0.331
267 0.336
268 0.344
269 0.34
270 0.344
271 0.344
272 0.347
273 0.344
274 0.347
275 0.351
276 0.356
277 0.351
278 0.356
279 0.36
280 0.351
281 0.36
282 0.36
283 0.367
284 0.364
285 0.364
286 0.367
287 0.364
288 0.364
289 0.367
290 0.371
291 0.368
292 0.371
293 0.364
294 0.372
295 0.375
296 0.376
297 0.372
298 0.379
299 0.379
300 0.38
301 0.38
302 0.38
303 0.38
304 0.379
305 0.384
306 0.384
307 0.388
308 0.387
309 0.384
310 0.387
311 0.387
312 0.391
313 0.387
314 0.395
315 0.387
316 0.4
317 0.396
318 0.396
319 0.399
320 0.399
321 0.403
322 0.407
323 0.4
324 0.395
325 0.4
326 0.399
327 0.403
328 0.403
329 0.407
330 0.403
331 0.403
332 0.408
333 0.411
334 0.403
335 0.411
336 0.411
337 0.416
338 0.416
339 0.412
340 0.42
341 0.416
342 0.423
343 0.419
344 0.423
345 0.419
346 0.423
347 0.423
348 0.427
349 0.423
350 0.423
351 0.423
352 0.427
353 0.432
354 0.431
355 0.431
356 0.427
357 0.431
358 0.435
359 0.436
360 0.436
361 0.44
362 0.436
363 0.44
364 0.444
365 0.44
366 0.436
367 0.443
368 0.447
369 0.443
370 0.447
371 0.451
372 0.447
373 0.447
374 0.447
375 0.447
376 0.451
377 0.455
378 0.456
379 0.452
380 0.456
381 0.451
382 0.455
383 0.46
384 0.46
385 0.46
386 0.463
387 0.464
388 0.468
389 0.468
390 0.468
391 0.463
392 0.467
393 0.467
394 0.472
395 0.472
396 0.467
397 0.471
398 0.476
399 0.472
400 0.483
401 0.48
402 0.487
403 0.488
404 0.488
405 0.487
406 0.488
407 0.492
408 0.492
409 0.487
410 0.491
411 0.495
412 0.491
413 0.488
414 0.492
415 0.492
416 0.496
417 0.496
418 0.5
419 0.5
420 0.5
421 0.503
422 0.503
423 0.503
424 0.503
425 0.5
426 0.508
427 0.507
428 0.508
429 0.511
430 0.512
431 0.507
432 0.512
433 0.512
434 0.511
435 0.516
436 0.516
437 0.523
438 0.519
439 0.516
440 0.516
441 0.519
442 0.519
443 0.516
444 0.523
445 0.519
446 0.527
447 0.519
448 0.527
449 0.528
450 0.531
451 0.532
452 0.532
453 0.527
454 0.532
455 0.536
456 0.532
457 0.536
458 0.532
459 0.539
460 0.539
461 0.539
462 0.539
463 0.544
464 0.539
465 0.543
466 0.548
467 0.539
468 0.548
469 0.543
470 0.547
471 0.556
472 0.552
473 0.556
474 0.552
475 0.552
476 0.552
477 0.556
478 0.564
479 0.563
480 0.555
481 0.559
482 0.556
483 0.564
484 0.563
485 0.564
486 0.572
487 0.563
488 0.571
489 0.567
490 0.563
491 0.568
492 0.572
493 0.576
494 0.572
495 0.576
496 0.576
497 0.576
498 0.572
499 0.579
500 0.579
501 0.579
502 0.588
503 0.583
504 0.579
505 0.584
506 0.588
507 0.587
508 0.587
509 0.588
510 0.592
511 0.599
512 0.599
513 0.596
514 0.603
515 0.603
516 0.599
517 0.607
518 0.608
519 0.607
520 0.608
521 0.603
522 0.603
523 0.603
524 0.612
525 0.612
526 0.608
527 0.607
528 0.608
529 0.612
530 0.612
531 0.615
532 0.615
533 0.62
534 0.62
535 0.615
536 0.615
537 0.619
538 0.615
539 0.62
540 0.62
541 0.619
542 0.623
543 0.628
544 0.62
545 0.624
546 0.627
547 0.632
548 0.632
549 0.639
550 0.628
551 0.627
552 0.632
553 0.632
554 0.632
555 0.635
556 0.635
557 0.635
558 0.639
559 0.64
560 0.639
561 0.643
562 0.644
563 0.635
564 0.64
565 0.643
566 0.639
567 0.652
568 0.648
569 0.648
570 0.647
571 0.652
572 0.648
573 0.651
574 0.652
575 0.655
576 0.659
577 0.655
578 0.659
579 0.66
580 0.66
581 0.659
582 0.663
583 0.659
584 0.659
585 0.664
586 0.667
587 0.668
588 0.664
589 0.668
590 0.672
591 0.672
592 0.667
593 0.683
594 0.692
595 0.692
596 0.692
597 0.692
598 0.692
599 0.692
600 0.695
601 0.695
602 0.7
603 0.699
604 0.699
605 0.699
606 0.7
607 0.704
608 0.704
609 0.708
610 0.708
611 0.703
612 0.707
613 0.711
614 0.715
615 0.715
616 0.724
617 0.719
618 0.723
619 0.728
620 0.731
621 0.728
622 0.731
623 0.731
624 0.72
625 0.719
626 0.728
627 0.727
628 0.715
629 0.728
630 0.731
631 0.731
632 0.731
633 0.74
634 0.736
635 0.735
636 0.739
637 0.731
638 0.739
639 0.735
640 0.739
641 0.735
642 0.74
643 0.747
644 0.744
645 0.771
646 0.731
647 0.724
648 0.731
649 0.739
650 0.771
651 0.728
652 0.736
653 0.736
654 0.735
655 0.735
656 0.74
657 0.731
658 0.739
659 0.743
660 0.735
661 0.748
662 0.743
663 0.748
664 0.744
665 0.751
666 0.744
667 0.74
668 0.744
669 0.748
670 0.751
671 0.756
672 0.751
673 0.751
674 0.756
675 0.76
676 0.756
677 0.756
678 0.759
679 0.755
680 0.751
681 0.764
682 0.763
683 0.764
684 0.764
685 0.771
686 0.764
687 0.76
688 0.771
689 0.768
690 0.764
691 0.779
692 0.771
693 0.771
694 0.775
695 0.783
696 0.771
697 0.784
698 0.78
699 0.779
700 0.779
701 0.788
702 0.788
703 0.78
704 0.783
705 0.784
706 0.788
707 0.784
708 0.791
709 0.791
710 0.795
711 0.804
712 0.799
713 0.804
714 0.803
715 0.807
716 0.807
717 0.811
718 0.807
719 0.804
720 0.8
721 0.8
722 0.804
723 0.804
724 0.807
725 0.812
726 0.811
727 0.807
728 0.811
729 0.811
730 0.807
731 0.811
732 0.815
733 0.815
734 0.824
735 0.816
736 0.816
737 0.82
738 0.824
739 0.824
740 0.824
741 0.824
742 0.823
743 0.827
744 0.827
745 0.831
746 0.824
747 0.824
748 0.831
749 0.836
750 0.827
751 0.827
752 0.835
753 0.836
754 0.835
755 0.832
756 0.831
757 0.836
758 0.839
759 0.839
760 0.839
761 0.84
762 0.844
763 0.847
764 0.84
765 0.84
766 0.844
767 0.852
768 0.852
769 0.847
770 0.851
771 0.856
772 0.851
773 0.852
774 0.851
775 0.855
776 0.855
777 0.856
778 0.864
779 0.856
780 0.86
781 0.859
782 0.864
783 0.871
784 0.867
785 0.86
786 0.864
787 0.867
788 0.868
789 0.867
790 0.867
791 0.871
792 0.871
793 0.872
794 0.876
795 0.876
796 0.88
797 0.876
798 0.88
799 0.887
800 0.887
801 0.884
802 0.883
803 0.887
804 0.887
805 0.899
806 0.896
807 0.9
808 0.887
809 0.884
810 0.887
811 0.888
812 0.895
813 0.892
814 0.892
815 0.9
816 0.9
817 0.9
818 0.896
819 0.896
820 0.903
821 0.896
822 0.9
823 0.903
824 0.903
825 0.9
826 0.907
827 0.903
828 0.907
829 0.907
830 0.907
831 0.916
832 0.912
833 0.912
834 0.912
835 0.915
836 0.916
837 0.915
838 0.919
839 0.911
840 0.916
841 0.92
842 0.912
843 0.923
844 0.923
845 0.927
846 0.927
847 0.923
848 0.923
849 0.927
850 0.927
851 0.923
852 0.932
853 0.931
854 0.936
855 0.932
856 0.932
857 0.94
858 0.94
859 0.943
860 0.943
861 0.94
862 0.94
863 0.948
864 0.94
865 0.947
866 0.947
867 0.948
868 0.952
869 0.947
870 0.943
871 0.948
872 0.947
873 0.956
874 0.952
875 0.951
876 0.956
877 0.96
878 0.956
879 0.96
880 0.96
881 0.96
882 0.96
883 0.963
884 0.976
885 0.967
886 0.968
887 0.98
888 0.987
889 0.98
890 0.98
891 0.968
892 0.972
893 0.984
894 0.975
895 0.976
896 0.976
897 0.976
898 0.983
899 0.98
900 0.98
901 0.976
902 0.983
903 0.987
904 0.992
905 0.983
906 0.992
907 0.988
908 0.996
909 0.987
910 0.987
911 0.992
912 0.992
913 0.996
914 0.996
915 0.991
916 0.996
917 0.996
918 0.992
919 0.996
920 1.
921 1.
922 1.
923 1.003
924 1.003
925 1.007
926 1.011
927 1.012
928 1.007
929 1.008
930 1.007
931 1.016
932 1.012
933 1.012
934 1.016
935 1.016
936 1.016
937 1.016
938 1.019
939 1.023
940 1.019
941 1.023
942 1.019
943 1.02
944 1.016
945 1.023
946 1.027
947 1.028
948 1.027
949 1.028
950 1.032
951 1.028
952 1.028
953 1.036
954 1.032
955 1.031
956 1.036
957 1.032
958 1.036
959 1.039
960 1.044
961 1.043
962 1.047
963 1.039
964 1.052
965 1.059
966 1.056
967 1.056
968 1.043
969 1.047
970 1.051
971 1.051
972 1.052
973 1.056
974 1.059
975 1.056
976 1.056
977 1.052
978 1.051
979 1.063
980 1.059
981 1.068
982 1.063
983 1.067
984 1.067
985 1.063
986 1.063
987 1.059
988 1.076
989 1.076
990 1.067
991 1.072
992 1.068
993 1.068
994 1.072
995 1.072
996 1.072
997 1.079
998 1.076
999 1.076
1000 1.072