1 0.048
2 0.
3 0.004
4 0.
5 0.003
6 0.
7 0.003
8 0.008
9 0.012
10 0.011
11 0.015
12 0.016
13 0.019
14 0.024
15 0.023
16 0.023
17 0.027
18 0.031
19 0.039
20 0.04
21 0.048
22 0.048
23 0.051
24 0.056
25 0.059
26 0.064
27 0.076
28 0.079
29 0.084
30 0.092
31 0.096
32 0.099
33 0.104
34 0.115
35 0.111
36 0.12
37 0.132
38 0.135
39 0.144
40 0.151
41 0.16
42 0.163
43 0.171
44 0.18
45 0.187
46 0.203
47 0.204
48 0.211
49 0.223
50 0.228
51 0.247
52 0.248
53 0.256
54 0.264
55 0.275
56 0.292
57 0.299
58 0.711
59 0.324
60 0.336
61 0.352
62 0.371
63 0.372
64 0.415
65 0.408
66 0.403
67 0.423
68 0.412
69 0.42
70 0.447
71 0.46
72 0.471
73 0.471
74 0.484
75 0.5
76 0.511
77 0.524
78 0.536
79 0.548
80 0.567
81 0.591
82 0.612
83 0.627
84 0.692
85 0.683
86 0.696
87 0.715
88 0.7
89 0.703
90 0.74
91 0.751
92 0.772
93 0.788
94 0.799
95 0.796
96 0.807
97 0.836
98 0.867
99 0.884
100 0.943
101 0.98
102 0.98
103 0.936
104 0.943
105 0.967
106 1.019
107 1.036
108 1.056
109 1.067
110 1.087
111 1.155
112 1.2
113 1.171
114 1.176
115 1.187
116 1.179
117 1.196
118 1.248
119 1.279
120 1.303
121 1.375
122 1.423
123 1.327
124 1.395
125 1.412
126 1.42
127 1.432
128 1.471
129 1.556
130 1.599
131 1.519
132 1.519
133 1.584
134 1.619
135 1.623
136 1.723
137 1.771
138 1.72
139 1.744
140 1.72
141 1.763
142 1.816
143 1.94
144 1.867
145 1.872
146 1.915
147 1.951
148 1.995
149 2.104
150 2.024
151 2.
152 2.059
153 2.099
154 2.208
155 2.235
156 2.188
157 2.22
158 2.2
159 2.311
160 2.396
161 2.268
162 2.371
163 2.388
164 2.511
165 2.5
166 2.467
167 2.468
168 2.536
169 2.715
170 2.572
171 2.635
172 2.643
173 2.824
174 2.715
175 2.716
176 2.787
177 2.927
178 2.896
179 2.859
180 2.86
181 3.052
182 2.967
183 3.079
184 3.064
185 3.223
186 3.088
187 3.132
188 3.208
189 3.323
190 3.272
191 3.255
192 3.471
193 3.284
194 3.423
195 3.519
196 3.559
197 3.436
198 3.559
199 3.707
200 3.615
201 3.659
202 3.836
203 3.671
204 3.772
205 3.943
206 3.847
207 3.835
208 4.06
209 3.911
210 4.003
211 4.196
212 4.035
213 4.148
214 4.28
215 4.215
216 4.248
217 4.427
218 4.28
219 4.411
220 4.512
221 4.407
222 4.619
223 4.472
224 4.583
225 4.756
226 4.692
227 4.779
228 4.78
229 4.771
230 4.94
231 4.804
232 5.031
233 4.956
234 4.947
235 5.084
236 5.083
237 5.239
238 5.124
239 5.324
240 5.231
241 5.387
242 5.284
243 5.423
244 5.552
245 5.423
246 5.648
247 5.556
248 5.755
249 5.632
250 6.251
251 5.648
252 5.94
253 5.78
254 6.039
255 5.891
256 6.092
257 6.032
258 6.215
259 6.072
260 6.307
261 6.199
262 6.344
263 6.347
264 6.512
265 6.447
266 6.588
267 6.603
268 6.615
269 6.792
270 6.675
271 6.864
272 6.748
273 6.951
274 6.9
275 6.932
276 7.115
277 6.967
278 7.228
279 7.159
280 7.2
281 7.38
282 6.4
283 6.431
284 6.516
285 6.384
286 6.608
287 6.587
288 6.572
289 6.755
290 6.652
291 6.8
292 6.887
293 6.8
294 6.971
295 7.62
296 7.915
297 8.296
298 8.275
299 8.211
300 8.463
301 8.427
302 8.467
303 8.544
304 9.119
305 8.536
306 8.867
307 8.912
308 9.207
309 8.776
310 8.963
311 9.5
312 8.844
313 9.135
314 9.235
315 9.731
316 9.172
317 9.407
318 9.915
319 9.34
320 9.503
321 9.648
322 10.027
323 9.7
324 9.867
325 9.775
326 10.012
327 10.079
328 10.615
329 9.996
330 10.195
331 10.344
332 10.403
333 10.976
334 10.288
335 10.588
336 10.739
337 11.052
338 10.659
339 10.852
340 10.903