1 0.224
2 0.232
3 0.232
4 0.235
5 0.243
6 0.244
7 0.248
8 0.244
9 0.243
10 0.248
11 0.248
12 0.248
13 0.248
14 0.255
15 0.26
16 0.259
17 0.252
18 0.251
19 0.251
20 0.255
21 0.256
22 0.251
23 0.259
24 0.264
25 0.264
26 0.264
27 0.268
28 0.268
29 0.271
30 0.275
31 0.271
32 0.284
33 0.284
34 0.279
35 0.271
36 0.272
37 0.271
38 0.288
39 0.28
40 0.279
41 0.28
42 0.291
43 0.288
44 0.288
45 0.284
46 0.291
47 0.291
48 0.291
49 0.292
50 0.295
51 0.291
52 0.304
53 0.295
54 0.3
55 0.304
56 0.304
57 0.304
58 0.303
59 0.312
60 0.307
61 0.307
62 0.303
63 0.311
64 0.311
65 0.316
66 0.311
67 0.319
68 0.316
69 0.311
70 0.311
71 0.324
72 0.32
73 0.319
74 0.316
75 0.324
76 0.327
77 0.32
78 0.319
79 0.328
80 0.327
81 0.327
82 0.331
83 0.336
84 0.335
85 0.331
86 0.332
87 0.339
88 0.336
89 0.335
90 0.344
91 0.344
92 0.344
93 0.34
94 0.351
95 0.347
96 0.352
97 0.351
98 0.356
99 0.355
100 0.347
101 0.352
102 0.364
103 0.355
104 0.36
105 0.367
106 0.367
107 0.364
108 0.367
109 0.372
110 0.364
111 0.364
112 0.375
113 0.372
114 0.371
115 0.367
116 0.372
117 0.371
118 0.376
119 0.384
120 0.38
121 0.379
122 0.38
123 0.384
124 0.376
125 0.38
126 0.391
127 0.384
128 0.387
129 0.4
130 0.391
131 0.387
132 0.395
133 0.4
134 0.4
135 0.407
136 0.407
137 0.403
138 0.412
139 0.407
140 0.4
141 0.416
142 0.415
143 0.42
144 0.42
145 0.42
146 0.42
147 0.423
148 0.415
149 0.412
150 0.423
151 0.42
152 0.411
153 0.427
154 0.415
155 0.423
156 0.424
157 0.42
158 0.42
159 0.431
160 0.427
161 0.42
162 0.432
163 0.436
164 0.431
165 0.436
166 0.44
167 0.435
168 0.443
169 0.435
170 0.432
171 0.447
172 0.443
173 0.44
174 0.447
175 0.447
176 0.44
177 0.447
178 0.443
179 0.448
180 0.451
181 0.452
182 0.451
183 0.456
184 0.456
185 0.456
186 0.459
187 0.455
188 0.472
189 0.467
190 0.456
191 0.464
192 0.459
193 0.464
194 0.471
195 0.463
196 0.463
197 0.471
198 0.472
199 0.467
200 0.468
201 0.471
202 0.472
203 0.472
204 0.475
205 0.48
206 0.475
207 0.48
208 0.484
209 0.48
210 0.483
211 0.48
212 0.483
213 0.492
214 0.483
215 0.492
216 0.487
217 0.492
218 0.5
219 0.491
220 0.492
221 0.496
222 0.492
223 0.5
224 0.5
225 0.512
226 0.507
227 0.503
228 0.512
229 0.503
230 0.503
231 0.508
232 0.507
233 0.512
234 0.503
235 0.512
236 0.516
237 0.511
238 0.524
239 0.515
240 0.511
241 0.519
242 0.515
243 0.524
244 0.523
245 0.523
246 0.532
247 0.523
248 0.532
249 0.527
250 0.532
251 0.527
252 0.532
253 0.536
254 0.528
255 0.539
256 0.539
257 0.536
258 0.539
259 0.536
260 0.543
261 0.535
262 0.543
263 0.547
264 0.543
265 0.547
266 0.544
267 0.547
268 0.548
269 0.547
270 0.552
271 0.552
272 0.563
273 0.556
274 0.556
275 0.564
276 0.567
277 0.572
278 0.563
279 0.572
280 0.563
281 0.572
282 0.572
283 0.576
284 0.583
285 0.58
286 0.583
287 0.58
288 0.583
289 0.579
290 0.584
291 0.579
292 0.583
293 0.576
294 0.583
295 0.588
296 0.583
297 0.588
298 0.588
299 0.596
300 0.587
301 0.596
302 0.596
303 0.596
304 0.596
305 0.596
306 0.596
307 0.599
308 0.607
309 0.6
310 0.607
311 0.604
312 0.607
313 0.604
314 0.611
315 0.607
316 0.612
317 0.615
318 0.615
319 0.62
320 0.612
321 0.623
322 0.624
323 0.619
324 0.607
325 0.615
326 0.615
327 0.619
328 0.615
329 0.619
330 0.628
331 0.623
332 0.624
333 0.623
334 0.624
335 0.623
336 0.635
337 0.628
338 0.632
339 0.632
340 0.635
341 0.632
342 0.64
343 0.635
344 0.643
345 0.644
346 0.643
347 0.64
348 0.647
349 0.64
350 0.643
351 0.644
352 0.643
353 0.648
354 0.648
355 0.652
356 0.651
357 0.656
358 0.651
359 0.659
360 0.659
361 0.664
362 0.659
363 0.659
364 0.655
365 0.668
366 0.651
367 0.664
368 0.664
369 0.672
370 0.667
371 0.672
372 0.672
373 0.672
374 0.667
375 0.676
376 0.667
377 0.676
378 0.675
379 0.672
380 0.675
381 0.679
382 0.675
383 0.679
384 0.68
385 0.683
386 0.688
387 0.692
388 0.688
389 0.692
390 0.692
391 0.688
392 0.692
393 0.692
394 0.699
395 0.695
396 0.7
397 0.692
398 0.699
399 0.695
400 0.711
401 0.711
402 0.716
403 0.711
404 0.715
405 0.711
406 0.72
407 0.715
408 0.724
409 0.715
410 0.716
411 0.728
412 0.711
413 0.719
414 0.715
415 0.724
416 0.715
417 0.727
418 0.728
419 0.731
420 0.728
421 0.731
422 0.728
423 0.731
424 0.731
425 0.731
426 0.731
427 0.731
428 0.744
429 0.739
430 0.744
431 0.731
432 0.743
433 0.74
434 0.739
435 0.743
436 0.744
437 0.755
438 0.751
439 0.752
440 0.747
441 0.752
442 0.748
443 0.755
444 0.755
445 0.748
446 0.76
447 0.748
448 0.76
449 0.755
450 0.764
451 0.755
452 0.768
453 0.756
454 0.763
455 0.764
456 0.76
457 0.768
458 0.764
459 0.768
460 0.775
461 0.771
462 0.768
463 0.775
464 0.771
465 0.775
466 0.779
467 0.771
468 0.784
469 0.771
470 0.783
471 0.792
472 0.783
473 0.788
474 0.783
475 0.783
476 0.791
477 0.784
478 0.796
479 0.795
480 0.792
481 0.791
482 0.795
483 0.796
484 0.791
485 0.804
486 0.804
487 0.8
488 0.807
489 0.804
490 0.803
491 0.8
492 0.8
493 0.807
494 0.807
495 0.807
496 0.811
497 0.816
498 0.804
499 0.815
500 0.819
501 0.816
502 0.827
503 0.824
504 0.815
505 0.824
506 0.82
507 0.824
508 0.824
509 0.831
510 0.831
511 0.84
512 0.84
513 0.831
514 0.844
515 0.843
516 0.84
517 0.852
518 0.851
519 0.856
520 0.855
521 0.847
522 0.84
523 0.847
524 0.856
525 0.851
526 0.847
527 0.856
528 0.851
529 0.851
530 0.852
531 0.851
532 0.86
533 0.864
534 0.86
535 0.864
536 0.856
537 0.859
538 0.864
539 0.856
540 0.86
541 0.86
542 0.864
543 0.871
544 0.864
545 0.871
546 0.872
547 0.875
548 0.88
549 0.888
550 0.871
551 0.876
552 0.867
553 0.871
554 0.88
555 0.88
556 0.884
557 0.88
558 0.876
559 0.884
560 0.88
561 0.88
562 0.891
563 0.88
564 0.887
565 0.892
566 0.887
567 0.895
568 0.887
569 0.887
570 0.9
571 0.895
572 0.892
573 0.9
574 0.895
575 0.9
576 0.907
577 0.904
578 0.903
579 0.911
580 0.907
581 0.907
582 0.903
583 0.899
584 0.907
585 0.911
586 0.907
587 0.915
588 0.908
589 0.911
590 0.92
591 0.916
592 0.923
593 0.936
594 0.94
595 0.947
596 0.947
597 0.948
598 0.947
599 0.947
600 0.952
601 0.951
602 0.951
603 0.948
604 0.955
605 0.951
606 0.956
607 0.96
608 0.956
609 0.967
610 0.968
611 0.963
612 0.963
613 0.967
614 0.972
615 0.972
616 0.987
617 0.983
618 0.984
619 1.
620 0.991
621 0.988
622 0.992
623 1.
624 0.976
625 0.98
626 0.983
627 0.988
628 0.971
629 0.988
630 1.
631 0.996
632 1.003
633 1.003
634 0.996
635 1.
636 1.
637 0.992
638 1.
639 1.004
640 1.003
641 0.996
642 1.003
643 1.012
644 1.011
645 1.107
646 0.991
647 0.98
648 0.987
649 1.007
650 1.108
651 0.987
652 0.996
653 0.996
654 0.983
655 0.996
656 0.996
657 0.983
658 0.995
659 1.
660 0.987
661 1.
662 1.008
663 1.003
664 1.003
665 1.012
666 0.996
667 0.996
668 1.007
669 1.
670 1.007
671 1.016
672 1.012
673 1.007
674 1.016
675 1.019
676 1.016
677 1.019
678 1.028
679 1.015
680 1.008
681 1.028
682 1.019
683 1.027
684 1.027
685 1.028
686 1.023
687 1.023
688 1.032
689 1.028
690 1.027
691 1.048
692 1.036
693 1.027
694 1.039
695 1.044
696 1.027
697 1.044
698 1.043
699 1.036
700 1.035
701 1.047
702 1.052
703 1.036
704 1.044
705 1.056
706 1.047
707 1.048
708 1.055
709 1.056
710 1.059
711 1.072
712 1.071
713 1.068
714 1.068
715 1.087
716 1.08
717 1.072
718 1.079
719 1.067
720 1.059
721 1.059
722 1.076
723 1.068
724 1.076
725 1.076
726 1.083
727 1.076
728 1.076
729 1.079
730 1.079
731 1.079
732 1.084
733 1.087
734 1.084
735 1.076
736 1.083
737 1.096
738 1.083
739 1.087
740 1.088
741 1.092
742 1.088
743 1.099
744 1.099
745 1.096
746 1.088
747 1.092
748 1.096
749 1.096
750 1.088
751 1.096
752 1.104
753 1.103
754 1.099
755 1.103
756 1.103
757 1.104
758 1.108
759 1.115
760 1.112
761 1.108
762 1.107
763 1.115
764 1.115
765 1.108
766 1.115
767 1.124
768 1.115
769 1.112
770 1.119
771 1.123
772 1.12
773 1.119
774 1.119
775 1.127
776 1.12
777 1.123
778 1.132
779 1.132
780 1.132
781 1.132
782 1.135
783 1.148
784 1.139
785 1.128
786 1.135
787 1.144
788 1.135
789 1.132
790 1.135
791 1.148
792 1.14
793 1.143
794 1.148
795 1.155
796 1.148
797 1.143
798 1.152
799 1.163
800 1.164
801 1.163
802 1.164
803 1.163
804 1.163
805 1.184
806 1.175
807 1.175
808 1.175
809 1.16
810 1.159
811 1.172
812 1.164
813 1.163
814 1.164
815 1.172
816 1.172
817 1.172
818 1.164
819 1.172
820 1.179
821 1.172
822 1.168
823 1.18
824 1.187
825 1.176
826 1.183
827 1.184
828 1.184
829 1.179
830 1.184
831 1.192
832 1.192
833 1.188
834 1.188
835 1.188
836 1.199
837 1.195
838 1.192
839 1.188
840 1.195
841 1.199
842 1.188
843 1.199
844 1.203
845 1.204
846 1.204
847 1.195
848 1.2
849 1.203
850 1.208
851 1.195
852 1.204
853 1.22
854 1.211
855 1.211
856 1.208
857 1.215
858 1.224
859 1.224
860 1.224
861 1.215
862 1.224
863 1.231
864 1.219
865 1.224
866 1.224
867 1.231
868 1.231
869 1.231
870 1.228
871 1.228
872 1.228
873 1.24
874 1.235
875 1.235
876 1.239
877 1.24
878 1.235
879 1.239
880 1.24
881 1.243
882 1.244
883 1.251
884 1.264
885 1.251
886 1.259
887 1.276
888 1.283
889 1.276
890 1.271
891 1.244
892 1.255
893 1.28
894 1.259
895 1.263
896 1.26
897 1.255
898 1.268
899 1.268
900 1.259
901 1.268
902 1.271
903 1.276
904 1.271
905 1.271
906 1.279
907 1.284
908 1.284
909 1.275
910 1.268
911 1.279
912 1.288
913 1.288
914 1.284
915 1.276
916 1.279
917 1.28
918 1.28
919 1.291
920 1.284
921 1.288
922 1.288
923 1.291
924 1.296
925 1.304
926 1.304
927 1.295
928 1.291
929 1.295
930 1.295
931 1.307
932 1.304
933 1.303
934 1.304
935 1.304
936 1.304
937 1.307
938 1.316
939 1.319
940 1.311
941 1.307
942 1.307
943 1.307
944 1.307
945 1.32
946 1.319
947 1.32
948 1.312
949 1.315
950 1.327
951 1.324
952 1.32
953 1.327
954 1.32
955 1.32
956 1.327
957 1.324
958 1.327
959 1.331
960 1.336
961 1.336
962 1.34
963 1.331
964 1.347
965 1.363
966 1.359
967 1.371
968 1.344
969 1.335
970 1.352
971 1.344
972 1.347
973 1.351
974 1.359
975 1.352
976 1.347
977 1.344
978 1.347
979 1.355
980 1.356
981 1.367
982 1.368
983 1.364
984 1.36
985 1.36
986 1.359
987 1.368
988 1.384
989 1.379
990 1.364
991 1.364
992 1.355
993 1.364
994 1.367
995 1.367
996 1.371
997 1.375
998 1.376
999 1.371
1000 1.364