123 0.004
126 0.039
129 0.004
247 0.008
132 0.004
135 0.003
138 0.004
254 0.012
141 0.075
144 0.008
261 0.012
147 0.008
495 0.016
150 0.012
268 0.011
153 0.008
156 0.011
159 0.016
275 0.015
162 0.012
510 0.096
165 0.016
282 0.016
168 0.016
171 0.019
289 0.019
174 0.02
177 0.019
525 0.023
991 0.036
180 0.024
296 0.019
183 0.024
186 0.024
303 0.028
189 0.028
192 0.027
540 0.028
310 0.028
195 0.032
198 0.032
201 0.036
317 0.031
204 0.04
207 0.04
555 0.036
324 0.036
210 0.04
1022 0.048
213 0.043
331 0.039
216 0.044
219 0.048
222 0.047
338 0.044
570 0.039
225 0.056
228 0.055
345 0.048
231 0.06
234 0.059
352 0.051
237 0.068
585 0.047
240 0.067
1053 0.052
243 0.067
359 0.056
1983 0.075
246 0.079
249 0.08
366 0.067
252 0.08
600 0.059
255 0.088
373 0.067
258 0.092
261 0.096
264 0.099
380 0.071
267 0.096
615 0.064
270 0.104
387 0.083
1084 0.067
273 0.108
276 0.111
394 0.096
279 0.116
282 0.123
630 0.083
285 0.12
401 0.104
288 0.136
291 0.139
408 0.107
294 0.14
297 0.228
645 0.092
415 0.112
300 0.16
303 0.147
1115 0.084
306 0.176
422 0.124
2046 0.108
309 0.171
312 0.172
660 0.096
429 0.127
315 0.176
318 0.172
436 0.14
321 0.176
324 0.179
327 0.172
443 0.147
675 0.103
330 0.176
333 0.183
450 0.155
1146 0.107
336 0.196
339 0.199
457 0.168
342 0.204
690 0.123
345 0.215
348 0.199
464 0.18
351 0.212
354 0.227
471 0.183
357 0.211
705 0.143
360 0.243
478 0.192
363 0.247
1177 0.128
366 0.252
369 0.263
485 0.211
2109 0.136
3967 0.191
372 0.275
720 0.172
375 0.324
492 0.208
378 0.259
381 0.263
499 0.244
384 0.272
387 0.284
735 0.184
390 0.288
506 0.235
393 0.291
396 0.295
1208 0.152
513 0.24
399 0.304
402 0.304
750 0.199
520 0.24
405 0.315
408 0.324
411 0.344
527 0.248
414 0.419
417 0.379
765 0.231
534 0.283
420 0.356
423 0.367
541 0.268
426 0.356
1239 0.184
429 0.371
432 0.379
548 0.343
780 0.228
2172 0.164
435 0.388
438 0.391
555 0.364
441 0.384
444 0.432
562 0.344
447 0.491
795 0.248
450 0.46
453 0.436
569 0.327
456 0.423
1270 0.207
459 0.468
576 0.327
462 0.448
810 0.256
465 0.455
583 0.355
468 0.452
471 0.46
474 0.468
590 0.4
477 0.596
825 0.291
480 0.564
597 0.379
483 0.496
486 0.5
604 0.387
489 0.672
1301 0.251
492 0.535
840 0.331
495 0.519
611 0.408
2235 0.208
498 0.559
4094 0.248
501 0.588
618 0.447
504 0.647
507 0.623
855 0.36
625 0.432
510 0.572
513 0.571
516 0.567
632 0.48
519 0.695
1332 0.276
522 0.704
870 0.36
639 0.451
525 0.615
528 0.679
646 0.468
531 0.675
534 0.804
537 0.672
653 0.48
885 0.364
540 0.719
543 0.728
660 0.495
546 0.676
549 0.835
667 0.56
1363 0.324
552 0.684
900 0.391
555 0.783
558 0.7
674 0.527
2298 0.263
561 0.711
564 0.771
681 0.564
567 0.768
915 0.416
570 0.787
688 0.583
573 0.756
576 0.835
579 0.788
695 1.6
582 0.871
930 0.435
1394 0.395
585 0.899
702 0.615
588 0.804
591 0.816
709 0.751
594 0.884
597 1.012
945 0.467
600 0.859
716 0.627
603 0.927
606 0.955
723 0.64
609 1.051
612 0.932
960 0.527
1425 0.4
730 0.667
615 0.891
618 0.972
621 0.96
737 0.696
2361 0.339
624 0.987
4221 0.327
627 1.015
975 0.568
7935 0.416
744 0.755
630 1.359
633 1.1
751 0.816
636 0.944
639 0.992
642 1.068
758 0.728
990 0.539
1456 0.48
645 1.119
648 1.076
765 0.748
651 1.103
654 1.176
772 0.839
657 1.12
1005 0.588
660 1.14
663 1.219
779 0.847
666 1.183
669 1.155
786 0.936
672 1.256
1020 0.635
675 1.196
1487 0.5
793 0.903
678 1.215
681 1.272
684 1.263
800 0.939
2424 0.395
687 1.343
1035 0.643
690 1.204
807 1.039
693 1.268
696 1.26
814 0.976
699 1.343
702 1.312
1050 0.672
705 1.303
821 1.316
1518 0.584
708 1.384
711 1.347
828 1.
714 1.448
717 1.295
1065 0.72
835 0.988
720 1.412
723 1.427
726 1.387
842 1.015
729 1.432
732 1.468
1080 0.884
849 1.004
735 1.427
1549 0.615
738 1.484
856 1.011
741 1.551
744 1.436
747 1.503
863 1.2
1095 0.779
2487 0.483
750 1.507
4348 0.435
753 1.52
870 1.14
756 1.544
759 1.875
877 1.259
762 1.579
1110 0.807
765 1.536
768 1.647
884 1.18
1580 0.632
771 1.543
774 1.615
891 1.235
777 1.608
1125 0.908
780 1.659
898 1.6
783 1.688
786 1.675
789 1.711
905 1.344
792 1.828
1140 0.955
795 1.888
912 1.223
798 1.788
1611 0.692
801 1.911
919 1.375
804 1.844
807 1.903
1155 1.
810 1.931
926 1.32
2550 0.532
813 1.951
816 1.879
933 1.372
819 2.012
822 2.108
1170 1.012
940 1.427
825 2.015
828 2.027
1642 0.748
831 1.948
947 1.468
834 2.068
837 2.183
1185 2.016
954 1.475
840 2.111
843 2.216
961 1.472
846 2.127
849 2.24
852 1.991
968 1.523
1200 1.087
855 2.056
858 1.963
975 1.551
861 2.067
1673 0.811
864 2.14
982 1.608
867 2.104
1215 1.092
870 2.199
873 2.14
989 1.559
2613 0.615
876 2.187
879 2.028
4475 0.584
996 1.652
882 2.195
1230 1.164
8190 0.599
885 2.264
1003 2.
888 2.24
891 2.295
1704 1.083
894 2.14
1010 1.688
897 2.247
1245 1.355
900 2.355
1017 1.672
903 2.695
906 2.352
1024 1.74
909 2.195
912 2.412
1260 1.271
915 2.376
1031 1.707
918 2.768
921 2.259
1038 1.812
1735 0.952
924 2.467
927 2.415
1275 1.34
1045 1.932
930 2.556
933 2.907
936 2.404
1052 1.844
2676 0.708
939 2.46
942 2.52
1290 1.416
1059 1.995
945 2.643
948 2.5
1066 1.936
951 2.58
954 2.632
1766 0.996
957 2.691
1073 1.98
1305 1.427
960 2.576
963 2.687
1080 1.907
966 2.671
969 2.764
1087 2.012
972 2.64
1320 1.82
975 2.795
978 2.632
1094 2.067
981 2.827
984 2.675
1101 1.98
1797 1.163
987 2.895
1335 1.552
990 2.747
1108 2.107
993 2.928
996 2.827
999 3.004
1115 2.264
2739 0.784
1002 2.819
1350 1.547
1005 2.971
1122 2.183
4602 0.708
1008 2.783
1011 3.012
1129 2.263
1014 2.903
1828 1.12
1017 3.036
1365 1.731
1020 2.939
1136 2.124
1023 3.072
1026 2.956
1143 2.291
1029 3.192
1032 3.011
1380 1.672
1150 2.384
1035 3.16
1038 2.98
1041 3.231
1157 2.372
1044 3.079
1047 3.752
1395 1.724
1859 1.323
1164 2.855
1050 3.104
1053 3.231
1171 2.311
1056 3.211
1059 3.283
1062 3.235
1178 2.515
1410 1.759
2802 0.963
1065 3.771
1068 3.2
1185 2.464
1071 3.367
1074 3.236
1192 2.607
1077 3.507
1425 1.828
1890 1.416
1080 3.263
1083 4.019
1199 2.596
1086 3.247
1089 3.536
1206 2.591
1092 3.343
1440 2.307
1095 3.66
1213 2.627
1098 3.591
1101 3.416
1104 3.719
1220 2.655
1107 3.459
1455 1.939
1921 2.548
1110 3.735
1227 2.771
1113 3.592
1116 3.987
1234 2.692
1119 3.947
1122 4.359
1470 1.943
1125 4.108
1241 3.251
2865 1.043
1128 3.795
1131 4.127
1248 2.799
4729 0.915
1134 4.084
1137 5.155
1485 2.127
8445 0.852
1255 2.78
15871 1.032
1140 4.128
1952 1.543
1143 4.199
1146 4.028
1262 2.875
1149 4.319
1152 4.04
1500 2.104
1269 2.936
1155 4.908
1158 4.072
1276 2.94
1161 4.348
1164 4.387
1167 4.156
1283 3.056
1515 2.531
1170 4.432
1983 1.583
1173 4.264
1290 2.96
1176 5.108
1179 4.283
1297 3.152
1182 4.456
1530 2.2
1185 4.583
1188 4.692
1304 3.043
2928 1.188
1191 4.504
1194 4.58
1311 3.231
1197 4.588
1545 2.192
1200 4.447
1318 3.092
2014 1.776
1203 4.764
1206 5.347
1209 4.379
1325 3.32
1212 4.779
1560 2.403
1215 4.86
1332 3.235
1218 4.572
1221 4.892
1339 3.443
1224 4.927
1227 4.695
1575 2.275
1230 5.012
1346 3.224
1233 5.052
2045 1.919
1236 4.716
1353 3.455
1239 5.075
1242 5.676
1590 2.483
1360 3.38
1245 4.759
1248 4.96
1251 5.144
1367 4.
2991 1.219
1254 4.875
1257 5.192
1605 2.604
1374 3.403
1260 5.831
4856 1.115
1263 4.947
2076 1.928
1381 3.476
1266 5.08
1269 5.384
1272 5.111
1388 3.452
1620 2.632
1275 5.235
1278 6.083
1395 3.711
1281 5.152
1284 5.336
1402 3.615
1287 6.096
1635 3.139
1290 5.151
1293 5.34
1409 3.768
2107 2.027
1296 5.663
1299 5.516
1416 3.663
1302 5.42
1650 2.603
1305 5.943
1423 4.347
1308 5.54
1311 5.687
1314 6.251
1430 3.835
3054 1.463
1317 5.351
1665 2.82
1320 5.644
1437 3.847
1323 5.731
1326 5.876
2138 2.148
1444 4.032
1329 5.759
1332 5.655
1680 2.8
1335 5.779
1451 3.864
1338 6.036
1341 5.927
1458 4.172
1344 6.475
1347 5.788
1695 2.991
1465 4.635
1350 5.788
1353 5.963
1356 6.115
1472 3.984
2169 2.299
1359 6.183
1362 5.975
1710 3.447
1479 4.152
1365 6.008
1368 6.871
1486 4.152
1371 5.803
1374 6.276
1377 5.615
1493 4.363
1725 2.988
3117 1.536
1380 5.803
1383 6.235
1500 5.272
1386 5.851
4983 1.279
2200 2.884
1389 6.024
1507 4.443
1392 5.803
1740 3.112
8700 1.152
1395 5.895
1398 6.664
1514 4.759
1401 5.923
1404 5.943
1521 4.831
1407 6.004
1755 3.248
1410 6.807
1528 4.744
1413 6.199
1416 6.296
1419 6.268
1535 4.88
2231 2.327
1422 6.068
1770 3.223
1425 6.211
1542 5.036
1428 7.015
1431 6.043
1549 5.572
1434 6.32
1437 6.98
1785 3.48
1440 6.355
1556 4.731
3180 1.788
1443 6.528
1446 6.487
1563 5.079
1449 7.179
2262 2.576
1452 6.288
1800 3.392
1570 5.204
1455 6.491
1458 7.259
1461 6.455
1577 5.011
1464 6.5
1467 6.672
1815 3.639
1584 5.272
1470 7.211
1473 6.68
1591 5.38
1476 6.816
1479 6.791
2293 2.748
1482 6.804
1598 5.227
1830 3.492
1485 6.743
1488 7.139
1605 5.392
1491 6.8
1494 7.031
1612 5.572
1497 7.044
1845 3.699
1500 7.091
1503 7.147
1619 5.639
3243 2.907
1506 6.868
1509 7.151
1626 6.156
1512 7.424
1860 3.639
2324 2.847
5110 1.576
1515 7.019
1633 5.263
1518 7.227
1521 7.248
1524 7.375
1640 5.596
1527 7.283
1875 4.367
1530 7.44
1647 5.896
1533 7.327
1536 8.079
1654 5.92
1539 7.307
1542 8.087
1890 3.748
2355 2.972
1545 7.228
1661 6.423
1548 7.459
1551 8.088
1668 5.604
1554 7.475
1557 7.536
1905 4.076
1675 6.559
1560 7.556
1563 7.615
1566 7.596
1682 5.895
3306 2.12
1569 8.059
1572 7.615
1920 4.132
1689 6.064
2386 2.951
1575 7.576
1578 7.844
1696 6.271
1581 7.915
1584 7.884
1587 7.98
1703 6.4
1935 4.015
1590 7.983
1593 8.031
1710 6.415
1596 8.067
1599 8.091
1717 6.408
1602 8.148
1950 4.336
1605 8.24
2417 3.255
1608 8.136
1724 7.159
1611 8.171
1614 8.292
1731 6.299
1617 8.268
1965 4.208
1620 8.291
1738 6.388
1623 8.344
1626 8.347
1629 8.392
1745 6.583
3369 2.251
1632 8.4
1980 4.46
1635 8.483
1752 6.795
2448 3.195
1638 8.504
1641 8.552
5237 1.907
1759 6.888
1644 8.567
1647 8.587
1995 4.347
8955 1.612
1650 8.579
1766 6.844
16382 1.591
1653 8.672
1656 8.699
1773 7.599
1659 8.731
1662 8.707
2010 4.635
1780 6.659
1665 8.703
2479 4.064
1668 8.796
1671 8.776
1787 6.84
1674 8.796
1677 8.888
2025 4.523
1794 7.688
1680 8.887
1683 8.951
1801 6.98
1686 8.983
1689 9.044
1692 9.036
1808 6.947
2040 5.28
3432 2.44
1695 9.079
1698 9.096
2510 3.556
1815 7.164
1701 9.115
1704 9.087
1822 7.759
1707 9.163
2055 4.692
1710 9.204
1713 9.211
1829 7.152
1716 9.267
1719 9.336
1836 7.492
1722 9.316
2070 4.831
1725 9.355
1843 7.251
1728 9.416
2541 3.735
1731 10.083
1734 10.147
1850 7.456
1737 11.096
2085 5.184
1740 10.051
1857 8.315
1743 11.152
1746 11.228
1864 7.559
1749 10.291
1752 10.4
2100 5.107
1755 10.435
1871 7.811
3495 2.619
1758 11.519
2572 3.7
1761 10.607
1878 7.835
1764 10.607
1767 10.644
2115 5.119
5364 2.016
1885 8.475
1770 10.567
1892 7.784
2130 5.284
1899 8.624
1906 7.679
2603 4.119
1913 8.811
2145 5.532
1920 7.824
1927 8.192
2160 5.44
1934 9.72
3558 2.884
2634 4.072
1941 8.427
2175 5.563
1948 9.175
1955 8.46
2190 5.74
1962 8.588
1969 9.351
2665 4.375
2205 5.9
1976 8.056
1983 8.235
2220 5.695
1990 8.347
1997 8.432
3621 3.072
2696 4.304
2235 5.931
2004 8.5
2011 8.455
5491 2.423
2018 8.576
2250 6.807
9210 2.044
2025 8.648
2727 5.244
2032 8.711
2265 6.
2039 8.764
2046 8.811
2280 6.243
2053 8.908
2060 8.947
3684 3.187
2758 4.711
2295 7.047
2067 9.036
2074 9.132
2310 6.336
2081 9.159
2088 9.211
2325 6.496
2789 4.751
2095 9.248
2102 9.38
2340 7.415
2109 9.379
2116 9.44
2123 9.516
2355 7.023
3747 3.923
2820 5.211
2130 10.291
2370 7.283
5618 2.764
2385 8.068
2851 5.3
2400 7.492
2415 7.711
2882 5.267
3810 3.588
2430 8.596
2445 7.824
2913 5.528
2460 8.039
2475 9.339
2944 5.835
3873 3.851
2490 8.284
5745 4.215
2505 8.432
9465 2.451
16893 2.42
2975 5.812
31743 2.628
2520 9.247
2535 8.504
3006 5.751
3936 3.992
2550 8.748
2565 8.96
3037 6.415
2580 9.163
2595 9.092
3068 5.748
3999 4.907
2610 9.44
5872 3.427
2625 9.407
3099 6.22
2640 9.644
2655 9.659
3130 6.556
2670 9.856
4062 4.523
2685 9.995
3161 6.632
2700 10.099
2715 10.215
3192 6.735
2730 10.411
4125 4.852
5999 3.836
3223 7.
9720 3.608
3254 7.175
4188 5.188
3285 7.5
3316 7.624
4251 5.203
6126 4.199
3347 7.675
3378 7.871
4314 5.728
3409 8.528
3440 8.219
4377 6.063
6253 4.82
9975 3.784
17404 3.491
4440 6.108
4503 6.512
6380 5.032
4566 7.567
4629 7.184
6507 5.759
10230 4.467
4692 7.395
4755 7.751
6634 5.987
4818 8.26
4881 9.159
6761 6.94
10485 5.307
17915 4.771
32766 4.667
4944 9.504
5007 9.807
6888 7.084
5070 10.364
7015 7.975
10740 6.168
10995 7.148
18426 6.204
11250 8.331
11505 9.284
18937 8.076
33789 8.124
63487 8.027
19448 10.252
19959 12.592
34812 11.896
20470 15.291
20981 18.592
35835 16.68
65534 17.311
21492 21.54
36858 23.516
37881 30.204
67581 29.284
126975 27.82
38904 38.623
39927 48.424
40950 58.827
41973 71.128
131070 64.603
42996 82.223