1 0.008
2 0.008
3 0.008
4 0.008
5 0.008
6 0.008
7 0.011
8 0.008
9 0.011
10 0.011
11 0.011
12 0.011
13 0.011
14 0.011
15 0.011
16 0.011
17 0.011
18 0.011
19 0.011
20 0.011
21 0.011
22 0.012
23 0.011
24 0.011
25 0.016
26 0.019
27 0.016
28 0.015
29 0.015
30 0.016
31 0.016
32 0.016
33 0.016
34 0.015
35 0.028
36 0.019
37 0.028
38 0.015
39 0.028
40 0.015
41 0.028
42 0.015
43 0.028
44 0.015
45 0.028
46 0.019
47 0.023
48 0.019
49 0.024
50 0.019
51 0.019
52 0.019
53 0.019
54 0.028
55 0.024
56 0.019
57 0.023
58 0.019
59 0.028
60 0.02
61 0.024
62 0.036
63 0.024
64 0.023
65 0.031
66 0.023
67 0.023
68 0.036
69 0.024
70 0.028
71 0.036
72 0.024
73 0.028
74 0.032
75 0.032
76 0.028
77 0.028
78 0.036
79 0.028
80 0.028
81 0.028
82 0.039
83 0.036
84 0.031
85 0.028
86 0.028
87 0.039
88 0.028
89 0.031
90 0.028
91 0.031
92 0.039
93 0.035
94 0.031
95 0.035
96 0.036
97 0.035
98 0.043
99 0.044
100 0.039
101 0.035
102 0.035
103 0.036
104 0.035
105 0.035
106 0.036
107 0.048
108 0.04
109 0.044
110 0.043
111 0.044
112 0.043
113 0.044
114 0.043
115 0.043
116 0.043
117 0.039
118 0.039
119 0.043
120 0.043
121 0.048
122 0.048
123 0.044
124 0.048
125 0.047
126 0.052
127 0.048
128 0.048
129 0.048
130 0.048
131 0.052
132 0.044
133 0.043
134 0.044
135 0.044
136 0.044
137 0.048
138 0.056
139 0.048
140 0.051
141 0.044
142 0.048
143 0.044
144 0.048
145 0.056
146 0.051
147 0.052
148 0.048
149 0.048
150 0.051
151 0.055
152 0.056
153 0.048
154 0.048
155 0.056
156 0.055
157 0.048
158 0.048
159 0.059
160 0.056
161 0.051
162 0.048
163 0.059
164 0.055
165 0.051
166 0.052
167 0.059
168 0.052
169 0.051
170 0.059
171 0.064
172 0.051
173 0.063
174 0.051
175 0.051
176 0.064
177 0.051
178 0.056
179 0.063
180 0.056
181 0.067
182 0.06
183 0.055
184 0.067
185 0.056
186 0.067
187 0.06
188 0.067
189 0.063
190 0.06
191 0.067
192 0.059
193 0.067
194 0.059
195 0.076
196 0.06
197 0.075
198 0.059
199 0.076
200 0.064
201 0.076
202 0.059
203 0.083
204 0.059
205 0.084
206 0.067
207 0.084
208 0.076
209 0.067
210 0.076
211 0.064
212 0.076
213 0.063
214 0.079
215 0.076
216 0.063
217 0.076
218 0.076
219 0.071
220 0.079
221 0.068
222 0.079
223 0.079
224 0.071
225 0.08
226 0.075
227 0.072
228 0.079
229 0.08
230 0.076
231 0.067
232 0.083
233 0.079
234 0.072
235 0.079
236 0.079
237 0.079
238 0.067
239 0.079
240 0.084
241 0.08
242 0.076
243 0.084
244 0.084
245 0.084
246 0.084
247 0.072
248 0.084
249 0.084
250 0.091
251 0.084
252 0.076
253 0.076
254 0.084
255 0.084
256 0.084
257 0.087
258 0.087
259 0.079
260 0.08
261 0.076
262 0.084
263 0.087
264 0.087
265 0.087
266 0.088
267 0.088
268 0.087
269 0.087
270 0.087
271 0.087
272 0.084
273 0.087
274 0.084
275 0.084
276 0.087
277 0.084
278 0.087
279 0.084
280 0.087
281 0.087
282 0.087
283 0.087
284 0.087
285 0.087
286 0.091
287 0.096
288 0.091
289 0.091
290 0.092
291 0.096
292 0.096
293 0.096
294 0.092
295 0.092
296 0.092
297 0.096
298 0.1
299 0.096
300 0.096
301 0.1
302 0.096
303 0.092
304 0.099
305 0.1
306 0.099
307 0.099
308 0.096
309 0.096
310 0.099
311 0.1
312 0.099
313 0.096
314 0.099
315 0.1
316 0.099
317 0.096
318 0.096
319 0.1
320 0.104
321 0.099
322 0.1
323 0.104
324 0.1
325 0.104
326 0.104
327 0.104
328 0.1
329 0.104
330 0.104
331 0.1
332 0.104
333 0.107
334 0.104
335 0.107
336 0.099
337 0.104
338 0.107
339 0.104
340 0.112
341 0.104
342 0.112
343 0.111
344 0.103
345 0.112
346 0.104
347 0.119
348 0.12
349 0.104
350 0.119
351 0.104
352 0.107
353 0.107
354 0.112
355 0.107
356 0.115
357 0.108
358 0.115
359 0.108
360 0.115
361 0.107
362 0.108
363 0.107
364 0.115
365 0.112
366 0.108
367 0.115
368 0.107
369 0.115
370 0.111
371 0.115
372 0.112
373 0.111
374 0.12
375 0.115
376 0.12
377 0.112
378 0.112
379 0.115
380 0.111
381 0.112
382 0.12
383 0.112
384 0.115
385 0.12
386 0.112
387 0.115
388 0.108
389 0.115
390 0.115
391 0.115
392 0.12
393 0.12
394 0.115
395 0.12
396 0.115
397 0.115
398 0.115
399 0.124
400 0.119
401 0.119
402 0.115
403 0.119
404 0.124
405 0.124
406 0.12
407 0.12
408 0.12
409 0.124
410 0.127
411 0.124
412 0.124
413 0.12
414 0.12
415 0.124
416 0.127
417 0.128
418 0.127
419 0.124
420 0.124
421 0.124
422 0.124
423 0.124
424 0.124
425 0.124
426 0.123
427 0.127
428 0.127
429 0.132
430 0.132
431 0.131
432 0.127
433 0.128
434 0.132
435 0.127
436 0.131
437 0.131
438 0.131
439 0.131
440 0.131
441 0.131
442 0.132
443 0.135
444 0.132
445 0.127
446 0.132
447 0.128
448 0.132
449 0.132
450 0.132
451 0.132
452 0.136
453 0.135
454 0.135
455 0.135
456 0.132
457 0.132
458 0.131
459 0.131
460 0.14
461 0.135
462 0.139
463 0.132
464 0.135
465 0.135
466 0.144
467 0.144
468 0.136
469 0.136
470 0.135
471 0.144
472 0.152
473 0.147
474 0.135
475 0.148
476 0.152
477 0.14
478 0.135
479 0.144
480 0.144
481 0.139
482 0.144
483 0.144
484 0.139
485 0.148
486 0.147
487 0.14
488 0.14
489 0.147
490 0.139
491 0.144
492 0.147
493 0.14
494 0.147
495 0.144
496 0.144
497 0.148
498 0.144
499 0.147
500 0.147
501 0.139
502 0.152
503 0.144
504 0.148
505 0.147
506 0.144
507 0.147
508 0.144
509 0.151
510 0.144
511 0.152
512 0.144
513 0.152
514 0.144
515 0.152
516 0.144
517 0.152
518 0.147
519 0.152
520 0.147
521 0.152
522 0.152
523 0.152
524 0.155
525 0.147
526 0.152
527 0.152
528 0.152
529 0.155
530 0.156
531 0.155
532 0.152
533 0.155
534 0.155
535 0.156
536 0.159
537 0.151
538 0.155
539 0.159
540 0.155
541 0.16
542 0.155
543 0.155
544 0.16
545 0.155
546 0.155
547 0.16
548 0.16
549 0.16
550 0.156
551 0.164
552 0.16
553 0.16
554 0.152
555 0.16
556 0.163
557 0.163
558 0.155
559 0.163
560 0.16
561 0.163
562 0.163
563 0.156
564 0.159
565 0.163
566 0.163
567 0.163
568 0.159
569 0.16
570 0.163
571 0.163
572 0.163
573 0.163
574 0.163
575 0.163
576 0.16
577 0.163
578 0.163
579 0.168
580 0.163
581 0.172
582 0.175
583 0.175
584 0.172
585 0.176
586 0.175
587 0.176
588 0.175
589 0.172
590 0.175
591 0.167
592 0.163
593 0.163
594 0.167
595 0.167
596 0.163
597 0.167
598 0.163
599 0.167
600 0.167
601 0.168
602 0.167
603 0.168
604 0.172
605 0.175
606 0.176
607 0.172
608 0.176
609 0.176
610 0.176
611 0.167
612 0.167
613 0.171
614 0.171
615 0.175
616 0.179
617 0.175
618 0.176
619 0.18
620 0.172
621 0.183
622 0.171
623 0.179
624 0.18
625 0.18
626 0.179
627 0.179
628 0.18
629 0.172
630 0.172
631 0.175
632 0.18
633 0.179
634 0.179
635 0.18
636 0.183
637 0.175
638 0.183
639 0.179
640 0.18
641 0.18
642 0.176
643 0.18
644 0.172
645 0.175
646 0.18
647 0.179
648 0.172
649 0.183
650 0.18
651 0.179
652 0.18
653 0.175
654 0.183
655 0.18
656 0.183
657 0.183
658 0.18
659 0.183
660 0.188
661 0.184
662 0.187
663 0.179
664 0.188
665 0.187
666 0.187
667 0.18
668 0.187
669 0.187
670 0.187
671 0.188
672 0.187
673 0.192
674 0.192
675 0.192
676 0.188
677 0.192
678 0.192
679 0.183
680 0.192
681 0.192
682 0.192
683 0.183
684 0.191
685 0.191
686 0.2
687 0.203
688 0.2
689 0.2
690 0.192
691 0.204
692 0.207
693 0.203
694 0.204
695 0.2
696 0.192
697 0.195
698 0.196
699 0.192
700 0.195
701 0.196
702 0.187
703 0.2
704 0.2
705 0.195
706 0.204
707 0.199
708 0.192
709 0.195
710 0.199
711 0.2
712 0.2
713 0.195
714 0.2
715 0.2
716 0.203
717 0.203
718 0.203
719 0.203
720 0.203
721 0.2
722 0.211
723 0.204
724 0.203
725 0.2
726 0.195
727 0.203
728 0.195
729 0.208
730 0.203
731 0.203
732 0.203
733 0.195
734 0.203
735 0.2
736 0.208
737 0.208
738 0.208
739 0.208
740 0.208
741 0.207
742 0.203
743 0.208
744 0.203
745 0.208
746 0.2
747 0.211
748 0.203
749 0.207
750 0.199
751 0.211
752 0.204
753 0.208
754 0.203
755 0.208
756 0.203
757 0.211
758 0.204
759 0.211
760 0.207
761 0.211
762 0.211
763 0.211
764 0.211
765 0.211
766 0.211
767 0.211
768 0.211
769 0.208
770 0.211
771 0.207
772 0.211
773 0.216
774 0.215
775 0.216
776 0.204
777 0.216
778 0.208
779 0.216
780 0.216
781 0.216
782 0.215
783 0.223
784 0.223
785 0.223
786 0.223
787 0.22
788 0.231
789 0.228
790 0.228
791 0.223
792 0.211
793 0.22
794 0.223
795 0.211
796 0.22
797 0.22
798 0.219
799 0.223
800 0.22
801 0.224
802 0.224
803 0.22
804 0.224
805 0.224
806 0.22
807 0.223
808 0.223
809 0.22
810 0.223
811 0.224
812 0.224
813 0.22
814 0.227
815 0.228
816 0.227
817 0.223
818 0.224
819 0.22
820 0.228
821 0.223
822 0.228
823 0.22
824 0.224
825 0.227
826 0.228
827 0.22
828 0.228
829 0.228
830 0.223
831 0.22
832 0.228
833 0.227
834 0.227
835 0.22
836 0.232
837 0.228
838 0.228
839 0.224
840 0.235
841 0.231
842 0.231
843 0.228
844 0.223
845 0.231
846 0.231
847 0.236
848 0.228
849 0.223
850 0.236
851 0.235
852 0.235
853 0.231
854 0.227
855 0.235
856 0.236
857 0.231
858 0.231
859 0.231
860 0.228
861 0.235
862 0.232
863 0.235
864 0.236
865 0.236
866 0.231
867 0.228
868 0.235
869 0.235
870 0.24
871 0.235
872 0.231
873 0.248
874 0.248
875 0.248
876 0.243
877 0.244
878 0.248
879 0.251
880 0.24
881 0.248
882 0.243
883 0.24
884 0.243
885 0.24
886 0.244
887 0.243
888 0.244
889 0.243
890 0.243
891 0.235
892 0.24
893 0.236
894 0.235
895 0.248
896 0.244
897 0.244
898 0.243
899 0.252
900 0.247
901 0.247
902 0.247
903 0.247
904 0.251
905 0.248
906 0.248
907 0.248
908 0.248
909 0.248
910 0.248
911 0.248
912 0.248
913 0.251
914 0.248
915 0.251
916 0.248
917 0.248
918 0.251
919 0.251
920 0.251
921 0.251
922 0.251
923 0.247
924 0.251
925 0.252
926 0.244
927 0.24
928 0.248
929 0.247
930 0.248
931 0.251
932 0.251
933 0.251
934 0.251
935 0.252
936 0.251
937 0.256
938 0.256
939 0.251
940 0.243
941 0.247
942 0.248
943 0.251
944 0.255
945 0.256
946 0.255
947 0.256
948 0.256
949 0.248
950 0.252
951 0.256
952 0.259
953 0.255
954 0.255
955 0.259
956 0.263
957 0.263
958 0.268
959 0.263
960 0.259
961 0.271
962 0.275
963 0.268
964 0.259
965 0.259
966 0.255
967 0.256
968 0.263
969 0.259
970 0.263
971 0.264
972 0.256
973 0.264
974 0.264
975 0.264
976 0.256
977 0.256
978 0.263
979 0.259
980 0.267
981 0.255
982 0.264
983 0.268
984 0.264
985 0.259
986 0.259
987 0.263
988 0.264
989 0.268
990 0.259
991 0.268
992 0.268
993 0.256
994 0.259
995 0.268
996 0.264
997 0.259
998 0.267
999 0.268
1000 0.268