1 0.032
2 0.032
3 0.04
4 0.04
5 0.039
6 0.043
7 0.04
8 0.043
9 0.039
10 0.039
11 0.056
12 0.048
13 0.048
14 0.047
15 0.052
16 0.048
17 0.047
18 0.047
19 0.052
20 0.052
21 0.051
22 0.051
23 0.052
24 0.056
25 0.06
26 0.056
27 0.059
28 0.059
29 0.063
30 0.064
31 0.068
32 0.072
33 0.071
34 0.068
35 0.068
36 0.076
37 0.072
38 0.071
39 0.072
40 0.079
41 0.076
42 0.076
43 0.084
44 0.079
45 0.079
46 0.084
47 0.084
48 0.079
49 0.087
50 0.084
51 0.084
52 0.092
53 0.088
54 0.096
55 0.096
56 0.096
57 0.096
58 0.096
59 0.099
60 0.096
61 0.096
62 0.099
63 0.104
64 0.107
65 0.099
66 0.103
67 0.108
68 0.107
69 0.099
70 0.108
71 0.108
72 0.108
73 0.103
74 0.112
75 0.112
76 0.112
77 0.112
78 0.115
79 0.111
80 0.119
81 0.12
82 0.12
83 0.119
84 0.12
85 0.119
86 0.123
87 0.128
88 0.124
89 0.123
90 0.132
91 0.132
92 0.132
93 0.128
94 0.135
95 0.132
96 0.131
97 0.135
98 0.139
99 0.135
100 0.139
101 0.139
102 0.139
103 0.143
104 0.144
105 0.148
106 0.144
107 0.148
108 0.152
109 0.147
110 0.147
111 0.152
112 0.152
113 0.155
114 0.155
115 0.155
116 0.151
117 0.159
118 0.16
119 0.16
120 0.163
121 0.159
122 0.16
123 0.16
124 0.159
125 0.163
126 0.167
127 0.163
128 0.172
129 0.167
130 0.172
131 0.175
132 0.164
133 0.176
134 0.179
135 0.184
136 0.175
137 0.184
138 0.187
139 0.18
140 0.183
141 0.183
142 0.192
143 0.196
144 0.192
145 0.188
146 0.192
147 0.192
148 0.192
149 0.192
150 0.187
151 0.195
152 0.192
153 0.199
154 0.195
155 0.195
156 0.195
157 0.2
158 0.199
159 0.2
160 0.203
161 0.199
162 0.203
163 0.199
164 0.208
165 0.207
166 0.208
167 0.211
168 0.208
169 0.211
170 0.207
171 0.215
172 0.215
173 0.211
174 0.219
175 0.216
176 0.215
177 0.22
178 0.219
179 0.223
180 0.219
181 0.223
182 0.228
183 0.224
184 0.219
185 0.224
186 0.228
187 0.228
188 0.236
189 0.231
190 0.231
191 0.231
192 0.231
193 0.231
194 0.235
195 0.231
196 0.239
197 0.24
198 0.239
199 0.231
200 0.239
201 0.244
202 0.244
203 0.244
204 0.244
205 0.248
206 0.244
207 0.248
208 0.248
209 0.243
210 0.239
211 0.251
212 0.256
213 0.255
214 0.255
215 0.259
216 0.255
217 0.255
218 0.259
219 0.26
220 0.26
221 0.264
222 0.264
223 0.264
224 0.26
225 0.264
226 0.264
227 0.271
228 0.268
229 0.268
230 0.268
231 0.268
232 0.271
233 0.275
234 0.275
235 0.276
236 0.275
237 0.279
238 0.279
239 0.279
240 0.279
241 0.279
242 0.284
243 0.284
244 0.279
245 0.288
246 0.288
247 0.284
248 0.283
249 0.288
250 0.288
251 0.288
252 0.288
253 0.296
254 0.295
255 0.295
256 0.296
257 0.3
258 0.3
259 0.296
260 0.299
261 0.299
262 0.304
263 0.304
264 0.304
265 0.304
266 0.303
267 0.3
268 0.307
269 0.311
270 0.311
271 0.307
272 0.311
273 0.312
274 0.316
275 0.315
276 0.324
277 0.319
278 0.32
279 0.324
280 0.32
281 0.324
282 0.324
283 0.331
284 0.327
285 0.331
286 0.336
287 0.331
288 0.332
289 0.336
290 0.335
291 0.336
292 0.335
293 0.327
294 0.34
295 0.339
296 0.344
297 0.336
298 0.339
299 0.343
300 0.344
301 0.34
302 0.347
303 0.347
304 0.347
305 0.347
306 0.347
307 0.352
308 0.347
309 0.347
310 0.352
311 0.351
312 0.352
313 0.355
314 0.359
315 0.356
316 0.36
317 0.36
318 0.36
319 0.367
320 0.364
321 0.364
322 0.371
323 0.364
324 0.364
325 0.364
326 0.364
327 0.367
328 0.367
329 0.371
330 0.367
331 0.371
332 0.371
333 0.372
334 0.371
335 0.371
336 0.376
337 0.38
338 0.38
339 0.38
340 0.384
341 0.38
342 0.38
343 0.384
344 0.387
345 0.384
346 0.387
347 0.387
348 0.392
349 0.384
350 0.388
351 0.391
352 0.387
353 0.392
354 0.391
355 0.395
356 0.395
357 0.395
358 0.4
359 0.4
360 0.4
361 0.399
362 0.403
363 0.403
364 0.403
365 0.403
366 0.4
367 0.4
368 0.407
369 0.407
370 0.415
371 0.415
372 0.411
373 0.403
374 0.411
375 0.411
376 0.416
377 0.42
378 0.42
379 0.416
380 0.42
381 0.42
382 0.419
383 0.416
384 0.423
385 0.423
386 0.423
387 0.428
388 0.423
389 0.432
390 0.427
391 0.427
392 0.427
393 0.431
394 0.432
395 0.436
396 0.431
397 0.431
398 0.436
399 0.436
400 0.443
401 0.443
402 0.447
403 0.452
404 0.447
405 0.447
406 0.452
407 0.456
408 0.456
409 0.451
410 0.451
411 0.46
412 0.451
413 0.452
414 0.452
415 0.456
416 0.46
417 0.46
418 0.463
419 0.463
420 0.46
421 0.463
422 0.463
423 0.463
424 0.463
425 0.459
426 0.463
427 0.467
428 0.472
429 0.472
430 0.472
431 0.471
432 0.472
433 0.472
434 0.471
435 0.48
436 0.476
437 0.48
438 0.48
439 0.475
440 0.48
441 0.48
442 0.487
443 0.476
444 0.487
445 0.483
446 0.487
447 0.48
448 0.487
449 0.483
450 0.491
451 0.496
452 0.492
453 0.491
454 0.492
455 0.492
456 0.496
457 0.492
458 0.496
459 0.496
460 0.5
461 0.5
462 0.495
463 0.504
464 0.5
465 0.5
466 0.503
467 0.5
468 0.508
469 0.507
470 0.512
471 0.507
472 0.516
473 0.511
474 0.511
475 0.512
476 0.507
477 0.519
478 0.515
479 0.523
480 0.515
481 0.519
482 0.519
483 0.519
484 0.523
485 0.523
486 0.528
487 0.523
488 0.527
489 0.523
490 0.527
491 0.528
492 0.528
493 0.531
494 0.532
495 0.536
496 0.536
497 0.536
498 0.536
499 0.539
500 0.536
501 0.539
502 0.539
503 0.539
504 0.536
505 0.539
506 0.543
507 0.547
508 0.547
509 0.548
510 0.552
511 0.556
512 0.559
513 0.556
514 0.556
515 0.559
516 0.556
517 0.567
518 0.564
519 0.567
520 0.568
521 0.559
522 0.559
523 0.564
524 0.567
525 0.564
526 0.568
527 0.567
528 0.568
529 0.571
530 0.572
531 0.572
532 0.572
533 0.576
534 0.579
535 0.576
536 0.576
537 0.576
538 0.576
539 0.576
540 0.58
541 0.579
542 0.583
543 0.584
544 0.58
545 0.583
546 0.587
547 0.588
548 0.588
549 0.596
550 0.592
551 0.587
552 0.592
553 0.583
554 0.588
555 0.596
556 0.596
557 0.596
558 0.591
559 0.596
560 0.599
561 0.603
562 0.599
563 0.596
564 0.599
565 0.599
566 0.603
567 0.603
568 0.604
569 0.604
570 0.603
571 0.608
572 0.604
573 0.607
574 0.603
575 0.612
576 0.608
577 0.615
578 0.612
579 0.616
580 0.615
581 0.615
582 0.619
583 0.615
584 0.619
585 0.619
586 0.623
587 0.623
588 0.624
589 0.619
590 0.619
591 0.627
592 0.627
593 0.635
594 0.635
595 0.644
596 0.648
597 0.647
598 0.644
599 0.644
600 0.647
601 0.643
602 0.644
603 0.655
604 0.655
605 0.652
606 0.655
607 0.656
608 0.656
609 0.664
610 0.659
611 0.652
612 0.655
613 0.659
614 0.668
615 0.667
616 0.675
617 0.675
618 0.679
619 0.675
620 0.679
621 0.684
622 0.679
623 0.679
624 0.675
625 0.672
626 0.679
627 0.679
628 0.672
629 0.675
630 0.683
631 0.679
632 0.687
633 0.688
634 0.683
635 0.684
636 0.688
637 0.688
638 0.692
639 0.688
640 0.687
641 0.692
642 0.696
643 0.688
644 0.7
645 0.724
646 0.688
647 0.68
648 0.688
649 0.695
650 0.719
651 0.688
652 0.692
653 0.692
654 0.684
655 0.692
656 0.695
657 0.692
658 0.695
659 0.695
660 0.695
661 0.695
662 0.695
663 0.704
664 0.695
665 0.704
666 0.704
667 0.7
668 0.699
669 0.703
670 0.708
671 0.708
672 0.708
673 0.708
674 0.711
675 0.711
676 0.711
677 0.716
678 0.715
679 0.711
680 0.711
681 0.719
682 0.715
683 0.72
684 0.719
685 0.716
686 0.72
687 0.719
688 0.724
689 0.728
690 0.72
691 0.731
692 0.728
693 0.724
694 0.731
695 0.735
696 0.728
697 0.735
698 0.731
699 0.731
700 0.735
701 0.736
702 0.74
703 0.731
704 0.739
705 0.739
706 0.74
707 0.735
708 0.743
709 0.748
710 0.755
711 0.755
712 0.751
713 0.76
714 0.755
715 0.755
716 0.755
717 0.763
718 0.755
719 0.759
720 0.76
721 0.755
722 0.751
723 0.76
724 0.764
725 0.768
726 0.763
727 0.764
728 0.768
729 0.764
730 0.764
731 0.771
732 0.771
733 0.771
734 0.771
735 0.768
736 0.771
737 0.771
738 0.775
739 0.78
740 0.776
741 0.776
742 0.779
743 0.788
744 0.784
745 0.771
746 0.776
747 0.776
748 0.784
749 0.788
750 0.78
751 0.78
752 0.779
753 0.791
754 0.791
755 0.784
756 0.784
757 0.796
758 0.795
759 0.795
760 0.795
761 0.788
762 0.791
763 0.8
764 0.791
765 0.796
766 0.791
767 0.799
768 0.8
769 0.804
770 0.799
771 0.804
772 0.807
773 0.807
774 0.804
775 0.807
776 0.807
777 0.807
778 0.816
779 0.807
780 0.816
781 0.815
782 0.812
783 0.819
784 0.82
785 0.82
786 0.812
787 0.824
788 0.82
789 0.824
790 0.82
791 0.82
792 0.824
793 0.827
794 0.828
795 0.827
796 0.832
797 0.831
798 0.827
799 0.84
800 0.835
801 0.836
802 0.835
803 0.839
804 0.84
805 0.847
806 0.847
807 0.844
808 0.844
809 0.839
810 0.844
811 0.844
812 0.84
813 0.844
814 0.848
815 0.852
816 0.856
817 0.847
818 0.848
819 0.847
820 0.855
821 0.856
822 0.856
823 0.855
824 0.855
825 0.855
826 0.864
827 0.86
828 0.864
829 0.864
830 0.863
831 0.872
832 0.86
833 0.864
834 0.864
835 0.871
836 0.867
837 0.867
838 0.867
839 0.867
840 0.867
841 0.872
842 0.868
843 0.875
844 0.872
845 0.876
846 0.879
847 0.88
848 0.88
849 0.876
850 0.88
851 0.875
852 0.884
853 0.884
854 0.884
855 0.884
856 0.884
857 0.896
858 0.892
859 0.892
860 0.891
861 0.892
862 0.895
863 0.895
864 0.891
865 0.896
866 0.899
867 0.9
868 0.903
869 0.9
870 0.9
871 0.903
872 0.9
873 0.908
874 0.907
875 0.907
876 0.907
877 0.9
878 0.907
879 0.912
880 0.907
881 0.911
882 0.907
883 0.916
884 0.92
885 0.92
886 0.916
887 0.923
888 0.94
889 0.923
890 0.932
891 0.919
892 0.923
893 0.928
894 0.923
895 0.927
896 0.928
897 0.927
898 0.935
899 0.931
900 0.932
901 0.927
902 0.936
903 0.939
904 0.94
905 0.94
906 0.936
907 0.94
908 0.944
909 0.943
910 0.94
911 0.943
912 0.932
913 0.947
914 0.947
915 0.947
916 0.947
917 0.952
918 0.943
919 0.944
920 0.948
921 0.943
922 0.952
923 0.952
924 0.955
925 0.959
926 0.96
927 0.96
928 0.96
929 0.963
930 0.96
931 0.963
932 0.96
933 0.963
934 0.963
935 0.968
936 0.968
937 0.968
938 0.967
939 0.972
940 0.971
941 0.971
942 0.96
943 0.968
944 0.968
945 0.975
946 0.976
947 0.976
948 0.98
949 0.98
950 0.983
951 0.976
952 0.98
953 0.983
954 0.98
955 0.983
956 0.988
957 0.976
958 0.98
959 0.987
960 0.996
961 1.
962 1.
963 0.996
964 1.
965 1.011
966 1.007
967 1.008
968 0.995
969 1.
970 1.003
971 0.995
972 1.004
973 1.007
974 0.996
975 1.008
976 1.004
977 1.
978 1.007
979 1.012
980 1.012
981 1.016
982 1.015
983 1.015
984 1.019
985 1.011
986 1.019
987 1.016
988 1.027
989 1.023
990 1.016
991 1.019
992 1.016
993 1.019
994 1.016
995 1.028
996 1.016
997 1.028
998 1.019
999 1.027
1000 1.019