param-n,Rewrite-for-gen-real,Rewrite-for-gen-sys,Rewrite-for-gen-user,Rewrite-for-gen:etransitivity-for-sides-real,Rewrite-for-gen:etransitivity-for-sides-sys,Rewrite-for-gen:etransitivity-for-sides-user,Rewrite-for-gen:generalize-hyps-for-rewriting-real,Rewrite-for-gen:generalize-hyps-for-rewriting-sys,Rewrite-for-gen:generalize-hyps-for-rewriting-user,Rewrite-lhs-for-regression-quadratic-real,Rewrite-lhs-for-regression-quadratic-sys,Rewrite-lhs-for-regression-quadratic-user,do-reify-rhs-with:notypeclasses-refine-real,do-reify-rhs-with:notypeclasses-refine-sys,do-reify-rhs-with:notypeclasses-refine-user,do-reify-rhs-with:reify-hint-real,do-reify-rhs-with:reify-hint-sys,do-reify-rhs-with:reify-hint-user,do-rewrite-with:refine-interp-rewrite-real,do-rewrite-with:refine-interp-rewrite-sys,do-rewrite-with:refine-interp-rewrite-user,do-rewrite-with:refine-trans-real,do-rewrite-with:refine-trans-sys,do-rewrite-with:refine-trans-user,do-rewrite-with:vm-cast-no-check-real,do-rewrite-with:vm-cast-no-check-sys,do-rewrite-with:vm-cast-no-check-user,final-cbv-real,final-cbv-sys,final-cbv-user,prove-Wf-real,prove-Wf-sys,prove-Wf-user,prove-Wf-with:refine-real,prove-Wf-with:refine-sys,prove-Wf-with:refine-user,prove-Wf-with:reflexivity-real,prove-Wf-with:reflexivity-sys,prove-Wf-with:reflexivity-user,prove-Wf-with:split-real,prove-Wf-with:split-sys,prove-Wf-with:split-user,prove-Wf-with:vm-compute-real,prove-Wf-with:vm-compute-sys,prove-Wf-with:vm-compute-user,reification-real,reification-sys,reification-user,rewrite-strat(bottomup)-regression-exponential-real,rewrite-strat(bottomup)-regression-exponential-sys,rewrite-strat(bottomup)-regression-exponential-user,rewrite-strat(topdown)-regression-exponential-real,rewrite-strat(topdown)-regression-exponential-sys,rewrite-strat(topdown)-regression-exponential-user,rewriting-real,rewriting-sys,rewriting-user,setoid-rewrite-regression-cubic-real,setoid-rewrite-regression-cubic-sys,setoid-rewrite-regression-cubic-user,vm-compute-and-unify-in-rewrite-real,vm-compute-and-unify-in-rewrite-sys,vm-compute-and-unify-in-rewrite-user
0,0.223,0.004,0.219,0.,0.,0.,0.008,0.,0.008,0.223,0.004,0.219,0.,0.,0.,0.166,0.,0.166,0.001,0.,0.001,0.,0.,0.,0.,0.,0.,0.004,0.,0.004,0.015,0.004,0.011,0.001,0.,0.001,0.,0.,0.,0.004,0.,0.004,0.006,0.003,0.002,0.175,0.,0.174,0.,0.,0.,0.,0.,0.,0.019,0.004,0.014,0.,0.,0.,0.001,0.,0.001
1,0.157,0.,0.156,0.,0.,0.,0.007,0.,0.007,0.157,0.,0.157,0.,0.,0.,0.108,0.,0.108,0.001,0.,0.001,0.,0.,0.,0.,0.,0.,0.004,0.,0.004,0.011,0.,0.011,0.001,0.,0.001,0.,0.,0.,0.004,0.,0.004,0.002,0.,0.002,0.116,0.,0.116,0.001,0.,0.001,0.001,0.,0.001,0.015,0.,0.015,0.002,0.,0.002,0.001,0.,0.001
2,0.149,0.004,0.145,0.,0.,0.,0.007,0.,0.007,0.149,0.004,0.145,0.,0.,0.,0.098,0.003,0.094,0.001,0.,0.001,0.,0.,0.,0.,0.,0.,0.004,0.,0.004,0.011,0.,0.011,0.001,0.,0.001,0.,0.,0.,0.004,0.,0.004,0.002,0.,0.002,0.108,0.003,0.104,0.002,0.,0.002,0.002,0.,0.002,0.015,0.,0.015,0.003,0.,0.003,0.001,0.,0.001
3,0.167,0.,0.166,0.,0.,0.,0.018,0.,0.018,0.167,0.,0.167,0.,0.,0.,0.094,0.,0.094,0.001,0.,0.001,0.,0.,0.,0.,0.,0.,0.004,0.,0.004,0.022,0.,0.022,0.001,0.,0.001,0.,0.,0.,0.004,0.,0.004,0.002,0.,0.002,0.103,0.,0.102,0.003,0.,0.003,0.003,0.,0.003,0.027,0.,0.027,0.004,0.,0.004,0.001,0.,0.001
4,0.154,0.,0.154,0.,0.,0.,0.008,0.,0.008,0.155,0.,0.155,0.,0.,0.,0.092,0.,0.092,0.001,0.,0.001,0.,0.,0.,0.,0.,0.,0.004,0.,0.004,0.022,0.,0.022,0.001,0.,0.001,0.,0.,0.,0.004,0.,0.004,0.013,0.,0.013,0.101,0.,0.101,0.004,0.,0.004,0.004,0.,0.004,0.027,0.,0.027,0.005,0.,0.005,0.002,0.,0.002
5,,,,,,,,,,,,,,,,,,,,,,,,,,,,,,,,,,,,,,,,,,,,,,,,,0.005,0.,0.005,0.005,0.,0.005,,,,0.006,0.,0.006,,,
6,,,,,,,,,,,,,,,,,,,,,,,,,,,,,,,,,,,,,,,,,,,,,,,,,0.006,0.,0.006,0.006,0.,0.006,,,,0.007,0.,0.007,,,
7,,,,,,,,,,,,,,,,,,,,,,,,,,,,,,,,,,,,,,,,,,,,,,,,,0.008,0.,0.008,0.008,0.,0.008,,,,0.008,0.,0.008,,,
8,,,,,,,,,,,,,,,,,,,,,,,,,,,,,,,,,,,,,,,,,,,,,,,,,0.009,0.,0.009,0.009,0.,0.009,,,,0.086,0.,0.086,,,
9,,,,,,,,,,,,,,,,,,,,,,,,,,,,,,,,,,,,,,,,,,,,,,,,,0.078,0.,0.078,0.077,0.,0.077,,,,0.011,0.,0.011,,,
10,,,,,,,,,,,,,,,,,,,,,,,,,,,,,,,,,,,,,,,,,,,,,,,,,0.08,0.,0.08,0.082,0.,0.082,,,,0.012,0.,0.012,,,
11,,,,,,,,,,,,,,,,,,,,,,,,,,,,,,,,,,,,,,,,,,,,,,,,,0.015,0.,0.015,0.014,0.,0.014,,,,0.014,0.,0.014,,,
12,,,,,,,,,,,,,,,,,,,,,,,,,,,,,,,,,,,,,,,,,,,,,,,,,0.016,0.,0.016,0.016,0.,0.016,,,,0.021,0.,0.021,,,
13,,,,,,,,,,,,,,,,,,,,,,,,,,,,,,,,,,,,,,,,,,,,,,,,,0.019,0.,0.019,0.019,0.,0.019,,,,0.016,0.,0.016,,,
14,,,,,,,,,,,,,,,,,,,,,,,,,,,,,,,,,,,,,,,,,,,,,,,,,0.023,0.,0.023,0.027,0.,0.027,,,,0.018,0.,0.018,,,
15,,,,,,,,,,,,,,,,,,,,,,,,,,,,,,,,,,,,,,,,,,,,,,,,,0.023,0.,0.023,0.023,0.,0.023,,,,0.028,0.,0.028,,,
16,,,,,,,,,,,,,,,,,,,,,,,,,,,,,,,,,,,,,,,,,,,,,,,,,0.107,0.,0.107,0.097,0.,0.097,,,,0.022,0.,0.022,,,
17,0.229,0.003,0.225,0.,0.,0.,0.008,0.,0.008,0.229,0.003,0.225,0.,0.,0.,0.166,0.003,0.163,0.001,0.,0.001,0.,0.,0.,0.,0.,0.,0.005,0.,0.005,0.015,0.,0.015,0.001,0.,0.001,0.,0.,0.,0.004,0.,0.004,0.006,0.,0.006,0.175,0.003,0.171,0.037,0.003,0.034,0.031,0.,0.031,0.023,0.,0.023,0.023,0.,0.023,0.005,0.,0.005
18,,,,,,,,,,,,,,,,,,,,,,,,,,,,,,,,,,,,,,,,,,,,,,,,,0.035,0.,0.035,0.039,0.004,0.035,,,,0.027,0.,0.027,,,
19,,,,,,,,,,,,,,,,,,,,,,,,,,,,,,,,,,,,,,,,,,,,,,,,,0.048,0.,0.048,0.038,0.,0.038,,,,0.027,0.,0.027,,,
20,,,,,,,,,,,,,,,,,,,,,,,,,,,,,,,,,,,,,,,,,,,,,,,,,0.046,0.,0.046,,,,,,,0.032,0.,0.032,,,
21,,,,,,,,,,,,,,,,,,,,,,,,,,,,,,,,,,,,,,,,,,,,,,,,,0.049,0.,0.049,0.054,0.,0.054,,,,0.033,0.,0.033,,,
22,,,,,,,,,,,,,,,,,,,,,,,,,,,,,,,,,,,,,,,,,,,,,,,,,,,,0.057,0.,0.057,,,,0.109,0.,0.108,,,
23,,,,,,,,,,,,,,,,,,,,,,,,,,,,,,,,,,,,,,,,,,,,,,,,,0.06,0.,0.06,0.056,0.,0.056,,,,0.037,0.,0.037,,,
24,,,,,,,,,,,,,,,,,,,,,,,,,,,,,,,,,,,,,,,,,,,,,,,,,0.062,0.,0.062,0.063,0.,0.063,,,,0.044,0.,0.044,,,
25,,,,,,,,,,,,,,,,,,,,,,,,,,,,,,,,,,,,,,,,,,,,,,,,,,,,,,,,,,0.04,0.,0.04,,,
26,,,,,,,,,,,,,,,,,,,,,,,,,,,,,,,,,,,,,,,,,,,,,,,,,0.079,0.,0.079,0.075,0.,0.075,,,,0.043,0.,0.043,,,
27,,,,,,,,,,,,,,,,,,,,,,,,,,,,,,,,,,,,,,,,,,,,,,,,,,,,,,,,,,0.046,0.,0.046,,,
28,0.25,0.,0.25,0.,0.,0.,0.008,0.,0.008,0.25,0.,0.25,0.,0.,0.,0.181,0.,0.181,0.001,0.,0.001,0.,0.,0.,0.,0.,0.,0.006,0.,0.006,0.016,0.,0.016,0.001,0.,0.001,0.,0.,0.,0.005,0.,0.005,0.006,0.,0.006,0.19,0.,0.19,0.089,0.,0.089,0.084,0.,0.084,0.028,0.,0.028,0.048,0.,0.048,0.008,0.,0.008
29,,,,,,,,,,,,,,,,,,,,,,,,,,,,,,,,,,,,,,,,,,,,,,,,,,,,,,,,,,0.052,0.,0.052,,,
30,,,,,,,,,,,,,,,,,,,,,,,,,,,,,,,,,,,,,,,,,,,,,,,,,0.103,0.,0.103,0.098,0.,0.098,,,,0.054,0.,0.054,,,
31,,,,,,,,,,,,,,,,,,,,,,,,,,,,,,,,,,,,,,,,,,,,,,,,,,,,,,,,,,0.06,0.,0.06,,,
32,,,,,,,,,,,,,,,,,,,,,,,,,,,,,,,,,,,,,,,,,,,,,,,,,0.116,0.,0.116,0.114,0.,0.114,,,,0.062,0.,0.062,,,
33,,,,,,,,,,,,,,,,,,,,,,,,,,,,,,,,,,,,,,,,,,,,,,,,,0.124,0.,0.124,0.123,0.,0.123,,,,0.067,0.,0.066,,,
34,0.192,0.,0.192,0.,0.,0.,0.023,0.,0.023,0.192,0.,0.192,0.,0.,0.,0.092,0.,0.092,0.001,0.,0.001,0.,0.,0.,0.,0.,0.,0.006,0.,0.006,0.011,0.,0.011,0.001,0.,0.001,0.,0.,0.,0.004,0.,0.004,0.002,0.,0.002,0.101,0.,0.101,,,,,,,0.047,0.,0.047,0.066,0.,0.066,0.033,0.,0.033
35,,,,,,,,,,,,,,,,,,,,,,,,,,,,,,,,,,,,,,,,,,,,,,,,,0.144,0.,0.144,0.141,0.,0.141,,,,0.076,0.,0.076,,,
36,,,,,,,,,,,,,,,,,,,,,,,,,,,,,,,,,,,,,,,,,,,,,,,,,,,,,,,,,,0.074,0.,0.074,,,
37,,,,,,,,,,,,,,,,,,,,,,,,,,,,,,,,,,,,,,,,,,,,,,,,,0.168,0.,0.168,0.16,0.,0.16,,,,0.088,0.,0.088,,,
38,,,,,,,,,,,,,,,,,,,,,,,,,,,,,,,,,,,,,,,,,,,,,,,,,0.175,0.,0.175,0.176,0.,0.176,,,,0.083,0.,0.083,,,
39,,,,,,,,,,,,,,,,,,,,,,,,,,,,,,,,,,,,,,,,,,,,,,,,,0.179,0.,0.179,,,,,,,0.087,0.003,0.084,,,
40,,,,,,,,,,,,,,,,,,,,,,,,,,,,,,,,,,,,,,,,,,,,,,,,,0.201,0.,0.201,0.202,0.,0.202,,,,0.108,0.,0.108,,,
41,,,,,,,,,,,,,,,,,,,,,,,,,,,,,,,,,,,,,,,,,,,,,,,,,0.206,0.,0.206,0.211,0.,0.211,,,,0.093,0.,0.093,,,
42,,,,,,,,,,,,,,,,,,,,,,,,,,,,,,,,,,,,,,,,,,,,,,,,,0.219,0.,0.219,0.215,0.,0.215,,,,0.097,0.,0.097,,,
43,,,,,,,,,,,,,,,,,,,,,,,,,,,,,,,,,,,,,,,,,,,,,,,,,0.236,0.,0.236,0.228,0.,0.228,,,,0.099,0.,0.099,,,
44,,,,,,,,,,,,,,,,,,,,,,,,,,,,,,,,,,,,,,,,,,,,,,,,,,,,,,,,,,0.103,0.,0.103,,,
45,,,,,,,,,,,,,,,,,,,,,,,,,,,,,,,,,,,,,,,,,,,,,,,,,0.265,0.007,0.257,0.257,0.,0.257,,,,0.111,0.,0.111,,,
46,,,,,,,,,,,,,,,,,,,,,,,,,,,,,,,,,,,,,,,,,,,,,,,,,0.27,0.,0.27,0.275,0.,0.275,,,,0.111,0.,0.111,,,
47,,,,,,,,,,,,,,,,,,,,,,,,,,,,,,,,,,,,,,,,,,,,,,,,,0.292,0.004,0.288,0.297,0.,0.297,,,,0.122,0.,0.122,,,
48,,,,,,,,,,,,,,,,,,,,,,,,,,,,,,,,,,,,,,,,,,,,,,,,,,,,,,,,,,0.131,0.003,0.127,,,
49,,,,,,,,,,,,,,,,,,,,,,,,,,,,,,,,,,,,,,,,,,,,,,,,,0.327,0.,0.327,0.319,0.003,0.315,,,,0.143,0.,0.143,,,
50,0.161,0.,0.161,0.,0.,0.,0.008,0.,0.008,0.161,0.,0.161,0.,0.,0.,0.095,0.,0.095,0.001,0.,0.001,0.,0.,0.,0.,0.,0.,0.007,0.,0.007,0.011,0.,0.011,0.001,0.,0.001,0.,0.,0.,0.004,0.,0.004,0.002,0.,0.002,0.104,0.,0.104,0.341,0.,0.341,0.338,0.,0.338,0.028,0.,0.028,0.137,0.,0.137,0.013,0.,0.013
51,,,,,,,,,,,,,,,,,,,,,,,,,,,,,,,,,,,,,,,,,,,,,,,,,0.353,0.,0.353,0.359,0.,0.359,,,,0.134,0.,0.134,,,
52,,,,,,,,,,,,,,,,,,,,,,,,,,,,,,,,,,,,,,,,,,,,,,,,,0.37,0.,0.37,0.372,0.,0.372,,,,0.244,0.004,0.24,,,
53,,,,,,,,,,,,,,,,,,,,,,,,,,,,,,,,,,,,,,,,,,,,,,,,,,,,0.402,0.,0.402,,,,0.151,0.,0.151,,,
54,,,,,,,,,,,,,,,,,,,,,,,,,,,,,,,,,,,,,,,,,,,,,,,,,0.421,0.,0.421,0.419,0.,0.419,,,,0.158,0.,0.158,,,
55,0.207,0.003,0.203,0.,0.,0.,0.026,0.,0.026,0.207,0.003,0.204,0.,0.,0.,0.101,0.,0.101,0.001,0.,0.001,0.,0.,0.,0.,0.,0.,0.007,0.,0.007,0.029,0.,0.029,0.001,0.,0.001,0.,0.,0.,0.021,0.,0.021,0.002,0.,0.002,0.11,0.,0.11,0.435,0.003,0.431,0.435,0.,0.435,0.049,0.003,0.045,0.166,0.,0.166,0.017,0.003,0.013
56,,,,,,,,,,,,,,,,,,,,,,,,,,,,,,,,,,,,,,,,,,,,,,,,,,,,,,,,,,0.186,0.,0.186,,,
57,,,,,,,,,,,,,,,,,,,,,,,,,,,,,,,,,,,,,,,,,,,,,,,,,,,,,,,,,,0.205,0.,0.205,,,
58,,,,,,,,,,,,,,,,,,,,,,,,,,,,,,,,,,,,,,,,,,,,,,,,,,,,,,,,,,0.186,0.,0.186,,,
59,,,,,,,,,,,,,,,,,,,,,,,,,,,,,,,,,,,,,,,,,,,,,,,,,,,,,,,,,,0.186,0.,0.186,,,
60,,,,,,,,,,,,,,,,,,,,,,,,,,,,,,,,,,,,,,,,,,,,,,,,,,,,,,,,,,0.2,0.,0.2,,,
61,,,,,,,,,,,,,,,,,,,,,,,,,,,,,,,,,,,,,,,,,,,,,,,,,,,,,,,,,,0.182,0.,0.182,,,
62,,,,,,,,,,,,,,,,,,,,,,,,,,,,,,,,,,,,,,,,,,,,,,,,,0.598,0.,0.598,,,,,,,0.235,0.,0.235,,,
63,,,,,,,,,,,,,,,,,,,,,,,,,,,,,,,,,,,,,,,,,,,,,,,,,,,,0.621,0.,0.621,,,,0.217,0.,0.217,,,
64,,,,,,,,,,,,,,,,,,,,,,,,,,,,,,,,,,,,,,,,,,,,,,,,,,,,,,,,,,0.243,0.003,0.24,,,
65,,,,,,,,,,,,,,,,,,,,,,,,,,,,,,,,,,,,,,,,,,,,,,,,,,,,,,,,,,0.224,0.,0.224,,,
66,,,,,,,,,,,,,,,,,,,,,,,,,,,,,,,,,,,,,,,,,,,,,,,,,,,,,,,,,,0.215,0.,0.215,,,
67,0.193,0.,0.193,0.,0.,0.,0.015,0.,0.015,0.193,0.,0.193,0.,0.,0.,0.098,0.,0.098,0.001,0.,0.001,0.,0.,0.,0.,0.,0.,0.008,0.,0.008,0.012,0.,0.012,0.001,0.,0.001,0.,0.,0.,0.005,0.,0.005,0.002,0.,0.002,0.106,0.,0.106,,,,,,,0.049,0.,0.049,0.285,0.,0.285,0.034,0.,0.034
68,,,,,,,,,,,,,,,,,,,,,,,,,,,,,,,,,,,,,,,,,,,,,,,,,,,,,,,,,,0.264,0.,0.264,,,
69,,,,,,,,,,,,,,,,,,,,,,,,,,,,,,,,,,,,,,,,,,,,,,,,,,,,,,,,,,0.268,0.,0.268,,,
70,,,,,,,,,,,,,,,,,,,,,,,,,,,,,,,,,,,,,,,,,,,,,,,,,,,,,,,,,,0.284,0.,0.284,,,
71,,,,,,,,,,,,,,,,,,,,,,,,,,,,,,,,,,,,,,,,,,,,,,,,,,,,,,,,,,0.296,0.,0.296,,,
72,,,,,,,,,,,,,,,,,,,,,,,,,,,,,,,,,,,,,,,,,,,,,,,,,,,,,,,,,,0.317,0.,0.317,,,
73,,,,,,,,,,,,,,,,,,,,,,,,,,,,,,,,,,,,,,,,,,,,,,,,,0.922,0.003,0.918,0.924,0.003,0.92,,,,0.309,0.003,0.305,,,
74,,,,,,,,,,,,,,,,,,,,,,,,,,,,,,,,,,,,,,,,,,,,,,,,,,,,0.964,0.003,0.96,,,,0.284,0.,0.284,,,
75,,,,,,,,,,,,,,,,,,,,,,,,,,,,,,,,,,,,,,,,,,,,,,,,,,,,,,,,,,0.305,0.,0.305,,,
76,,,,,,,,,,,,,,,,,,,,,,,,,,,,,,,,,,,,,,,,,,,,,,,,,,,,,,,,,,0.348,0.,0.348,,,
77,,,,,,,,,,,,,,,,,,,,,,,,,,,,,,,,,,,,,,,,,,,,,,,,,,,,,,,,,,0.349,0.003,0.345,,,
78,,,,,,,,,,,,,,,,,,,,,,,,,,,,,,,,,,,,,,,,,,,,,,,,,,,,,,,,,,0.363,0.,0.363,,,
79,,,,,,,,,,,,,,,,,,,,,,,,,,,,,,,,,,,,,,,,,,,,,,,,,,,,,,,,,,0.301,0.003,0.297,,,
80,,,,,,,,,,,,,,,,,,,,,,,,,,,,,,,,,,,,,,,,,,,,,,,,,,,,,,,,,,0.384,0.,0.384,,,
81,,,,,,,,,,,,,,,,,,,,,,,,,,,,,,,,,,,,,,,,,,,,,,,,,,,,,,,,,,0.396,0.004,0.392,,,
82,,,,,,,,,,,,,,,,,,,,,,,,,,,,,,,,,,,,,,,,,,,,,,,,,,,,,,,,,,0.354,0.,0.354,,,
83,0.185,0.,0.185,0.,0.,0.,0.008,0.,0.007,0.185,0.,0.185,0.,0.,0.,0.091,0.,0.091,0.001,0.,0.001,0.,0.,0.,0.,0.,0.,0.008,0.,0.008,0.011,0.,0.011,0.001,0.,0.001,0.,0.,0.,0.004,0.,0.004,0.002,0.,0.002,0.099,0.,0.099,1.307,0.,1.307,,,,0.055,0.,0.055,0.338,0.,0.338,0.04,0.,0.04
84,,,,,,,,,,,,,,,,,,,,,,,,,,,,,,,,,,,,,,,,,,,,,,,,,,,,1.373,0.007,1.365,,,,0.416,0.003,0.412,,,
85,,,,,,,,,,,,,,,,,,,,,,,,,,,,,,,,,,,,,,,,,,,,,,,,,,,,,,,,,,0.405,0.,0.405,,,
86,,,,,,,,,,,,,,,,,,,,,,,,,,,,,,,,,,,,,,,,,,,,,,,,,,,,,,,,,,0.433,0.,0.433,,,
87,,,,,,,,,,,,,,,,,,,,,,,,,,,,,,,,,,,,,,,,,,,,,,,,,,,,,,,,,,0.388,0.003,0.384,,,
88,,,,,,,,,,,,,,,,,,,,,,,,,,,,,,,,,,,,,,,,,,,,,,,,,,,,,,,,,,0.475,0.003,0.471,,,
89,,,,,,,,,,,,,,,,,,,,,,,,,,,,,,,,,,,,,,,,,,,,,,,,,,,,,,,,,,0.45,0.003,0.446,,,
90,,,,,,,,,,,,,,,,,,,,,,,,,,,,,,,,,,,,,,,,,,,,,,,,,,,,,,,,,,0.498,0.,0.498,,,
92,,,,,,,,,,,,,,,,,,,,,,,,,,,,,,,,,,,,,,,,,,,,,,,,,1.755,0.,1.755,1.76,0.004,1.756,,,,0.482,0.,0.482,,,
93,,,,,,,,,,,,,,,,,,,,,,,,,,,,,,,,,,,,,,,,,,,,,,,,,,,,,,,,,,0.528,0.007,0.52,,,
94,,,,,,,,,,,,,,,,,,,,,,,,,,,,,,,,,,,,,,,,,,,,,,,,,1.824,0.011,1.812,,,,,,,,,,,,
95,,,,,,,,,,,,,,,,,,,,,,,,,,,,,,,,,,,,,,,,,,,,,,,,,,,,1.911,0.,1.911,,,,0.504,0.004,0.5,,,
97,,,,,,,,,,,,,,,,,,,,,,,,,,,,,,,,,,,,,,,,,,,,,,,,,,,,,,,,,,0.579,0.003,0.575,,,
98,,,,,,,,,,,,,,,,,,,,,,,,,,,,,,,,,,,,,,,,,,,,,,,,,,,,,,,,,,0.555,0.003,0.551,,,
100,0.192,0.,0.192,0.,0.,0.,0.008,0.,0.008,0.192,0.,0.192,0.,0.,0.,0.095,0.,0.095,0.001,0.,0.001,0.,0.,0.,0.,0.,0.,0.009,0.,0.009,0.011,0.,0.011,0.001,0.,0.001,0.,0.,0.,0.004,0.,0.004,0.002,0.,0.002,0.104,0.,0.104,,,,,,,0.056,0.,0.056,0.569,0.003,0.565,0.041,0.,0.041
102,,,,,,,,,,,,,,,,,,,,,,,,,,,,,,,,,,,,,,,,,,,,,,,,,,,,,,,,,,0.56,0.008,0.552,,,
103,,,,,,,,,,,,,,,,,,,,,,,,,,,,,,,,,,,,,,,,,,,,,,,,,,,,,,,,,,0.629,0.003,0.625,,,
104,,,,,,,,,,,,,,,,,,,,,,,,,,,,,,,,,,,,,,,,,,,,,,,,,2.449,0.,2.448,,,,,,,,,,,,
105,,,,,,,,,,,,,,,,,,,,,,,,,,,,,,,,,,,,,,,,,,,,,,,,,,,,2.567,0.,2.567,,,,0.701,0.004,0.697,,,
106,,,,,,,,,,,,,,,,,,,,,,,,,,,,,,,,,,,,,,,,,,,,,,,,,,,,,,,,,,0.678,0.007,0.67,,,
107,,,,,,,,,,,,,,,,,,,,,,,,,,,,,,,,,,,,,,,,,,,,,,,,,,,,,,,,,,0.727,0.,0.727,,,
108,,,,,,,,,,,,,,,,,,,,,,,,,,,,,,,,,,,,,,,,,,,,,,,,,,,,,,,,,,0.651,0.003,0.647,,,
110,0.201,0.,0.2,0.,0.,0.,0.008,0.,0.008,0.201,0.,0.201,0.,0.,0.,0.1,0.,0.1,0.001,0.,0.001,0.,0.,0.,0.,0.,0.,0.01,0.,0.01,0.012,0.,0.012,0.001,0.,0.001,0.,0.,0.,0.005,0.,0.005,0.002,0.,0.002,0.108,0.,0.108,2.927,0.,2.927,2.951,0.004,2.947,0.059,0.,0.059,0.607,0.007,0.599,0.042,0.,0.042
112,,,,,,,,,,,,,,,,,,,,,,,,,,,,,,,,,,,,,,,,,,,,,,,,,,,,,,,,,,0.77,0.003,0.766,,,
113,,,,,,,,,,,,,,,,,,,,,,,,,,,,,,,,,,,,,,,,,,,,,,,,,,,,,,,,,,0.688,0.,0.688,,,
115,,,,,,,,,,,,,,,,,,,,,,,,,,,,,,,,,,,,,,,,,,,,,,,,,,,,,,,,,,0.816,0.,0.816,,,
116,0.191,0.,0.191,0.,0.,0.,0.008,0.,0.008,0.191,0.,0.191,0.,0.,0.,0.095,0.,0.095,0.001,0.,0.001,0.,0.,0.,0.,0.,0.,0.011,0.,0.011,0.011,0.,0.011,0.001,0.,0.001,0.,0.,0.,0.004,0.,0.004,0.002,0.,0.002,0.104,0.,0.104,,,,,,,0.054,0.,0.054,,,,0.039,0.,0.039
117,,,,,,,,,,,,,,,,,,,,,,,,,,,,,,,,,,,,,,,,,,,,,,,,,,,,,,,,,,0.84,0.003,0.836,,,
118,,,,,,,,,,,,,,,,,,,,,,,,,,,,,,,,,,,,,,,,,,,,,,,,,,,,,,,,,,0.679,0.004,0.675,,,
120,,,,,,,,,,,,,,,,,,,,,,,,,,,,,,,,,,,,,,,,,,,,,,,,,,,,,,,,,,0.84,0.004,0.836,,,
122,,,,,,,,,,,,,,,,,,,,,,,,,,,,,,,,,,,,,,,,,,,,,,,,,,,,,,,,,,0.733,0.,0.733,,,
123,,,,,,,,,,,,,,,,,,,,,,,,,,,,,,,,,,,,,,,,,,,,,,,,,,,,,,,,,,0.832,0.003,0.828,,,
125,,,,,,,,,,,,,,,,,,,,,,,,,,,,,,,,,,,,,,,,,,,,,,,,,,,,,,,,,,0.993,0.,0.993,,,
127,,,,,,,,,,,,,,,,,,,,,,,,,,,,,,,,,,,,,,,,,,,,,,,,,,,,,,,,,,0.924,0.,0.924,,,
128,,,,,,,,,,,,,,,,,,,,,,,,,,,,,,,,,,,,,,,,,,,,,,,,,,,,,,,,,,1.055,0.,1.055,,,
129,,,,,,,,,,,,,,,,,,,,,,,,,,,,,,,,,,,,,,,,,,,,,,,,,4.684,0.008,4.676,4.715,0.,4.715,,,,,,,,,
130,,,,,,,,,,,,,,,,,,,,,,,,,,,,,,,,,,,,,,,,,,,,,,,,,,,,,,,,,,1.059,0.,1.059,,,
132,0.193,0.,0.193,0.,0.,0.,0.008,0.,0.008,0.193,0.,0.193,0.,0.,0.,0.092,0.,0.092,0.001,0.,0.001,0.,0.,0.,0.,0.,0.,0.011,0.,0.011,0.011,0.,0.011,0.001,0.,0.001,0.,0.,0.,0.004,0.,0.004,0.002,0.,0.002,0.101,0.,0.101,,,,,,,0.059,0.,0.059,1.102,0.,1.102,0.044,0.,0.044
133,,,,,,,,,,,,,,,,,,,,,,,,,,,,,,,,,,,,,,,,,,,,,,,,,,,,,,,,,,1.135,0.,1.135,,,
135,,,,,,,,,,,,,,,,,,,,,,,,,,,,,,,,,,,,,,,,,,,,,,,,,,,,,,,,,,1.074,0.,1.074,,,
137,0.23,0.,0.23,0.,0.,0.,0.008,0.,0.008,0.23,0.,0.23,0.,0.,0.,0.108,0.,0.108,0.001,0.,0.001,0.,0.,0.,0.001,0.,0.001,0.012,0.,0.012,0.012,0.,0.012,0.001,0.,0.001,0.,0.,0.,0.005,0.,0.005,0.002,0.,0.002,0.116,0.,0.116,,,,,,,0.079,0.,0.079,,,,0.062,0.,0.062
140,,,,,,,,,,,,,,,,,,,,,,,,,,,,,,,,,,,,,,,,,,,,,,,,,,,,,,,,,,0.983,0.,0.983,,,
147,,,,,,,,,,,,,,,,,,,,,,,,,,,,,,,,,,,,,,,,,,,,,,,,,6.94,0.,6.94,7.075,0.008,7.067,,,,,,,,,
149,0.206,0.,0.206,0.,0.,0.,0.008,0.,0.008,0.206,0.,0.206,0.,0.,0.,0.096,0.,0.096,0.001,0.,0.001,0.,0.,0.,0.001,0.,0.001,0.013,0.,0.013,0.012,0.,0.012,0.001,0.,0.001,0.,0.,0.,0.004,0.,0.004,0.002,0.,0.002,0.104,0.,0.104,,,,,,,0.066,0.,0.066,,,,0.05,0.,0.05
159,,,,,,,,,,,,,,,,,,,,,,,,,,,,,,,,,,,,,,,,,,,,,,,,,,,,,,,,,,1.324,0.,1.324,,,
164,0.231,0.003,0.227,0.,0.,0.,0.008,0.,0.008,0.231,0.003,0.227,0.,0.,0.,0.109,0.003,0.105,0.001,0.,0.001,0.,0.,0.,0.001,0.,0.001,0.014,0.,0.014,0.012,0.,0.012,0.001,0.,0.001,0.,0.,0.,0.005,0.,0.005,0.002,0.,0.002,0.118,0.003,0.114,,,,,,,0.077,0.,0.077,,,,0.06,0.,0.06
165,0.202,0.,0.202,0.,0.,0.,0.007,0.,0.007,0.202,0.,0.202,0.,0.,0.,0.087,0.,0.087,0.001,0.,0.001,0.,0.,0.,0.,0.,0.,0.013,0.,0.013,0.011,0.,0.011,0.001,0.,0.001,0.,0.,0.,0.004,0.,0.004,0.002,0.,0.002,0.095,0.,0.095,,,,,,,0.072,0.,0.072,,,,0.057,0.,0.057
179,,,,,,,,,,,,,,,,,,,,,,,,,,,,,,,,,,,,,,,,,,,,,,,,,,,,,,,,,,1.859,0.,1.859,,,
180,,,,,,,,,,,,,,,,,,,,,,,,,,,,,,,,,,,,,,,,,,,,,,,,,,,,,,,,,,1.875,0.,1.875,,,
182,0.212,0.,0.212,0.,0.,0.,0.008,0.,0.008,0.213,0.,0.213,0.,0.,0.,0.091,0.,0.091,0.001,0.,0.001,0.,0.,0.,0.,0.,0.,0.014,0.,0.014,0.011,0.,0.011,0.001,0.,0.001,0.,0.,0.,0.004,0.,0.004,0.002,0.,0.002,0.099,0.,0.099,,,,,,,0.077,0.,0.077,,,,0.062,0.,0.062
192,0.259,0.,0.259,0.,0.,0.,0.016,0.,0.016,0.259,0.,0.259,0.,0.,0.,0.101,0.,0.101,0.001,0.,0.001,0.,0.,0.,0.001,0.,0.001,0.015,0.,0.015,0.027,0.,0.027,0.001,0.,0.001,0.,0.,0.,0.005,0.,0.005,0.002,0.,0.002,0.11,0.,0.11,,,,,,,0.103,0.,0.103,,,,0.071,0.,0.071
198,0.229,0.007,0.221,0.,0.,0.,0.008,0.,0.008,0.229,0.007,0.222,0.,0.,0.,0.096,0.003,0.092,0.001,0.,0.001,0.,0.,0.,0.001,0.,0.001,0.016,0.,0.016,0.011,0.,0.011,0.001,0.,0.001,0.,0.,0.,0.004,0.,0.004,0.002,0.,0.002,0.104,0.003,0.101,,,,,,,0.086,0.003,0.082,,,,0.07,0.003,0.066
199,,,,,,,,,,,,,,,,,,,,,,,,,,,,,,,,,,,,,,,,,,,,,,,,,,,,,,,,,,2.434,0.011,2.422,,,
215,0.233,0.,0.233,0.,0.,0.,0.008,0.,0.008,0.233,0.,0.233,0.,0.,0.,0.094,0.,0.094,0.001,0.,0.001,0.,0.,0.,0.,0.,0.,0.016,0.,0.016,0.012,0.,0.012,0.001,0.,0.001,0.,0.,0.,0.005,0.,0.005,0.002,0.,0.002,0.102,0.,0.102,,,,,,,0.091,0.,0.091,,,,0.075,0.,0.075
219,0.252,0.,0.252,0.,0.,0.,0.01,0.,0.01,0.253,0.,0.253,0.,0.,0.,0.101,0.,0.101,0.001,0.,0.001,0.,0.,0.,0.001,0.,0.001,0.018,0.,0.018,0.013,0.,0.013,0.001,0.,0.001,0.,0.,0.,0.005,0.,0.005,0.002,0.,0.002,0.109,0.,0.109,,,,,,,0.101,0.,0.101,,,,0.083,0.,0.083
225,,,,,,,,,,,,,,,,,,,,,,,,,,,,,,,,,,,,,,,,,,,,,,,,,,,,,,,,,,3.139,0.,3.139,,,
231,0.235,0.,0.235,0.,0.,0.,0.008,0.,0.008,0.236,0.,0.236,0.,0.,0.,0.093,0.,0.093,0.001,0.,0.001,0.,0.,0.,0.,0.,0.,0.017,0.,0.017,0.011,0.,0.011,0.001,0.,0.001,0.,0.,0.,0.004,0.,0.004,0.002,0.,0.002,0.101,0.,0.101,,,,,,,0.094,0.,0.094,,,,0.08,0.,0.08
246,0.267,0.007,0.259,0.,0.,0.,0.008,0.,0.008,0.268,0.007,0.26,0.,0.,0.,0.102,0.003,0.099,0.001,0.,0.001,0.,0.,0.,0.001,0.,0.001,0.019,0.,0.019,0.012,0.,0.012,0.001,0.,0.001,0.,0.,0.,0.005,0.,0.005,0.002,0.,0.002,0.111,0.003,0.107,,,,,,,0.114,0.003,0.11,,,,0.098,0.003,0.094
247,0.247,0.003,0.243,0.,0.,0.,0.008,0.,0.008,0.247,0.003,0.243,0.,0.,0.,0.094,0.,0.094,0.001,0.,0.001,0.,0.,0.,0.001,0.,0.001,0.02,0.,0.02,0.011,0.,0.011,0.001,0.,0.001,0.,0.,0.,0.004,0.,0.004,0.002,0.,0.002,0.102,0.,0.102,,,,,,,0.102,0.003,0.098,,,,0.086,0.003,0.082
264,0.253,0.,0.253,0.,0.,0.,0.011,0.,0.011,0.254,0.,0.254,0.,0.,0.,0.089,0.,0.089,0.001,0.,0.001,0.001,0.,0.001,0.001,0.,0.001,0.021,0.,0.021,0.016,0.,0.016,0.001,0.,0.001,0.,0.,0.,0.004,0.,0.004,0.002,0.,0.002,0.097,0.,0.097,,,,,,,0.109,0.,0.109,,,,0.088,0.,0.088
270,,,,,,,,,,,,,,,,,,,,,,,,,,,,,,,,,,,,,,,,,,,,,,,,,,,,,,,,,,4.691,0.015,4.675,,,
273,0.284,0.008,0.276,0.,0.,0.,0.008,0.,0.008,0.285,0.008,0.277,0.,0.,0.,0.103,0.008,0.094,0.001,0.,0.001,0.,0.,0.,0.001,0.,0.001,0.022,0.,0.022,0.017,0.,0.017,0.001,0.,0.001,0.,0.,0.,0.005,0.,0.005,0.002,0.,0.002,0.111,0.008,0.103,,,,,,,0.128,0.,0.128,,,,0.106,0.,0.106
280,0.26,0.,0.26,0.,0.,0.,0.008,0.,0.008,0.26,0.,0.26,0.,0.,0.,0.092,0.,0.092,0.001,0.,0.001,0.,0.,0.,0.001,0.,0.001,0.022,0.,0.022,0.011,0.,0.011,0.001,0.,0.001,0.,0.,0.,0.004,0.,0.004,0.002,0.,0.002,0.1,0.,0.1,,,,,,,0.114,0.,0.114,,,,0.098,0.,0.098
297,0.276,0.011,0.264,0.,0.,0.,0.008,0.,0.008,0.277,0.011,0.265,0.,0.,0.,0.092,0.003,0.088,0.001,0.,0.001,0.,0.,0.,0.001,0.,0.001,0.022,0.003,0.019,0.011,0.003,0.007,0.001,0.001,0.,0.,0.,0.,0.004,0.,0.004,0.002,0.002,0.,0.101,0.003,0.097,,,,,,,0.13,0.004,0.126,,,,0.114,0.,0.114
301,0.288,0.,0.288,0.,0.,0.,0.012,0.,0.012,0.289,0.,0.289,0.,0.,0.,0.092,0.,0.092,0.001,0.,0.001,0.001,0.,0.001,0.001,0.,0.001,0.028,0.,0.028,0.012,0.,0.012,0.001,0.,0.001,0.,0.,0.,0.005,0.,0.005,0.002,0.,0.002,0.101,0.,0.101,,,,,,,0.133,0.,0.133,,,,0.115,0.,0.115
307,0.411,0.,0.411,0.,0.,0.,0.008,0.,0.008,0.411,0.,0.411,0.,0.,0.,0.174,0.,0.174,0.001,0.,0.001,0.,0.,0.,0.001,0.,0.001,0.023,0.,0.023,0.015,0.,0.015,0.001,0.,0.001,0.,0.,0.,0.004,0.,0.004,0.006,0.,0.006,0.182,0.,0.182,,,,,,,0.179,0.,0.179,,,,0.16,0.,0.16
313,0.29,0.,0.29,0.,0.,0.,0.008,0.,0.008,0.291,0.,0.291,0.,0.,0.,0.098,0.,0.098,0.001,0.,0.001,0.,0.,0.,0.,0.,0.,0.024,0.,0.024,0.022,0.,0.022,0.001,0.,0.001,0.,0.,0.,0.015,0.,0.015,0.002,0.,0.002,0.106,0.,0.106,,,,,,,0.138,0.,0.138,,,,0.111,0.,0.111
315,,,,,,,,,,,,,,,,,,,,,,,,,,,,,,,,,,,,,,,,,,,,,,,,,,,,,,,,,,6.457,0.008,6.449,,,
328,0.296,0.,0.296,0.,0.,0.,0.008,0.,0.008,0.296,0.,0.296,0.,0.,0.,0.093,0.,0.093,0.001,0.,0.001,0.003,0.,0.003,0.001,0.,0.001,0.025,0.,0.025,0.012,0.,0.012,0.001,0.,0.001,0.,0.,0.,0.005,0.,0.005,0.002,0.,0.002,0.102,0.,0.102,,,,,,,0.147,0.,0.147,,,,0.128,0.,0.128
329,0.31,0.003,0.307,0.,0.,0.,0.008,0.,0.008,0.311,0.003,0.307,0.,0.,0.,0.096,0.,0.096,0.001,0.,0.001,0.,0.,0.,0.001,0.,0.001,0.043,0.,0.043,0.011,0.,0.011,0.001,0.,0.001,0.,0.,0.,0.004,0.,0.004,0.002,0.,0.002,0.105,0.,0.105,,,,,,,0.14,0.003,0.136,,,,0.124,0.003,0.12
346,0.317,0.004,0.313,0.,0.,0.,0.008,0.,0.008,0.317,0.004,0.313,0.,0.,0.,0.094,0.003,0.09,0.001,0.,0.001,0.,0.,0.,0.001,0.,0.001,0.026,0.,0.026,0.025,0.,0.025,0.001,0.,0.001,0.,0.,0.,0.004,0.,0.004,0.016,0.,0.016,0.102,0.003,0.098,,,,,,,0.167,0.,0.167,,,,0.138,0.,0.138
355,0.331,0.,0.331,0.,0.,0.,0.008,0.,0.008,0.332,0.,0.332,0.,0.,0.,0.105,0.,0.105,0.001,0.,0.001,0.,0.,0.,0.001,0.,0.001,0.028,0.,0.028,0.012,0.,0.012,0.001,0.,0.001,0.,0.,0.,0.005,0.,0.005,0.002,0.,0.002,0.114,0.,0.114,,,,,,,0.166,0.,0.166,,,,0.149,0.,0.149
360,,,,,,,,,,,,,,,,,,,,,,,,,,,,,,,,,,,,,,,,,,,,,,,,,,,,,,,,,,9.204,0.,9.204,,,
362,0.324,0.,0.324,0.,0.,0.,0.008,0.,0.008,0.324,0.,0.324,0.,0.,0.,0.096,0.,0.096,0.001,0.,0.001,0.,0.,0.,0.001,0.,0.001,0.029,0.,0.029,0.023,0.,0.023,0.001,0.,0.001,0.,0.,0.,0.005,0.,0.005,0.002,0.,0.002,0.104,0.,0.104,,,,,,,0.168,0.,0.168,,,,0.14,0.,0.14
379,0.334,0.003,0.33,0.,0.,0.,0.011,0.,0.011,0.335,0.003,0.331,0.,0.,0.,0.091,0.,0.091,0.001,0.,0.001,0.,0.,0.,0.001,0.,0.001,0.029,0.,0.029,0.017,0.,0.017,0.001,0.,0.001,0.,0.,0.,0.011,0.,0.011,0.002,0.,0.002,0.1,0.,0.1,,,,,,,0.179,0.003,0.175,,,,0.158,0.003,0.154
382,0.346,0.,0.346,0.,0.,0.,0.008,0.,0.008,0.347,0.,0.347,0.,0.,0.,0.099,0.,0.099,0.001,0.,0.001,0.,0.,0.,0.001,0.,0.001,0.03,0.,0.03,0.013,0.,0.013,0.001,0.,0.001,0.,0.,0.,0.005,0.,0.005,0.002,0.,0.002,0.107,0.,0.107,,,,,,,0.186,0.,0.186,,,,0.168,0.,0.168
395,0.329,0.,0.329,0.,0.,0.,0.008,0.,0.008,0.329,0.,0.329,0.,0.,0.,0.099,0.,0.099,0.001,0.,0.001,0.,0.,0.,0.001,0.,0.001,0.03,0.,0.03,0.011,0.,0.011,0.001,0.,0.001,0.,0.,0.,0.004,0.,0.004,0.002,0.,0.002,0.107,0.,0.107,,,,,,,0.169,0.,0.169,,,,0.153,0.,0.153
410,0.369,0.,0.369,0.,0.,0.,0.008,0.,0.008,0.369,0.,0.369,0.,0.,0.,0.104,0.,0.104,0.001,0.,0.001,0.,0.,0.,0.001,0.,0.001,0.032,0.,0.032,0.025,0.,0.025,0.001,0.,0.001,0.,0.,0.,0.017,0.,0.017,0.002,0.,0.002,0.112,0.,0.112,,,,,,,0.201,0.,0.201,,,,0.172,0.,0.172
412,0.323,0.016,0.307,0.,0.,0.,0.008,0.,0.008,0.323,0.016,0.307,0.,0.,0.,0.089,0.003,0.086,0.001,0.,0.001,0.,0.,0.,0.001,0.,0.001,0.032,0.,0.032,0.012,0.004,0.007,0.001,0.,0.001,0.,0.,0.,0.004,0.001,0.003,0.002,0.002,0.,0.098,0.003,0.094,,,,,,,0.171,0.012,0.159,,,,0.154,0.007,0.146
428,0.34,0.008,0.332,0.,0.,0.,0.008,0.,0.008,0.341,0.008,0.333,0.,0.,0.,0.094,0.,0.094,0.001,0.,0.001,0.,0.,0.,0.001,0.,0.001,0.041,0.,0.041,0.012,0.,0.012,0.001,0.,0.001,0.,0.,0.,0.005,0.,0.005,0.002,0.,0.002,0.103,0.,0.103,,,,,,,0.174,0.008,0.166,,,,0.157,0.007,0.149
437,0.404,0.,0.404,0.,0.,0.,0.008,0.,0.008,0.404,0.,0.404,0.,0.,0.,0.098,0.,0.098,0.001,0.,0.001,0.,0.,0.,0.001,0.,0.001,0.035,0.,0.035,0.012,0.,0.012,0.001,0.,0.001,0.,0.,0.,0.005,0.,0.005,0.002,0.,0.002,0.107,0.,0.107,,,,,,,0.239,0.,0.239,,,,0.222,0.,0.222
444,0.343,0.,0.342,0.,0.,0.,0.008,0.,0.008,0.343,0.,0.343,0.,0.,0.,0.095,0.,0.095,0.001,0.,0.001,0.,0.,0.,0.001,0.,0.001,0.042,0.,0.041,0.012,0.,0.011,0.001,0.,0.001,0.,0.,0.,0.004,0.,0.004,0.002,0.,0.002,0.104,0.,0.104,,,,,,,0.174,0.,0.174,,,,0.158,0.,0.158
461,0.355,0.,0.355,0.,0.,0.,0.008,0.,0.008,0.356,0.,0.356,0.,0.,0.,0.094,0.,0.094,0.001,0.,0.001,0.,0.,0.,0.001,0.,0.001,0.036,0.,0.036,0.012,0.,0.012,0.001,0.,0.001,0.,0.,0.,0.005,0.,0.005,0.002,0.,0.002,0.102,0.,0.102,,,,,,,0.194,0.,0.194,,,,0.177,0.,0.177
464,0.42,0.007,0.412,0.,0.,0.,0.008,0.,0.008,0.42,0.007,0.412,0.,0.,0.,0.097,0.003,0.093,0.001,0.,0.001,0.001,0.,0.001,0.001,0.,0.001,0.036,0.,0.036,0.012,0.,0.012,0.001,0.,0.001,0.,0.,0.,0.005,0.,0.005,0.002,0.,0.002,0.106,0.003,0.102,,,,,,,0.255,0.003,0.251,,,,0.238,0.003,0.234
477,0.352,0.,0.352,0.,0.,0.,0.008,0.,0.008,0.352,0.,0.352,0.,0.,0.,0.088,0.,0.088,0.001,0.,0.001,0.,0.,0.,0.001,0.,0.001,0.037,0.,0.037,0.011,0.,0.011,0.001,0.,0.001,0.,0.,0.,0.004,0.,0.004,0.002,0.,0.002,0.096,0.,0.096,,,,,,,0.196,0.,0.196,,,,0.18,0.,0.18
491,0.445,0.007,0.437,0.,0.,0.,0.008,0.,0.008,0.445,0.007,0.437,0.,0.,0.,0.096,0.,0.096,0.001,0.,0.001,0.,0.,0.,0.001,0.,0.001,0.04,0.,0.04,0.021,0.,0.021,0.001,0.,0.001,0.,0.,0.,0.005,0.,0.005,0.011,0.,0.011,0.104,0.,0.104,,,,,,,0.278,0.007,0.27,,,,0.252,0.007,0.244
494,0.36,0.,0.36,0.,0.,0.,0.008,0.,0.008,0.36,0.,0.36,0.,0.,0.,0.091,0.,0.091,0.001,0.,0.001,0.,0.,0.,0.001,0.,0.001,0.041,0.,0.041,0.011,0.,0.011,0.001,0.,0.001,0.,0.,0.,0.004,0.,0.004,0.002,0.,0.002,0.1,0.,0.1,,,,,,,0.197,0.,0.197,,,,0.181,0.,0.181
510,0.437,0.003,0.433,0.,0.,0.,0.008,0.,0.008,0.437,0.003,0.433,0.,0.,0.,0.096,0.,0.096,0.001,0.,0.001,0.001,0.,0.001,0.001,0.001,0.,0.04,0.001,0.038,0.022,0.,0.022,0.01,0.,0.01,0.,0.,0.,0.005,0.,0.005,0.003,0.,0.003,0.104,0.,0.104,,,,,,,0.269,0.001,0.268,,,,0.242,0.,0.242
518,0.437,0.004,0.433,0.,0.,0.,0.011,0.,0.011,0.438,0.004,0.434,0.,0.,0.,0.091,0.,0.091,0.001,0.,0.001,0.,0.,0.,0.002,0.,0.002,0.055,0.003,0.051,0.012,0.,0.012,0.001,0.,0.001,0.,0.,0.,0.005,0.,0.005,0.002,0.,0.002,0.1,0.,0.1,,,,,,,0.257,0.,0.257,,,,0.24,0.,0.24
527,0.437,0.,0.437,0.,0.,0.,0.008,0.,0.008,0.437,0.,0.437,0.,0.,0.,0.094,0.,0.094,0.009,0.,0.009,0.,0.,0.,0.001,0.,0.001,0.041,0.,0.041,0.012,0.,0.012,0.001,0.,0.001,0.,0.,0.,0.004,0.,0.004,0.003,0.,0.003,0.103,0.,0.103,,,,,,,0.27,0.,0.27,,,,0.245,0.,0.245
543,0.416,0.011,0.404,0.,0.,0.,0.007,0.,0.007,0.416,0.011,0.404,0.,0.,0.,0.096,0.,0.096,0.001,0.,0.001,0.,0.,0.,0.001,0.,0.001,0.043,0.,0.043,0.011,0.,0.011,0.001,0.,0.001,0.,0.,0.,0.004,0.,0.004,0.002,0.,0.002,0.105,0.,0.105,,,,,,,0.245,0.011,0.233,,,,0.23,0.011,0.218
546,0.426,0.011,0.414,0.,0.,0.,0.008,0.,0.008,0.426,0.011,0.414,0.,0.,0.,0.09,0.,0.09,0.001,0.,0.001,0.,0.,0.,0.001,0.,0.001,0.045,0.,0.045,0.017,0.,0.017,0.001,0.,0.001,0.,0.,0.,0.009,0.,0.009,0.002,0.,0.002,0.099,0.,0.099,,,,,,,0.26,0.011,0.248,,,,0.238,0.011,0.226
573,0.466,0.004,0.462,0.,0.,0.,0.008,0.,0.008,0.466,0.004,0.462,0.,0.,0.,0.097,0.,0.097,0.001,0.,0.001,0.,0.,0.,0.001,0.,0.001,0.048,0.,0.048,0.012,0.,0.012,0.001,0.,0.001,0.,0.,0.,0.004,0.,0.004,0.002,0.,0.002,0.106,0.,0.106,,,,,,,0.29,0.004,0.286,,,,0.273,0.004,0.269
582,0.45,0.011,0.438,0.,0.,0.,0.01,0.,0.01,0.45,0.011,0.438,0.,0.,0.,0.095,0.,0.095,0.001,0.001,0.,0.,0.,0.,0.002,0.,0.002,0.059,0.003,0.055,0.019,0.002,0.016,0.001,0.001,0.,0.,0.,0.,0.005,0.,0.005,0.002,0.001,0.001,0.104,0.,0.104,,,,,,,0.263,0.007,0.255,,,,0.239,0.003,0.235
600,0.475,0.007,0.467,0.,0.,0.,0.008,0.,0.008,0.475,0.007,0.467,0.,0.,0.,0.093,0.,0.093,0.001,0.,0.001,0.,0.,0.,0.002,0.,0.002,0.051,0.,0.051,0.012,0.,0.012,0.001,0.,0.001,0.,0.,0.,0.005,0.,0.005,0.002,0.,0.002,0.101,0.,0.101,,,,,,,0.3,0.007,0.292,,,,0.283,0.007,0.275
614,0.502,0.003,0.498,0.,0.,0.,0.007,0.,0.007,0.502,0.003,0.498,0.,0.,0.,0.096,0.,0.096,0.001,0.,0.001,0.,0.,0.,0.002,0.,0.002,0.055,0.,0.055,0.021,0.,0.021,0.001,0.,0.001,0.,0.,0.,0.004,0.,0.004,0.002,0.,0.002,0.105,0.,0.105,,,,,,,0.32,0.003,0.316,,,,0.294,0.003,0.29
620,0.449,0.004,0.445,0.,0.,0.,0.008,0.,0.008,0.45,0.004,0.446,0.,0.,0.,0.087,0.,0.087,0.001,0.,0.001,0.,0.,0.,0.002,0.,0.002,0.053,0.,0.053,0.021,0.,0.021,0.001,0.,0.001,0.,0.,0.,0.014,0.,0.014,0.002,0.,0.002,0.095,0.,0.095,,,,,,,0.279,0.004,0.275,,,,0.253,0.003,0.249
627,0.494,0.,0.494,0.,0.,0.,0.01,0.,0.01,0.495,0.,0.495,0.,0.,0.,0.09,0.,0.09,0.001,0.,0.001,0.,0.,0.,0.001,0.,0.001,0.052,0.,0.052,0.012,0.,0.012,0.001,0.,0.001,0.,0.,0.,0.005,0.,0.005,0.002,0.,0.002,0.099,0.,0.099,,,,,,,0.318,0.,0.318,,,,0.301,0.,0.301
655,0.579,0.,0.579,0.,0.,0.,0.008,0.,0.008,0.579,0.,0.579,0.,0.,0.,0.097,0.,0.097,0.001,0.,0.001,0.,0.,0.,0.002,0.,0.002,0.057,0.,0.057,0.012,0.,0.012,0.001,0.,0.001,0.,0.,0.,0.004,0.,0.004,0.002,0.,0.002,0.105,0.,0.105,,,,,,,0.395,0.,0.395,,,,0.377,0.,0.377
659,0.471,0.007,0.463,0.,0.,0.,0.008,0.,0.008,0.471,0.007,0.463,0.,0.,0.,0.089,0.,0.089,0.001,0.,0.001,0.,0.,0.,0.002,0.,0.002,0.059,0.,0.059,0.011,0.,0.011,0.001,0.,0.001,0.,0.,0.,0.004,0.,0.004,0.002,0.,0.002,0.097,0.,0.097,,,,,,,0.292,0.007,0.284,,,,0.275,0.007,0.268
682,0.6,0.,0.6,0.,0.,0.,0.01,0.,0.01,0.6,0.,0.6,0.,0.,0.,0.094,0.,0.094,0.001,0.,0.001,0.,0.,0.,0.002,0.,0.002,0.061,0.,0.061,0.012,0.,0.012,0.001,0.,0.001,0.,0.,0.,0.005,0.,0.005,0.002,0.,0.002,0.103,0.,0.103,,,,,,,0.411,0.,0.411,,,,0.394,0.,0.394
698,0.503,0.007,0.495,0.001,0.,0.001,0.008,0.,0.008,0.504,0.007,0.496,0.,0.,0.,0.088,0.,0.088,0.001,0.,0.001,0.,0.,0.,0.002,0.,0.002,0.074,0.,0.074,0.016,0.,0.016,0.001,0.,0.001,0.,0.,0.,0.009,0.,0.009,0.002,0.,0.002,0.097,0.,0.097,,,,,,,0.309,0.007,0.301,,,,0.288,0.007,0.28
709,0.565,0.,0.565,0.,0.,0.,0.008,0.,0.008,0.565,0.,0.565,0.,0.,0.,0.097,0.,0.097,0.001,0.,0.001,0.,0.,0.,0.002,0.,0.002,0.064,0.,0.064,0.012,0.,0.012,0.001,0.,0.001,0.,0.,0.,0.005,0.,0.005,0.002,0.,0.002,0.105,0.,0.105,,,,,,,0.372,0.,0.372,,,,0.354,0.,0.354
736,0.598,0.003,0.594,0.,0.,0.,0.008,0.,0.008,0.598,0.003,0.594,0.,0.,0.,0.093,0.,0.093,0.001,0.,0.001,0.,0.,0.,0.002,0.,0.002,0.082,0.,0.082,0.012,0.,0.012,0.001,0.,0.001,0.,0.,0.,0.005,0.,0.005,0.002,0.,0.002,0.102,0.,0.102,,,,,,,0.391,0.003,0.387,,,,0.374,0.003,0.37
737,0.521,0.,0.521,0.,0.,0.,0.009,0.,0.009,0.522,0.,0.522,0.,0.,0.,0.093,0.,0.093,0.001,0.,0.001,0.,0.,0.,0.002,0.,0.002,0.069,0.,0.069,0.011,0.,0.011,0.001,0.,0.001,0.,0.,0.,0.004,0.,0.004,0.002,0.,0.002,0.102,0.,0.102,,,,,,,0.327,0.,0.327,,,,0.31,0.,0.31
764,0.587,0.003,0.583,0.,0.,0.,0.008,0.,0.008,0.588,0.003,0.584,0.,0.,0.,0.094,0.,0.094,0.001,0.,0.001,0.,0.,0.,0.002,0.,0.002,0.072,0.,0.072,0.015,0.,0.015,0.004,0.,0.004,0.,0.,0.,0.004,0.,0.004,0.002,0.,0.002,0.103,0.,0.103,,,,,,,0.39,0.003,0.386,,,,0.37,0.003,0.366
775,0.634,0.,0.633,0.,0.,0.,0.008,0.,0.008,0.634,0.,0.634,0.,0.,0.,0.095,0.,0.095,0.001,0.,0.001,0.,0.,0.,0.002,0.,0.002,0.101,0.,0.101,0.012,0.,0.012,0.001,0.,0.001,0.,0.,0.,0.005,0.,0.005,0.002,0.,0.002,0.104,0.,0.104,,,,,,,0.406,0.,0.406,,,,0.39,0.,0.39
791,0.638,0.,0.638,0.,0.,0.,0.008,0.,0.008,0.639,0.,0.639,0.,0.,0.,0.097,0.,0.097,0.001,0.,0.001,0.,0.,0.,0.002,0.,0.002,0.086,0.,0.086,0.015,0.,0.015,0.004,0.,0.004,0.,0.,0.,0.005,0.,0.005,0.002,0.,0.002,0.105,0.,0.105,,,,,,,0.424,0.,0.424,,,,0.403,0.,0.403
814,0.635,0.,0.635,0.,0.,0.,0.008,0.,0.008,0.635,0.,0.635,0.,0.,0.,0.094,0.,0.094,0.001,0.,0.001,0.,0.,0.,0.002,0.,0.002,0.092,0.,0.092,0.012,0.,0.012,0.001,0.,0.001,0.,0.,0.,0.004,0.,0.004,0.002,0.,0.002,0.103,0.,0.102,,,,,,,0.417,0.,0.417,,,,0.4,0.,0.4
818,0.748,0.,0.748,0.,0.,0.,0.008,0.,0.008,0.748,0.,0.748,0.,0.,0.,0.1,0.,0.1,0.001,0.,0.001,0.,0.,0.,0.002,0.,0.002,0.087,0.,0.087,0.013,0.,0.013,0.001,0.,0.001,0.,0.,0.,0.005,0.,0.005,0.002,0.,0.002,0.109,0.,0.109,,,,,,,0.53,0.,0.53,,,,0.511,0.,0.511
845,0.711,0.,0.711,0.,0.,0.,0.008,0.,0.008,0.712,0.,0.712,0.,0.,0.,0.103,0.,0.103,0.001,0.,0.001,0.,0.,0.,0.002,0.,0.002,0.086,0.,0.086,0.012,0.,0.012,0.001,0.,0.001,0.,0.,0.,0.005,0.,0.005,0.002,0.,0.002,0.112,0.,0.112,,,,,,,0.491,0.,0.491,,,,0.473,0.,0.473
853,0.624,0.,0.624,0.,0.,0.,0.008,0.,0.008,0.625,0.,0.625,0.,0.,0.,0.091,0.,0.091,0.001,0.,0.001,0.,0.,0.,0.002,0.,0.002,0.101,0.,0.101,0.011,0.,0.011,0.001,0.,0.001,0.,0.,0.,0.004,0.,0.004,0.002,0.,0.002,0.099,0.,0.099,,,,,,,0.401,0.,0.401,,,,0.384,0.,0.384
873,0.7,0.,0.7,0.,0.,0.,0.009,0.,0.009,0.701,0.,0.701,0.,0.,0.,0.088,0.,0.088,0.001,0.,0.001,0.,0.,0.,0.002,0.,0.002,0.1,0.,0.1,0.016,0.,0.016,0.001,0.,0.001,0.,0.,0.,0.005,0.,0.004,0.002,0.,0.002,0.097,0.,0.097,,,,,,,0.479,0.,0.479,,,,0.458,0.,0.458
891,0.653,0.,0.653,0.,0.,0.,0.008,0.,0.008,0.654,0.,0.654,0.,0.,0.,0.094,0.,0.094,0.001,0.,0.001,0.,0.,0.,0.002,0.,0.002,0.104,0.,0.104,0.015,0.,0.015,0.001,0.,0.001,0.,0.,0.,0.008,0.,0.008,0.002,0.,0.002,0.102,0.,0.102,,,,,,,0.425,0.,0.425,,,,0.404,0.,0.404
900,0.724,0.,0.724,0.,0.,0.,0.008,0.,0.008,0.724,0.,0.724,0.,0.,0.,0.098,0.,0.098,0.001,0.,0.001,0.,0.,0.,0.002,0.,0.002,0.098,0.,0.098,0.012,0.,0.012,0.001,0.,0.001,0.,0.,0.,0.005,0.,0.005,0.002,0.,0.002,0.107,0.,0.107,,,,,,,0.496,0.,0.496,,,,0.478,0.,0.478
920,0.763,0.003,0.759,0.,0.,0.,0.008,0.,0.008,0.764,0.003,0.76,0.,0.,0.,0.094,0.,0.094,0.001,0.,0.001,0.,0.,0.,0.002,0.,0.002,0.11,0.,0.11,0.012,0.,0.012,0.001,0.,0.001,0.,0.,0.,0.004,0.,0.004,0.002,0.,0.002,0.102,0.,0.102,,,,,,,0.528,0.003,0.524,,,,0.511,0.003,0.507
927,0.804,0.,0.804,0.,0.,0.,0.008,0.,0.008,0.804,0.,0.804,0.,0.,0.,0.098,0.,0.098,0.001,0.,0.001,0.,0.,0.,0.002,0.,0.002,0.116,0.,0.116,0.012,0.,0.012,0.001,0.,0.001,0.,0.,0.,0.005,0.,0.005,0.002,0.,0.002,0.106,0.,0.106,,,,,,,0.558,0.,0.558,,,,0.54,0.,0.54
930,0.754,0.,0.754,0.,0.,0.,0.008,0.,0.008,0.754,0.,0.754,0.,0.,0.,0.094,0.,0.094,0.001,0.,0.001,0.,0.,0.,0.002,0.,0.002,0.11,0.,0.11,0.011,0.,0.011,0.001,0.,0.001,0.,0.,0.,0.004,0.,0.004,0.002,0.,0.002,0.102,0.,0.102,,,,,,,0.519,0.,0.519,,,,0.502,0.,0.502
954,0.884,0.,0.884,0.,0.,0.,0.008,0.,0.008,0.884,0.,0.884,0.,0.,0.,0.097,0.,0.097,0.001,0.,0.001,0.,0.,0.,0.002,0.,0.002,0.124,0.,0.124,0.021,0.,0.021,0.001,0.,0.001,0.,0.,0.,0.005,0.,0.005,0.011,0.,0.011,0.105,0.,0.105,,,,,,,0.632,0.,0.632,,,,0.606,0.,0.606
969,0.757,0.011,0.745,0.,0.,0.,0.008,0.,0.008,0.758,0.011,0.746,0.,0.,0.,0.105,0.,0.105,0.001,0.,0.001,0.,0.,0.,0.002,0.,0.002,0.112,0.,0.112,0.011,0.,0.011,0.001,0.,0.001,0.,0.,0.,0.004,0.,0.004,0.002,0.,0.002,0.113,0.,0.113,,,,,,,0.509,0.011,0.497,,,,0.492,0.011,0.481
981,0.819,0.003,0.815,0.,0.,0.,0.008,0.,0.008,0.819,0.003,0.815,0.,0.,0.,0.097,0.,0.097,0.001,0.,0.001,0.,0.,0.,0.002,0.,0.002,0.132,0.,0.132,0.012,0.,0.012,0.001,0.,0.001,0.,0.,0.,0.005,0.,0.005,0.002,0.,0.002,0.106,0.,0.106,,,,,,,0.558,0.003,0.554,,,,0.54,0.003,0.537
1008,0.756,0.011,0.744,0.,0.,0.,0.009,0.,0.009,0.756,0.011,0.744,0.,0.,0.,0.088,0.,0.088,0.001,0.,0.001,0.,0.,0.,0.002,0.,0.002,0.132,0.,0.132,0.011,0.,0.011,0.001,0.,0.001,0.,0.,0.,0.004,0.,0.004,0.002,0.,0.002,0.097,0.,0.097,,,,,,,0.504,0.011,0.492,,,,0.486,0.011,0.474
1009,0.902,0.008,0.894,0.,0.,0.,0.008,0.,0.008,0.903,0.008,0.895,0.,0.,0.,0.096,0.,0.096,0.001,0.,0.001,0.,0.,0.,0.003,0.,0.003,0.145,0.,0.145,0.012,0.,0.012,0.001,0.,0.001,0.,0.,0.,0.004,0.,0.004,0.002,0.,0.002,0.105,0.,0.105,,,,,,,0.629,0.007,0.621,,,,0.612,0.007,0.604
1036,0.973,0.,0.973,0.,0.,0.,0.009,0.,0.009,0.974,0.,0.974,0.,0.,0.,0.092,0.,0.092,0.001,0.,0.001,0.,0.,0.,0.002,0.,0.002,0.176,0.,0.176,0.012,0.,0.012,0.001,0.,0.001,0.,0.,0.,0.005,0.,0.005,0.002,0.,0.002,0.101,0.,0.101,,,,,,,0.672,0.,0.672,,,,0.655,0.,0.655
1046,0.788,0.,0.788,0.,0.,0.,0.008,0.,0.008,0.788,0.,0.788,0.,0.,0.,0.094,0.,0.094,0.001,0.,0.001,0.,0.,0.,0.002,0.,0.002,0.154,0.,0.154,0.011,0.,0.011,0.001,0.,0.001,0.,0.,0.,0.004,0.,0.004,0.002,0.,0.002,0.102,0.,0.102,,,,,,,0.509,0.,0.509,,,,0.493,0.,0.492
1063,0.93,0.,0.93,0.,0.,0.,0.009,0.,0.009,0.93,0.,0.93,0.,0.,0.,0.09,0.,0.09,0.001,0.,0.001,0.,0.,0.,0.003,0.,0.003,0.136,0.,0.136,0.012,0.,0.012,0.001,0.,0.001,0.,0.,0.,0.005,0.,0.005,0.002,0.,0.002,0.098,0.,0.098,,,,,,,0.671,0.,0.671,,,,0.653,0.,0.653
1085,0.948,0.,0.948,0.,0.,0.,0.008,0.,0.008,0.948,0.,0.948,0.,0.,0.,0.094,0.,0.094,0.001,0.,0.001,0.,0.,0.,0.003,0.,0.003,0.162,0.,0.162,0.011,0.,0.011,0.001,0.,0.001,0.,0.,0.,0.004,0.,0.004,0.002,0.,0.002,0.102,0.,0.102,,,,,,,0.661,0.,0.661,,,,0.644,0.,0.644
1090,0.947,0.,0.947,0.,0.,0.,0.008,0.,0.008,0.947,0.,0.947,0.,0.,0.,0.098,0.,0.098,0.001,0.,0.001,0.,0.,0.,0.003,0.,0.003,0.15,0.,0.15,0.012,0.,0.012,0.001,0.,0.001,0.,0.,0.,0.005,0.,0.004,0.002,0.,0.002,0.106,0.,0.106,,,,,,,0.668,0.,0.668,,,,0.65,0.,0.65
1118,1.005,0.,1.005,0.,0.,0.,0.008,0.,0.008,1.006,0.,1.006,0.,0.,0.,0.102,0.,0.102,0.001,0.,0.001,0.,0.,0.,0.003,0.,0.003,0.165,0.,0.165,0.012,0.,0.012,0.001,0.,0.001,0.,0.,0.,0.004,0.,0.004,0.002,0.,0.002,0.111,0.,0.111,,,,,,,0.707,0.,0.707,,,,0.689,0.,0.689
1145,1.128,0.,1.128,0.,0.,0.,0.008,0.,0.008,1.129,0.,1.129,0.,0.,0.,0.097,0.,0.097,0.001,0.,0.001,0.001,0.,0.001,0.003,0.,0.003,0.16,0.,0.16,0.024,0.,0.024,0.001,0.,0.001,0.,0.,0.,0.005,0.,0.005,0.014,0.,0.014,0.106,0.,0.106,,,,,,,0.84,0.,0.84,,,,0.809,0.,0.809
1172,1.08,0.,1.08,0.,0.,0.,0.008,0.,0.008,1.082,0.,1.08,0.,0.,0.,0.098,0.,0.098,0.001,0.,0.001,0.,0.,0.,0.003,0.,0.003,0.198,0.,0.198,0.012,0.,0.012,0.001,0.,0.001,0.,0.,0.,0.005,0.,0.005,0.002,0.,0.002,0.106,0.,0.106,,,,,,,0.752,0.,0.752,,,,0.733,0.,0.733
1199,1.169,0.,1.169,0.,0.,0.,0.008,0.,0.008,1.169,0.,1.169,0.,0.,0.,0.099,0.,0.099,0.001,0.,0.001,0.,0.,0.,0.003,0.,0.003,0.17,0.,0.17,0.015,0.,0.015,0.001,0.,0.001,0.,0.,0.,0.005,0.,0.005,0.006,0.,0.006,0.108,0.,0.108,,,,,,,0.868,0.,0.868,,,,0.846,0.,0.846
1205,0.909,0.003,0.905,0.,0.,0.,0.008,0.,0.008,0.909,0.003,0.905,0.,0.,0.,0.093,0.,0.093,0.001,0.,0.001,0.,0.,0.,0.003,0.,0.003,0.177,0.,0.177,0.011,0.,0.011,0.001,0.,0.001,0.,0.,0.,0.004,0.,0.004,0.002,0.,0.002,0.101,0.,0.101,,,,,,,0.609,0.,0.609,,,,0.591,0.,0.591
1227,1.277,0.015,1.261,0.,0.,0.,0.008,0.,0.008,1.277,0.015,1.261,0.,0.,0.,0.096,0.,0.096,0.001,0.,0.001,0.,0.,0.,0.003,0.,0.003,0.189,0.003,0.185,0.012,0.,0.012,0.001,0.,0.001,0.,0.,0.,0.005,0.,0.005,0.002,0.,0.002,0.105,0.,0.105,,,,,,,0.96,0.011,0.948,,,,0.942,0.011,0.93
1254,1.215,0.015,1.199,0.,0.,0.,0.008,0.,0.008,1.216,0.015,1.2,0.,0.,0.,0.112,0.,0.112,0.001,0.,0.001,0.,0.,0.,0.003,0.,0.003,0.214,0.,0.214,0.012,0.,0.012,0.001,0.,0.001,0.,0.,0.,0.004,0.,0.004,0.002,0.,0.002,0.121,0.,0.121,,,,,,,0.858,0.015,0.842,,,,0.839,0.015,0.823
1281,1.23,0.007,1.222,0.,0.,0.,0.008,0.003,0.004,1.231,0.007,1.223,0.,0.,0.,0.095,0.,0.095,0.001,0.,0.001,0.,0.,0.,0.003,0.,0.003,0.24,0.,0.24,0.015,0.,0.015,0.001,0.,0.001,0.,0.,0.,0.008,0.,0.008,0.002,0.,0.002,0.104,0.,0.104,,,,,,,0.863,0.004,0.859,,,,0.842,0.003,0.838
1308,1.352,0.,1.352,0.,0.,0.,0.008,0.,0.008,1.353,0.,1.353,0.,0.,0.,0.096,0.,0.096,0.004,0.,0.004,0.,0.,0.,0.003,0.,0.003,0.217,0.,0.217,0.013,0.,0.013,0.001,0.,0.001,0.,0.,0.,0.005,0.,0.005,0.002,0.,0.002,0.105,0.,0.105,,,,,,,1.008,0.,1.008,,,,0.985,0.,0.985
1326,1.14,0.,1.14,0.,0.,0.,0.008,0.,0.008,1.141,0.,1.141,0.,0.,0.,0.091,0.,0.091,0.001,0.,0.001,0.,0.,0.,0.003,0.,0.003,0.236,0.,0.236,0.014,0.,0.014,0.001,0.,0.001,0.,0.,0.,0.004,0.,0.004,0.002,0.,0.002,0.099,0.,0.099,,,,,,,0.782,0.,0.782,,,,0.762,0.,0.762
1336,1.275,0.,1.275,0.,0.,0.,0.008,0.,0.008,1.275,0.,1.275,0.,0.,0.,0.1,0.,0.1,0.001,0.,0.001,0.001,0.,0.001,0.004,0.,0.004,0.248,0.,0.248,0.012,0.,0.012,0.001,0.,0.001,0.,0.,0.,0.005,0.,0.005,0.002,0.,0.002,0.109,0.,0.109,,,,,,,0.895,0.,0.895,,,,0.875,0.,0.875
1363,1.388,0.,1.388,0.,0.,0.,0.008,0.,0.008,1.388,0.,1.388,0.,0.,0.,0.098,0.,0.098,0.001,0.,0.001,0.001,0.,0.001,0.003,0.,0.003,0.232,0.,0.232,0.012,0.,0.012,0.001,0.,0.001,0.,0.,0.,0.005,0.,0.004,0.002,0.,0.002,0.106,0.,0.106,,,,,,,1.027,0.,1.027,,,,1.008,0.,1.008
1390,1.369,0.,1.369,0.,0.,0.,0.008,0.,0.008,1.369,0.,1.369,0.,0.,0.,0.121,0.,0.121,0.001,0.,0.001,0.,0.,0.,0.004,0.,0.004,0.272,0.,0.272,0.012,0.,0.012,0.001,0.,0.001,0.,0.,0.,0.005,0.,0.005,0.002,0.,0.002,0.13,0.,0.13,,,,,,,0.944,0.,0.944,,,,0.925,0.,0.925
1446,1.219,0.,1.219,0.,0.,0.,0.008,0.,0.008,1.219,0.,1.219,0.,0.,0.,0.112,0.,0.112,0.001,0.,0.001,0.,0.,0.,0.004,0.,0.004,0.268,0.,0.268,0.013,0.,0.013,0.003,0.,0.003,0.,0.,0.,0.004,0.,0.004,0.002,0.,0.002,0.121,0.,0.121,,,,,,,0.807,0.,0.807,,,,0.787,0.,0.787
1472,1.531,0.,1.531,0.,0.,0.,0.009,0.,0.009,1.532,0.,1.532,0.,0.,0.,0.09,0.,0.09,0.001,0.,0.001,0.,0.,0.,0.004,0.,0.004,0.315,0.,0.314,0.016,0.,0.016,0.001,0.,0.001,0.,0.,0.,0.005,0.,0.005,0.002,0.,0.002,0.099,0.,0.099,,,,,,,1.094,0.,1.094,,,,1.071,0.,1.071
1533,1.628,0.004,1.624,0.,0.,0.,0.008,0.,0.008,1.628,0.004,1.624,0.,0.,0.,0.099,0.,0.099,0.001,0.,0.001,0.,0.,0.,0.004,0.,0.004,0.338,0.,0.338,0.012,0.,0.012,0.001,0.,0.001,0.,0.,0.,0.005,0.,0.005,0.002,0.,0.002,0.108,0.,0.108,,,,,,,1.158,0.003,1.154,,,,1.139,0.003,1.135
1553,1.726,0.,1.726,0.,0.,0.,0.008,0.,0.008,1.727,0.,1.727,0.,0.,0.,0.096,0.,0.096,0.001,0.,0.001,0.,0.,0.,0.004,0.,0.004,0.365,0.,0.365,0.012,0.,0.012,0.001,0.,0.001,0.,0.,0.,0.005,0.,0.005,0.002,0.,0.002,0.105,0.,0.105,,,,,,,1.233,0.,1.233,,,,1.213,0.,1.213
1567,1.535,0.,1.535,0.,0.,0.,0.007,0.,0.007,1.535,0.,1.535,0.,0.,0.,0.089,0.,0.089,0.001,0.,0.001,0.,0.,0.,0.004,0.,0.004,0.371,0.,0.371,0.013,0.,0.013,0.001,0.,0.001,0.,0.,0.,0.004,0.,0.004,0.004,0.,0.004,0.097,0.,0.097,,,,,,,1.044,0.,1.044,,,,1.024,0.,1.024
1635,1.788,0.004,1.784,0.,0.,0.,0.008,0.,0.008,1.788,0.004,1.784,0.,0.,0.,0.1,0.,0.1,0.001,0.001,0.,0.,0.,0.,0.004,0.,0.004,0.357,0.,0.357,0.012,0.002,0.009,0.001,0.001,0.,0.,0.,0.,0.005,0.,0.004,0.002,0.001,0.001,0.109,0.,0.109,,,,,,,1.299,0.003,1.295,,,,1.279,0.,1.279
1687,1.604,0.,1.604,0.,0.,0.,0.008,0.,0.008,1.604,0.,1.604,0.,0.,0.,0.092,0.,0.092,0.001,0.,0.001,0.,0.,0.,0.004,0.,0.004,0.43,0.,0.43,0.014,0.,0.014,0.001,0.,0.001,0.,0.,0.,0.007,0.,0.007,0.002,0.,0.002,0.1,0.,0.1,,,,,,,1.051,0.,1.051,,,,1.03,0.,1.03
1717,2.12,0.035,2.084,0.,0.,0.,0.025,0.,0.025,2.12,0.035,2.084,0.,0.,0.,0.098,0.,0.098,0.001,0.,0.001,0.,0.,0.,0.004,0.,0.004,0.467,0.,0.467,0.012,0.,0.012,0.001,0.,0.001,0.,0.,0.,0.005,0.,0.005,0.002,0.,0.002,0.106,0.,0.106,,,,,,,1.506,0.035,1.47,,,,1.486,0.035,1.45
1799,2.192,0.,2.192,0.,0.,0.,0.008,0.,0.008,2.192,0.,2.192,0.,0.,0.,0.093,0.,0.093,0.001,0.,0.001,0.001,0.,0.001,0.004,0.,0.004,0.493,0.,0.493,0.012,0.,0.012,0.001,0.,0.001,0.,0.,0.,0.005,0.,0.005,0.002,0.,0.002,0.101,0.,0.101,,,,,,,1.574,0.,1.574,,,,1.554,0.,1.554
1808,1.783,0.031,1.751,0.,0.,0.,0.008,0.,0.008,1.783,0.031,1.751,0.,0.,0.,0.089,0.,0.089,0.009,0.,0.009,0.,0.,0.,0.004,0.,0.004,0.431,0.,0.431,0.011,0.,0.011,0.001,0.,0.001,0.,0.,0.,0.004,0.,0.004,0.002,0.,0.002,0.098,0.,0.098,,,,,,,1.232,0.031,1.2,,,,1.205,0.031,1.173
1880,2.193,0.,2.193,0.,0.,0.,0.009,0.,0.009,2.193,0.,2.193,0.,0.,0.,0.092,0.,0.092,0.001,0.,0.001,0.,0.,0.,0.005,0.,0.005,0.5,0.,0.5,0.016,0.,0.016,0.001,0.,0.001,0.,0.,0.,0.005,0.,0.005,0.002,0.,0.002,0.1,0.,0.1,,,,,,,1.569,0.,1.569,,,,1.544,0.,1.544
1928,2.061,0.031,2.029,0.,0.,0.,0.007,0.,0.007,2.062,0.031,2.029,0.,0.,0.,0.09,0.,0.09,0.001,0.,0.001,0.,0.,0.,0.005,0.,0.005,0.545,0.,0.545,0.011,0.,0.011,0.001,0.,0.001,0.,0.,0.,0.004,0.,0.004,0.002,0.,0.002,0.098,0.,0.098,,,,,,,1.396,0.031,1.364,,,,1.377,0.031,1.345
1962,2.48,0.,2.48,0.,0.,0.,0.008,0.,0.008,2.481,0.,2.481,0.,0.,0.,0.097,0.,0.097,0.001,0.,0.001,0.,0.,0.,0.005,0.,0.005,0.605,0.,0.605,0.012,0.,0.012,0.001,0.,0.001,0.,0.,0.,0.005,0.,0.005,0.002,0.,0.002,0.106,0.,0.106,,,,,,,1.746,0.,1.746,,,,1.725,0.,1.725
2044,2.975,0.007,2.967,0.,0.,0.,0.008,0.003,0.004,2.975,0.007,2.967,0.,0.,0.,0.103,0.,0.103,0.001,0.,0.001,0.,0.,0.,0.005,0.,0.005,0.6,0.003,0.596,0.013,0.,0.013,0.001,0.,0.001,0.,0.,0.,0.005,0.,0.005,0.002,0.,0.002,0.111,0.,0.111,,,,,,,2.241,0.,2.241,,,,2.216,0.,2.216
2049,2.19,0.,2.19,0.,0.,0.,0.007,0.,0.007,2.19,0.,2.19,0.,0.,0.,0.099,0.,0.099,0.001,0.,0.001,0.,0.,0.,0.005,0.,0.005,0.572,0.,0.572,0.011,0.,0.011,0.001,0.,0.001,0.,0.,0.,0.004,0.,0.004,0.002,0.,0.002,0.107,0.,0.107,,,,,,,1.488,0.,1.488,,,,1.468,0.,1.468
2125,2.721,0.004,2.717,0.,0.,0.,0.008,0.,0.008,2.721,0.004,2.717,0.,0.,0.,0.1,0.,0.1,0.001,0.,0.001,0.,0.,0.,0.006,0.,0.005,0.608,0.,0.608,0.012,0.,0.012,0.001,0.,0.001,0.,0.,0.,0.005,0.,0.005,0.002,0.,0.002,0.109,0.,0.109,,,,,,,1.98,0.003,1.976,,,,1.959,0.003,1.955
2169,2.354,0.003,2.35,0.,0.,0.,0.007,0.,0.007,2.354,0.003,2.35,0.,0.,0.,0.101,0.003,0.098,0.001,0.,0.001,0.,0.,0.,0.006,0.,0.006,0.63,0.,0.63,0.011,0.,0.011,0.001,0.,0.001,0.,0.,0.,0.004,0.,0.004,0.002,0.,0.002,0.11,0.003,0.106,,,,,,,1.592,0.,1.592,,,,1.572,0.,1.572
2207,3.021,0.,3.021,0.,0.,0.,0.008,0.,0.008,3.021,0.,3.021,0.,0.,0.,0.096,0.,0.096,0.004,0.,0.004,0.001,0.,0.001,0.006,0.,0.006,0.721,0.,0.721,0.012,0.,0.012,0.001,0.,0.001,0.,0.,0.,0.005,0.,0.005,0.002,0.,0.002,0.104,0.,0.104,,,,,,,2.172,0.,2.172,,,,2.148,0.,2.148
2289,3.333,0.023,3.309,0.,0.,0.,0.008,0.,0.008,3.333,0.023,3.309,0.,0.,0.,0.094,0.,0.094,0.001,0.,0.001,0.,0.,0.,0.006,0.,0.006,0.763,0.,0.763,0.012,0.,0.012,0.001,0.,0.001,0.,0.,0.,0.005,0.,0.005,0.002,0.,0.002,0.103,0.,0.103,,,,,,,2.445,0.023,2.421,,,,2.423,0.023,2.399
2370,3.383,0.003,3.379,0.,0.,0.,0.008,0.,0.008,3.383,0.003,3.379,0.,0.,0.,0.105,0.,0.105,0.001,0.,0.001,0.,0.,0.,0.006,0.,0.006,0.777,0.,0.777,0.012,0.,0.012,0.001,0.,0.001,0.,0.,0.,0.005,0.,0.005,0.002,0.,0.002,0.113,0.,0.113,,,,,,,2.47,0.003,2.466,,,,2.448,0.003,2.444
2452,3.711,0.031,3.679,0.,0.,0.,0.008,0.,0.008,3.711,0.031,3.679,0.,0.,0.,0.101,0.,0.101,0.001,0.,0.001,0.,0.,0.,0.006,0.,0.006,0.907,0.,0.907,0.012,0.,0.012,0.001,0.,0.001,0.,0.,0.,0.005,0.,0.005,0.002,0.,0.002,0.11,0.,0.11,,,,,,,2.672,0.031,2.64,,,,2.65,0.031,2.618
2534,4.002,0.04,3.962,0.,0.,0.,0.008,0.,0.008,4.003,0.04,3.963,0.,0.,0.,0.096,0.,0.096,0.001,0.,0.001,0.,0.,0.,0.007,0.,0.007,0.995,0.,0.995,0.012,0.,0.012,0.001,0.,0.001,0.,0.,0.,0.005,0.,0.005,0.002,0.,0.002,0.105,0.,0.105,,,,,,,2.879,0.039,2.839,,,,2.857,0.039,2.817
2603,3.31,0.023,3.286,0.,0.,0.,0.009,0.,0.009,3.31,0.023,3.286,0.,0.,0.,0.087,0.,0.087,0.001,0.,0.001,0.,0.,0.,0.006,0.,0.006,0.926,0.,0.926,0.011,0.,0.011,0.001,0.,0.001,0.,0.,0.,0.004,0.,0.004,0.002,0.,0.002,0.096,0.,0.096,,,,,,,2.264,0.023,2.24,,,,2.243,0.023,2.219
2616,4.633,0.004,4.629,0.,0.,0.,0.008,0.,0.008,4.634,0.004,4.63,0.,0.,0.,0.151,0.,0.151,0.001,0.,0.001,0.,0.,0.,0.007,0.,0.007,1.038,0.,1.038,0.015,0.,0.015,0.001,0.,0.001,0.,0.,0.,0.005,0.,0.005,0.006,0.,0.006,0.16,0.,0.16,,,,,,,3.413,0.004,3.409,,,,3.387,0.003,3.383
2697,4.231,0.,4.231,0.,0.,0.,0.008,0.,0.008,4.231,0.,4.231,0.,0.,0.,0.145,0.,0.145,0.001,0.,0.001,0.,0.,0.,0.007,0.,0.007,1.053,0.,1.053,0.012,0.,0.012,0.001,0.,0.001,0.,0.,0.,0.005,0.,0.005,0.002,0.,0.002,0.154,0.,0.154,,,,,,,3.001,0.,3.001,,,,2.978,0.,2.978
2779,5.226,0.,5.226,0.,0.,0.,0.008,0.,0.008,5.226,0.,5.226,0.,0.,0.,0.095,0.,0.095,0.001,0.,0.001,0.,0.,0.,0.007,0.,0.007,1.19,0.,1.19,0.012,0.,0.012,0.001,0.,0.001,0.,0.,0.,0.005,0.,0.005,0.002,0.,0.002,0.104,0.,0.104,,,,,,,3.909,0.,3.909,,,,3.886,0.,3.886
2953,5.023,0.,5.023,0.,0.,0.,0.008,0.,0.008,5.024,0.,5.024,0.,0.,0.,0.126,0.,0.126,0.001,0.,0.001,0.,0.,0.,0.007,0.,0.007,1.234,0.,1.234,0.016,0.,0.016,0.004,0.,0.004,0.,0.,0.,0.005,0.,0.005,0.002,0.,0.002,0.135,0.,0.135,,,,,,,3.632,0.,3.632,,,,3.605,0.,3.605
3036,4.41,0.06,4.35,0.,0.,0.,0.008,0.,0.008,4.41,0.06,4.35,0.,0.,0.,0.115,0.,0.115,0.001,0.,0.001,0.,0.,0.,0.007,0.,0.007,1.249,0.,1.249,0.011,0.,0.011,0.001,0.,0.001,0.,0.,0.,0.004,0.,0.004,0.002,0.,0.002,0.123,0.,0.123,,,,,,,3.015,0.059,2.955,,,,2.993,0.059,2.933
3126,5.788,0.051,5.736,0.,0.,0.,0.008,0.,0.008,5.789,0.051,5.737,0.,0.,0.,0.102,0.,0.102,0.001,0.,0.001,0.,0.,0.,0.008,0.,0.008,1.409,0.,1.409,0.012,0.,0.012,0.001,0.,0.001,0.,0.,0.,0.005,0.,0.005,0.002,0.,0.002,0.11,0.,0.11,,,,,,,4.247,0.051,4.195,,,,4.223,0.051,4.17
3300,6.51,0.052,6.458,0.,0.,0.,0.008,0.,0.008,6.511,0.052,6.459,0.,0.,0.,0.13,0.,0.13,0.001,0.,0.001,0.,0.,0.,0.009,0.,0.009,1.578,0.,1.578,0.012,0.,0.012,0.001,0.,0.001,0.,0.,0.,0.005,0.,0.005,0.002,0.,0.002,0.138,0.,0.138,,,,,,,4.771,0.052,4.719,,,,4.747,0.051,4.695
3470,5.162,0.063,5.098,0.,0.,0.,0.007,0.,0.007,5.162,0.063,5.098,0.,0.,0.,0.091,0.,0.091,0.001,0.,0.001,0.,0.,0.,0.008,0.,0.008,1.738,0.,1.738,0.011,0.,0.011,0.001,0.,0.001,0.,0.,0.,0.004,0.,0.004,0.002,0.,0.002,0.099,0.,0.099,,,,,,,3.303,0.063,3.239,,,,3.281,0.063,3.217
3474,6.943,0.003,6.939,0.,0.,0.,0.008,0.,0.008,6.944,0.003,6.94,0.,0.,0.,0.108,0.,0.108,0.001,0.,0.001,0.,0.,0.,0.009,0.,0.009,1.741,0.,1.741,0.012,0.003,0.009,0.001,0.,0.001,0.,0.,0.,0.005,0.,0.005,0.002,0.,0.002,0.117,0.,0.117,,,,,,,5.063,0.003,5.059,,,,5.038,0.,5.037
3647,8.736,0.063,8.672,0.,0.,0.,0.008,0.,0.008,8.736,0.063,8.673,0.,0.,0.,0.112,0.,0.112,0.001,0.,0.001,0.,0.,0.,0.009,0.,0.009,3.154,0.063,3.09,0.012,0.,0.012,0.001,0.,0.001,0.,0.,0.,0.005,0.,0.005,0.002,0.,0.002,0.121,0.,0.121,,,,,,,5.438,0.,5.438,,,,5.413,0.,5.413
3821,9.193,0.171,9.021,0.,0.,0.,0.008,0.,0.008,9.193,0.171,9.021,0.,0.,0.,0.097,0.,0.097,0.001,0.,0.001,0.,0.,0.,0.01,0.,0.01,2.113,0.007,2.105,0.025,0.,0.025,0.001,0.,0.001,0.,0.,0.,0.005,0.,0.005,0.002,0.,0.002,0.106,0.,0.106,,,,,,,6.951,0.163,6.787,,,,6.912,0.163,6.748
3903,6.856,0.,6.856,0.,0.,0.,0.007,0.,0.007,6.856,0.,6.856,0.,0.,0.,0.084,0.,0.084,0.001,0.,0.001,0.,0.,0.,0.009,0.,0.009,1.965,0.,1.965,0.01,0.,0.01,0.001,0.,0.001,0.,0.,0.,0.004,0.,0.004,0.002,0.,0.002,0.092,0.,0.092,,,,,,,4.776,0.,4.776,,,,4.753,0.,4.753
3994,10.405,0.248,10.157,0.,0.,0.,0.008,0.,0.008,10.405,0.248,10.157,0.,0.,0.,0.114,0.,0.114,0.001,0.,0.001,0.,0.,0.,0.01,0.,0.01,2.346,0.,2.346,0.012,0.,0.012,0.001,0.,0.001,0.,0.,0.,0.005,0.,0.005,0.002,0.,0.002,0.122,0.,0.122,,,,,,,7.913,0.247,7.665,,,,7.887,0.247,7.639
4168,10.498,0.087,10.41,0.,0.,0.,0.008,0.,0.008,10.5,0.087,10.411,0.,0.,0.,0.097,0.,0.097,0.001,0.,0.001,0.,0.,0.,0.011,0.,0.011,2.481,0.004,2.477,0.018,0.003,0.014,0.001,0.,0.001,0.,0.,0.,0.005,0.,0.005,0.008,0.003,0.004,0.105,0.,0.105,,,,,,,7.889,0.083,7.805,,,,7.856,0.079,7.776
4337,7.571,0.199,7.371,0.,0.,0.,0.007,0.,0.007,7.571,0.199,7.371,0.,0.,0.,0.091,0.,0.091,0.001,0.,0.001,0.,0.,0.,0.01,0.,0.01,2.413,0.,2.413,0.01,0.,0.01,0.001,0.,0.001,0.,0.,0.,0.004,0.,0.004,0.002,0.,0.002,0.099,0.,0.099,,,,,,,5.037,0.199,4.837,,,,5.014,0.199,4.814
5557,18.171,0.04,18.13,0.,0.,0.,0.009,0.,0.009,18.171,0.04,18.131,0.,0.,0.,0.097,0.,0.097,0.001,0.,0.001,0.,0.,0.,0.015,0.,0.015,4.247,0.004,4.243,0.012,0.,0.012,0.001,0.,0.001,0.,0.,0.,0.005,0.,0.005,0.002,0.,0.002,0.105,0.,0.105,,,,,,,13.795,0.035,13.759,,,,13.764,0.035,13.728
6946,29.329,0.171,29.156,0.,0.,0.,0.008,0.,0.008,29.329,0.171,29.157,0.,0.,0.,0.108,0.,0.108,0.001,0.,0.001,0.001,0.,0.001,0.019,0.,0.019,6.305,0.012,6.293,0.016,0.,0.016,0.001,0.,0.001,0.,0.,0.,0.005,0.,0.005,0.006,0.,0.006,0.117,0.,0.117,,,,,,,22.884,0.159,22.724,,,,22.845,0.159,22.685
8335,47.269,0.735,46.533,0.,0.,0.,0.008,0.,0.008,47.27,0.735,46.533,0.,0.,0.,0.13,0.,0.13,0.001,0.,0.001,0.,0.,0.,0.021,0.,0.021,8.641,0.,8.641,0.012,0.,0.012,0.001,0.,0.001,0.,0.,0.,0.005,0.,0.005,0.002,0.,0.002,0.138,0.,0.138,,,,,,,38.467,0.735,37.731,,,,38.43,0.735,37.694
9724,54.654,0.247,54.406,0.,0.,0.,0.06,0.,0.06,54.655,0.247,54.406,0.,0.,0.,0.094,0.,0.094,0.001,0.,0.001,0.,0.,0.,0.024,0.,0.024,11.134,0.,11.134,0.024,0.,0.024,0.001,0.,0.001,0.,0.,0.,0.005,0.,0.005,0.002,0.,0.002,0.103,0.,0.103,,,,,,,43.343,0.247,43.094,,,,43.291,0.247,43.042
11113,60.803,0.235,60.567,0.,0.,0.,0.008,0.,0.008,60.803,0.235,60.568,0.,0.,0.,0.092,0.,0.092,0.001,0.,0.001,0.,0.,0.,0.027,0.,0.027,15.004,0.007,14.996,0.012,0.,0.012,0.001,0.,0.001,0.,0.,0.,0.005,0.,0.005,0.002,0.,0.002,0.101,0.,0.101,,,,,,,45.676,0.228,45.448,,,,45.633,0.227,45.405